           1  0.903269016756258        9.48800462967170     
           2  0.804051544851044        6.40296302605675     
           3  0.602052657447560        4.11509043092454     
           4  0.501866158189287        3.55575021602376     
           5  0.399694860583434        3.13978937834371     
           6  0.301158507701292        2.81117489495065     
           7  0.205346444050076        2.50102001540579     
           8  0.202450889381161        4.06237392396569     
           9  0.301538478396521        4.67680415026558     
          10  0.402014946835827        5.13554485075695     
          11  0.504570952907477        5.48548398031040     
          12  0.604736568670243        5.78335717879977     
          13  0.803383624472688        6.99045622185386     
          14  0.901823325566936        9.24886535814923     
          15   9.19948983297535     
          16   1.02449809264555     
