 >> Number of Processors =   1
 Calc con  0.000000000000000E+000  0.000000000000000E+000
  0.000000000000000E+000  0.000000000000000E+000  0.000000000000000E+000
  0.000000000000000E+000  0.000000000000000E+000  0.000000000000000E+000
  0.000000000000000E+000  0.000000000000000E+000  0.000000000000000E+000
  0.000000000000000E+000  0.000000000000000E+000  0.000000000000000E+000
  3.490658503988659E-002  0.590000000000000     
 Design variables:  0.000000000000000E+000  0.000000000000000E+000
  0.000000000000000E+000  0.000000000000000E+000  0.000000000000000E+000
  0.000000000000000E+000  0.000000000000000E+000  0.000000000000000E+000
  0.000000000000000E+000  0.000000000000000E+000  0.000000000000000E+000
  0.000000000000000E+000  0.000000000000000E+000  0.000000000000000E+000
  3.490658503988659E-002  0.590000000000000     
 Constraint value, mean lift and its standard deviation:  0.494134790637400     
  0.305865209362600       0.000000000000000E+000
 Calc obj  0.000000000000000E+000  0.000000000000000E+000
  0.000000000000000E+000  0.000000000000000E+000  0.000000000000000E+000
  0.000000000000000E+000  0.000000000000000E+000  0.000000000000000E+000
  0.000000000000000E+000  0.000000000000000E+000  0.000000000000000E+000
  0.000000000000000E+000  0.000000000000000E+000  0.000000000000000E+000
  3.490658503988659E-002  0.590000000000000     
 Design variables:  0.000000000000000E+000  0.000000000000000E+000
  0.000000000000000E+000  0.000000000000000E+000  0.000000000000000E+000
  0.000000000000000E+000  0.000000000000000E+000  0.000000000000000E+000
  0.000000000000000E+000  0.000000000000000E+000  0.000000000000000E+000
  0.000000000000000E+000  0.000000000000000E+000  0.000000000000000E+000
  3.490658503988659E-002  0.590000000000000     
 Mean drag value and variance:  4.009676371448370E-004  0.000000000000000E+000
 
 iter    objective      ||grad||        inf_pr          inf_du         lg(mu)
    0  0.4009676E-03  0.0000000E+00  0.5041348E+00  0.9960624E+00  0.1000000E+01
 Calc con  6.258875833866551E-004  4.440529790614057E-004
  2.502556802164050E-003  2.223993402925652E-003  1.987718769244181E-003
  1.770630349519930E-003  1.540618626151532E-003  1.851412868239476E-003
  2.044752199200589E-003  2.220696656739136E-003  2.417533596256651E-003
  2.665053451461778E-003  4.570069557936049E-004  6.306111423295466E-004
  8.747300470438296E-002  0.573024806170694     
 Design variables:  6.258875833866551E-004  4.440529790614057E-004
  2.502556802164050E-003  2.223993402925652E-003  1.987718769244181E-003
  1.770630349519930E-003  1.540618626151532E-003  1.851412868239476E-003
  2.044752199200589E-003  2.220696656739136E-003  2.417533596256651E-003
  2.665053451461778E-003  4.570069557936049E-004  6.306111423295466E-004
  8.747300470438296E-002  0.573024806170694     
 Constraint value, mean lift and its standard deviation: -6.251069494010109E-002
  0.862510694940101       0.000000000000000E+000
 Calc obj  6.258875833866551E-004  4.440529790614057E-004
  2.502556802164050E-003  2.223993402925652E-003  1.987718769244181E-003
  1.770630349519930E-003  1.540618626151532E-003  1.851412868239476E-003
  2.044752199200589E-003  2.220696656739136E-003  2.417533596256651E-003
  2.665053451461778E-003  4.570069557936049E-004  6.306111423295466E-004
  8.747300470438296E-002  0.573024806170694     
 Design variables:  6.258875833866551E-004  4.440529790614057E-004
  2.502556802164050E-003  2.223993402925652E-003  1.987718769244181E-003
  1.770630349519930E-003  1.540618626151532E-003  1.851412868239476E-003
  2.044752199200589E-003  2.220696656739136E-003  2.417533596256651E-003
  2.665053451461778E-003  4.570069557936049E-004  6.306111423295466E-004
  8.747300470438296E-002  0.573024806170694     
 Mean drag value and variance:  2.933948532928212E-003  0.000000000000000E+000
    1  0.2933949E-02  0.5574100E-01  0.3230299E-02  0.3019535E+00  0.5686226E-01
 Calc con  6.069545482337852E-004  4.307261957666079E-004
  2.469825822811946E-003  2.197754703830722E-003  1.967558126603739E-003
  1.756173852319555E-003  1.531530991794732E-003  1.935849369357011E-003
  2.188857794736899E-003  2.318617886398927E-003  2.443631529456113E-003
  2.648678209895871E-003  4.433773991617028E-004  6.115611457087621E-004
  8.888672527812888E-002  0.565905182040971     
 Design variables:  6.069545482337852E-004  4.307261957666079E-004
  2.469825822811946E-003  2.197754703830722E-003  1.967558126603739E-003
  1.756173852319555E-003  1.531530991794732E-003  1.935849369357011E-003
  2.188857794736899E-003  2.318617886398927E-003  2.443631529456113E-003
  2.648678209895871E-003  4.433773991617028E-004  6.115611457087621E-004
  8.888672527812888E-002  0.565905182040971     
 Constraint value, mean lift and its standard deviation: -6.870731089582660E-002
  0.868707310895827       0.000000000000000E+000
 Calc obj  6.069545482337852E-004  4.307261957666079E-004
  2.469825822811946E-003  2.197754703830722E-003  1.967558126603739E-003
  1.756173852319555E-003  1.531530991794732E-003  1.935849369357011E-003
  2.188857794736899E-003  2.318617886398927E-003  2.443631529456113E-003
  2.648678209895871E-003  4.433773991617028E-004  6.115611457087621E-004
  8.888672527812888E-002  0.565905182040971     
 Design variables:  6.069545482337852E-004  4.307261957666079E-004
  2.469825822811946E-003  2.197754703830722E-003  1.967558126603739E-003
  1.756173852319555E-003  1.531530991794732E-003  1.935849369357011E-003
  2.188857794736899E-003  2.318617886398927E-003  2.443631529456113E-003
  2.648678209895871E-003  4.433773991617028E-004  6.115611457087621E-004
  8.888672527812888E-002  0.565905182040971     
 Mean drag value and variance:  2.801373008062323E-003  0.000000000000000E+000
    2  0.2801373E-02  0.7119624E-02  0.2804873E-03  0.4259883E-01  0.1827224E-02
 Calc con  5.428843605155770E-004  3.850020824597710E-004
  2.295623040424013E-003  2.056216445115016E-003  1.857431888502049E-003
  1.675495421507998E-003  1.476822341716109E-003  2.904403342248224E-003
  2.179318078385995E-003  1.721658475781227E-003  1.871821651180587E-003
  2.337578661326455E-003  3.966130796249912E-004  5.476768477489469E-004
  9.065132792473261E-002  0.544720649762979     
 Design variables:  5.428843605155770E-004  3.850020824597710E-004
  2.295623040424013E-003  2.056216445115016E-003  1.857431888502049E-003
  1.675495421507998E-003  1.476822341716109E-003  2.904403342248224E-003
  2.179318078385995E-003  1.721658475781227E-003  1.871821651180587E-003
  2.337578661326455E-003  3.966130796249912E-004  5.476768477489469E-004
  9.065132792473261E-002  0.544720649762979     
 Constraint value, mean lift and its standard deviation: -5.685065181687143E-002
  0.856850651816871       0.000000000000000E+000
 Calc obj  5.428843605155770E-004  3.850020824597710E-004
  2.295623040424013E-003  2.056216445115016E-003  1.857431888502049E-003
  1.675495421507998E-003  1.476822341716109E-003  2.904403342248224E-003
  2.179318078385995E-003  1.721658475781227E-003  1.871821651180587E-003
  2.337578661326455E-003  3.966130796249912E-004  5.476768477489469E-004
  9.065132792473261E-002  0.544720649762979     
 Design variables:  5.428843605155770E-004  3.850020824597710E-004
  2.295623040424013E-003  2.056216445115016E-003  1.857431888502049E-003
  1.675495421507998E-003  1.476822341716109E-003  2.904403342248224E-003
  2.179318078385995E-003  1.721658475781227E-003  1.871821651180587E-003
  2.337578661326455E-003  3.966130796249912E-004  5.476768477489469E-004
  9.065132792473261E-002  0.544720649762979     
 Mean drag value and variance:  2.402260000872781E-003  0.000000000000000E+000
    3  0.2402260E-02  0.2118453E-01  0.3034382E-02  0.4145312E-01  0.2168603E-03
 Calc con  4.478988276898206E-004  3.160382285108778E-004
  1.686337230285760E-003  1.479174313955553E-003  1.322908745841114E-003
  1.183177006832101E-003  1.006885289475551E-003  2.724501251705386E-003
  9.193180336845980E-004 -4.340565140995281E-004  1.168402220562762E-003
  2.289143814634556E-003  3.325843591065738E-004  4.545051626517113E-004
  9.228521427780920E-002  0.518401232908187     
 Design variables:  4.478988276898206E-004  3.160382285108778E-004
  1.686337230285760E-003  1.479174313955553E-003  1.322908745841114E-003
  1.183177006832101E-003  1.006885289475551E-003  2.724501251705386E-003
  9.193180336845980E-004 -4.340565140995281E-004  1.168402220562762E-003
  2.289143814634556E-003  3.325843591065738E-004  4.545051626517113E-004
  9.228521427780920E-002  0.518401232908187     
 Constraint value, mean lift and its standard deviation: -1.839478309167986E-002
  0.818394783091680       0.000000000000000E+000
 Calc obj  4.478988276898206E-004  3.160382285108778E-004
  1.686337230285760E-003  1.479174313955553E-003  1.322908745841114E-003
  1.183177006832101E-003  1.006885289475551E-003  2.724501251705386E-003
  9.193180336845980E-004 -4.340565140995281E-004  1.168402220562762E-003
  2.289143814634556E-003  3.325843591065738E-004  4.545051626517113E-004
  9.228521427780920E-002  0.518401232908187     
 Design variables:  4.478988276898206E-004  3.160382285108778E-004
  1.686337230285760E-003  1.479174313955553E-003  1.322908745841114E-003
  1.183177006832101E-003  1.006885289475551E-003  2.724501251705386E-003
  9.193180336845980E-004 -4.340565140995281E-004  1.168402220562762E-003
  2.289143814634556E-003  3.325843591065738E-004  4.545051626517113E-004
  9.228521427780920E-002  0.518401232908187     
 Mean drag value and variance:  2.128338385027052E-003  0.000000000000000E+000
    4  0.2128338E-02  0.4414422E-01  0.2653967E-02  0.9398393E-02  0.3771615E-04
 Calc con  3.594033844507295E-004  2.522260400362577E-004
  1.495250299616376E-003  1.426877100953048E-003  1.440428727755903E-003
  1.417187200125157E-003  1.152996709213912E-003  5.825060316955294E-004
 -4.441366113642402E-004 -4.054618034479773E-004  1.497626067313996E-003
  2.708998084222892E-003  2.813766299815302E-004  3.718972252330786E-004
  9.383400790969589E-002  0.496952200979070     
 Design variables:  3.594033844507295E-004  2.522260400362577E-004
  1.495250299616376E-003  1.426877100953048E-003  1.440428727755903E-003
  1.417187200125157E-003  1.152996709213912E-003  5.825060316955294E-004
 -4.441366113642402E-004 -4.054618034479773E-004  1.497626067313996E-003
  2.708998084222892E-003  2.813766299815302E-004  3.718972252330786E-004
  9.383400790969589E-002  0.496952200979070     
 Constraint value, mean lift and its standard deviation: -4.080862426835585E-003
  0.804080862426836       0.000000000000000E+000
 Calc obj  3.594033844507295E-004  2.522260400362577E-004
  1.495250299616376E-003  1.426877100953048E-003  1.440428727755903E-003
  1.417187200125157E-003  1.152996709213912E-003  5.825060316955294E-004
 -4.441366113642402E-004 -4.054618034479773E-004  1.497626067313996E-003
  2.708998084222892E-003  2.813766299815302E-004  3.718972252330786E-004
  9.383400790969589E-002  0.496952200979070     
 Design variables:  3.594033844507295E-004  2.522260400362577E-004
  1.495250299616376E-003  1.426877100953048E-003  1.440428727755903E-003
  1.417187200125157E-003  1.152996709213912E-003  5.825060316955294E-004
 -4.441366113642402E-004 -4.054618034479773E-004  1.497626067313996E-003
  2.708998084222892E-003  2.813766299815302E-004  3.718972252330786E-004
  9.383400790969589E-002  0.496952200979070     
 Mean drag value and variance:  2.024909847753282E-003  0.000000000000000E+000
    5  0.2024910E-02  0.2144903E-01  0.1237260E-02  0.1552406E-02  0.8343932E-05
 Calc con  2.910162033486936E-004  2.040502274332284E-004
  1.906087396635851E-003  1.970970374093140E-003  2.153888826733543E-003
  2.183895462570447E-003  1.478921618499536E-003 -9.983581642475856E-003
 -3.278186060232185E-004  2.278149602662893E-003  2.718394483494749E-003
  2.959311323681703E-003  2.448975422433114E-004  3.125782558676385E-004
  9.968092041538680E-002  0.445031092023690     
 Design variables:  2.910162033486936E-004  2.040502274332284E-004
  1.906087396635851E-003  1.970970374093140E-003  2.153888826733543E-003
  2.183895462570447E-003  1.478921618499536E-003 -9.983581642475856E-003
 -3.278186060232185E-004  2.278149602662893E-003  2.718394483494749E-003
  2.959311323681703E-003  2.448975422433114E-004  3.125782558676385E-004
  9.968092041538680E-002  0.445031092023690     
 Constraint value, mean lift and its standard deviation: -6.332351247054446E-003
  0.806332351247054       0.000000000000000E+000
 Calc obj  2.910162033486936E-004  2.040502274332284E-004
  1.906087396635851E-003  1.970970374093140E-003  2.153888826733543E-003
  2.183895462570447E-003  1.478921618499536E-003 -9.983581642475856E-003
 -3.278186060232185E-004  2.278149602662893E-003  2.718394483494749E-003
  2.959311323681703E-003  2.448975422433114E-004  3.125782558676385E-004
  9.968092041538680E-002  0.445031092023690     
 Design variables:  2.910162033486936E-004  2.040502274332284E-004
  1.906087396635851E-003  1.970970374093140E-003  2.153888826733543E-003
  2.183895462570447E-003  1.478921618499536E-003 -9.983581642475856E-003
 -3.278186060232185E-004  2.278149602662893E-003  2.718394483494749E-003
  2.959311323681703E-003  2.448975422433114E-004  3.125782558676385E-004
  9.968092041538680E-002  0.445031092023690     
 Mean drag value and variance:  2.027100182717172E-003  0.000000000000000E+000
 Calc con  2.909895757876174E-004  2.040310956551835E-004
  1.902612658233558E-003  1.967594542841017E-003  2.150406984046039E-003
  2.180449440576946E-003  1.476390276323238E-003 -9.983581642475856E-003
 -3.380474258992389E-004  2.263177513964834E-003  2.708672995085305E-003
  2.953347459473747E-003  2.448379965528222E-004  3.125285074163221E-004
  9.951005543646077E-002  0.445583237348718     
 Design variables:  2.909895757876174E-004  2.040310956551835E-004
  1.902612658233558E-003  1.967594542841017E-003  2.150406984046039E-003
  2.180449440576946E-003  1.476390276323238E-003 -9.983581642475856E-003
 -3.380474258992389E-004  2.263177513964834E-003  2.708672995085305E-003
  2.953347459473747E-003  2.448379965528222E-004  3.125285074163221E-004
  9.951005543646077E-002  0.445583237348718     
 Constraint value, mean lift and its standard deviation: -5.097865872734642E-003
  0.805097865872735       0.000000000000000E+000
 Calc obj  2.909895757876174E-004  2.040310956551835E-004
  1.902612658233558E-003  1.967594542841017E-003  2.150406984046039E-003
  2.180449440576946E-003  1.476390276323238E-003 -9.983581642475856E-003
 -3.380474258992389E-004  2.263177513964834E-003  2.708672995085305E-003
  2.953347459473747E-003  2.448379965528222E-004  3.125285074163221E-004
  9.951005543646077E-002  0.445583237348718     
 Design variables:  2.909895757876174E-004  2.040310956551835E-004
  1.902612658233558E-003  1.967594542841017E-003  2.150406984046039E-003
  2.180449440576946E-003  1.476390276323238E-003 -9.983581642475856E-003
 -3.380474258992389E-004  2.263177513964834E-003  2.708672995085305E-003
  2.953347459473747E-003  2.448379965528222E-004  3.125285074163221E-004
  9.951005543646077E-002  0.445583237348718     
 Mean drag value and variance:  2.023446817875998E-003  0.000000000000000E+000
 Calc con  2.909896813403026E-004  2.040311714942941E-004
  1.902626432229324E-003  1.967607924765029E-003  2.150420786203389E-003
  2.180463100739670E-003  1.476400310660276E-003 -9.983581642475857E-003
 -3.380068784663925E-004  2.263236863896735E-003  2.708711531436972E-003
  2.953371100459284E-003  2.448382325942218E-004  3.125287046210969E-004
  9.951073275176391E-002  0.445581048623560     
 Design variables:  2.909896813403026E-004  2.040311714942941E-004
  1.902626432229324E-003  1.967607924765029E-003  2.150420786203389E-003
  2.180463100739670E-003  1.476400310660276E-003 -9.983581642475857E-003
 -3.380068784663925E-004  2.263236863896735E-003  2.708711531436972E-003
  2.953371100459284E-003  2.448382325942218E-004  3.125287046210969E-004
  9.951073275176391E-002  0.445581048623560     
 Constraint value, mean lift and its standard deviation: -5.102759882252950E-003
  0.805102759882253       0.000000000000000E+000
 Calc obj  2.909896813403026E-004  2.040311714942941E-004
  1.902626432229324E-003  1.967607924765029E-003  2.150420786203389E-003
  2.180463100739670E-003  1.476400310660276E-003 -9.983581642475857E-003
 -3.380068784663925E-004  2.263236863896735E-003  2.708711531436972E-003
  2.953371100459284E-003  2.448382325942218E-004  3.125287046210969E-004
  9.951073275176391E-002  0.445581048623560     
 Design variables:  2.909896813403026E-004  2.040311714942941E-004
  1.902626432229324E-003  1.967607924765029E-003  2.150420786203389E-003
  2.180463100739670E-003  1.476400310660276E-003 -9.983581642475857E-003
 -3.380068784663925E-004  2.263236863896735E-003  2.708711531436972E-003
  2.953371100459284E-003  2.448382325942218E-004  3.125287046210969E-004
  9.951073275176391E-002  0.445581048623560     
 Mean drag value and variance:  2.023461354521179E-003  0.000000000000000E+000
 Calc con  3.252097938997116E-004  2.281381337347431E-004
  1.700668848126114E-003  1.698923737523094E-003  1.797158777244723E-003
  1.800541331347802E-003  1.315959163856724E-003 -4.700537805390164E-003
 -3.859776086937294E-004  9.363438996074576E-004  2.108010275404372E-003
  2.834154703952297E-003  2.631370861124208E-004  3.422377405503585E-004
  9.675746416254134E-002  0.470991646501380     
 Design variables:  3.252097938997116E-004  2.281381337347431E-004
  1.700668848126114E-003  1.698923737523094E-003  1.797158777244723E-003
  1.800541331347802E-003  1.315959163856724E-003 -4.700537805390164E-003
 -3.859776086937294E-004  9.363438996074576E-004  2.108010275404372E-003
  2.834154703952297E-003  2.631370861124208E-004  3.422377405503585E-004
  9.675746416254134E-002  0.470991646501380     
 Constraint value, mean lift and its standard deviation: -4.535127490374657E-003
  0.804535127490375       0.000000000000000E+000
 Calc obj  3.252097938997116E-004  2.281381337347431E-004
  1.700668848126114E-003  1.698923737523094E-003  1.797158777244723E-003
  1.800541331347802E-003  1.315959163856724E-003 -4.700537805390164E-003
 -3.859776086937294E-004  9.363438996074576E-004  2.108010275404372E-003
  2.834154703952297E-003  2.631370861124208E-004  3.422377405503585E-004
  9.675746416254134E-002  0.470991646501380     
 Design variables:  3.252097938997116E-004  2.281381337347431E-004
  1.700668848126114E-003  1.698923737523094E-003  1.797158777244723E-003
  1.800541331347802E-003  1.315959163856724E-003 -4.700537805390164E-003
 -3.859776086937294E-004  9.363438996074576E-004  2.108010275404372E-003
  2.834154703952297E-003  2.631370861124208E-004  3.422377405503585E-004
  9.675746416254134E-002  0.470991646501380     
 Mean drag value and variance:  1.999083614266375E-003  0.000000000000000E+000
    6  0.1999084E-02  0.1369997E+00  0.1947059E-02  0.1784203E-01  0.5985509E-05
 Calc con -1.218040026055694E-003 -8.714316664559063E-004
 -1.963492632195345E-003 -1.752010733045249E-003 -1.720216250745945E-003
 -1.837854585327926E-003 -2.131475150147080E-003 -9.843739114142311E-003
 -7.841447297084535E-003  3.269909826865319E-003 -1.181571255606373E-003
 -4.929720774741499E-003 -9.488520604366531E-004 -1.234087522594496E-003
  0.130983563902660       0.321105351551301     
 Design variables: -1.218040026055694E-003 -8.714316664559063E-004
 -1.963492632195345E-003 -1.752010733045249E-003 -1.720216250745945E-003
 -1.837854585327926E-003 -2.131475150147080E-003 -9.843739114142311E-003
 -7.841447297084535E-003  3.269909826865319E-003 -1.181571255606373E-003
 -4.929720774741499E-003 -9.488520604366531E-004 -1.234087522594496E-003
  0.130983563902660       0.321105351551301     
 Constraint value, mean lift and its standard deviation: -2.548280666659319E-002
  0.825482806666593       0.000000000000000E+000
 Calc obj -1.218040026055694E-003 -8.714316664559063E-004
 -1.963492632195345E-003 -1.752010733045249E-003 -1.720216250745945E-003
 -1.837854585327926E-003 -2.131475150147080E-003 -9.843739114142311E-003
 -7.841447297084535E-003  3.269909826865319E-003 -1.181571255606373E-003
 -4.929720774741499E-003 -9.488520604366531E-004 -1.234087522594496E-003
  0.130983563902660       0.321105351551301     
 Design variables: -1.218040026055694E-003 -8.714316664559063E-004
 -1.963492632195345E-003 -1.752010733045249E-003 -1.720216250745945E-003
 -1.837854585327926E-003 -2.131475150147080E-003 -9.843739114142311E-003
 -7.841447297084535E-003  3.269909826865319E-003 -1.181571255606373E-003
 -4.929720774741499E-003 -9.488520604366531E-004 -1.234087522594496E-003
  0.130983563902660       0.321105351551301     
 Mean drag value and variance:  2.057140487179033E-003  0.000000000000000E+000
 Calc con -1.217561820082745E-003 -8.705490736784743E-004
 -1.909757744377017E-003 -1.684481027194457E-003 -1.639987985351672E-003
 -1.745060754810708E-003 -2.030875378885428E-003 -9.681905562525243E-003
 -8.158206593230511E-003  2.832506917332578E-003 -1.368724011261472E-003
 -5.042634228127471E-003 -9.492896584867329E-004 -1.234087522594496E-003
  0.129123341631170       0.325510811242307     
 Design variables: -1.217561820082745E-003 -8.705490736784743E-004
 -1.909757744377017E-003 -1.684481027194457E-003 -1.639987985351672E-003
 -1.745060754810708E-003 -2.030875378885428E-003 -9.681905562525243E-003
 -8.158206593230511E-003  2.832506917332578E-003 -1.368724011261472E-003
 -5.042634228127471E-003 -9.492896584867329E-004 -1.234087522594496E-003
  0.129123341631170       0.325510811242307     
 Constraint value, mean lift and its standard deviation: -1.154548290876845E-002
  0.811545482908768       0.000000000000000E+000
 Calc obj -1.217561820082745E-003 -8.705490736784743E-004
 -1.909757744377017E-003 -1.684481027194457E-003 -1.639987985351672E-003
 -1.745060754810708E-003 -2.030875378885428E-003 -9.681905562525243E-003
 -8.158206593230511E-003  2.832506917332578E-003 -1.368724011261472E-003
 -5.042634228127471E-003 -9.492896584867329E-004 -1.234087522594496E-003
  0.129123341631170       0.325510811242307     
 Design variables: -1.217561820082745E-003 -8.705490736784743E-004
 -1.909757744377017E-003 -1.684481027194457E-003 -1.639987985351672E-003
 -1.745060754810708E-003 -2.030875378885428E-003 -9.681905562525243E-003
 -8.158206593230511E-003  2.832506917332578E-003 -1.368724011261472E-003
 -5.042634228127471E-003 -9.492896584867329E-004 -1.234087522594496E-003
  0.129123341631170       0.325510811242307     
 Mean drag value and variance:  1.995440783944738E-003  0.000000000000000E+000
 Calc con -1.217547051352101E-003 -8.705218160201828E-004
 -1.908098216621556E-003 -1.682395465546710E-003 -1.637510246240115E-003
 -1.742194945584182E-003 -2.027768493965480E-003 -9.676907556911751E-003
 -8.167989266366124E-003  2.818998332902144E-003 -1.374503965500898E-003
 -5.046121404102875E-003 -9.493031730977972E-004 -1.234087522594497E-003
  0.129065891236892       0.325646867777154     
 Design variables: -1.217547051352101E-003 -8.705218160201828E-004
 -1.908098216621556E-003 -1.682395465546710E-003 -1.637510246240115E-003
 -1.742194945584182E-003 -2.027768493965480E-003 -9.676907556911751E-003
 -8.167989266366124E-003  2.818998332902144E-003 -1.374503965500898E-003
 -5.046121404102875E-003 -9.493031730977972E-004 -1.234087522594497E-003
  0.129065891236892       0.325646867777154     
 Constraint value, mean lift and its standard deviation: -1.111495668746976E-002
  0.811114956687470       0.000000000000000E+000
 Calc obj -1.217547051352101E-003 -8.705218160201828E-004
 -1.908098216621556E-003 -1.682395465546710E-003 -1.637510246240115E-003
 -1.742194945584182E-003 -2.027768493965480E-003 -9.676907556911751E-003
 -8.167989266366124E-003  2.818998332902144E-003 -1.374503965500898E-003
 -5.046121404102875E-003 -9.493031730977972E-004 -1.234087522594497E-003
  0.129065891236892       0.325646867777154     
 Design variables: -1.217547051352101E-003 -8.705218160201828E-004
 -1.908098216621556E-003 -1.682395465546710E-003 -1.637510246240115E-003
 -1.742194945584182E-003 -2.027768493965480E-003 -9.676907556911751E-003
 -8.167989266366124E-003  2.818998332902144E-003 -1.374503965500898E-003
 -5.046121404102875E-003 -9.493031730977972E-004 -1.234087522594497E-003
  0.129065891236892       0.325646867777154     
 Mean drag value and variance:  1.993546508370869E-003  0.000000000000000E+000
 Calc con -1.217546597730614E-003 -8.705209788013478E-004
 -1.908047244235062E-003 -1.682331407531396E-003 -1.637434142496005E-003
 -1.742106922268479E-003 -2.027673066011084E-003 -9.676754043194928E-003
 -8.168289741121488E-003  2.818583416800604E-003 -1.374681496765654E-003
 -5.046228512695018E-003 -9.493035881990056E-004 -1.234087522594496E-003
  0.129064126648326       0.325651046752925     
 Design variables: -1.217546597730614E-003 -8.705209788013478E-004
 -1.908047244235062E-003 -1.682331407531396E-003 -1.637434142496005E-003
 -1.742106922268479E-003 -2.027673066011084E-003 -9.676754043194928E-003
 -8.168289741121488E-003  2.818583416800604E-003 -1.374681496765654E-003
 -5.046228512695018E-003 -9.493035881990056E-004 -1.234087522594496E-003
  0.129064126648326       0.325651046752925     
 Constraint value, mean lift and its standard deviation: -1.110173298607586E-002
  0.811101732986076       0.000000000000000E+000
 Calc obj -1.217546597730614E-003 -8.705209788013478E-004
 -1.908047244235062E-003 -1.682331407531396E-003 -1.637434142496005E-003
 -1.742106922268479E-003 -2.027673066011084E-003 -9.676754043194928E-003
 -8.168289741121488E-003  2.818583416800604E-003 -1.374681496765654E-003
 -5.046228512695018E-003 -9.493035881990056E-004 -1.234087522594496E-003
  0.129064126648326       0.325651046752925     
 Design variables: -1.217546597730614E-003 -8.705209788013478E-004
 -1.908047244235062E-003 -1.682331407531396E-003 -1.637434142496005E-003
 -1.742106922268479E-003 -2.027673066011084E-003 -9.676754043194928E-003
 -8.168289741121488E-003  2.818583416800604E-003 -1.374681496765654E-003
 -5.046228512695018E-003 -9.493035881990056E-004 -1.234087522594496E-003
  0.129064126648326       0.325651046752925     
 Mean drag value and variance:  1.993488334526653E-003  0.000000000000000E+000
 Calc con -4.464151160779911E-004 -3.216467663605816E-004
 -1.314118920346158E-004 -2.654349776107755E-005  3.847126324938864E-005
 -1.865662699006222E-005 -4.077579931451782E-004 -7.272138459766238E-003
 -4.113712452889132E-003  2.103126863236388E-003  4.632195098989997E-004
 -1.047783035394600E-003 -3.428574871621162E-004 -4.459248910220689E-004
  0.113870514032600       0.396048499026341     
 Design variables: -4.464151160779911E-004 -3.216467663605816E-004
 -1.314118920346158E-004 -2.654349776107755E-005  3.847126324938864E-005
 -1.865662699006222E-005 -4.077579931451782E-004 -7.272138459766238E-003
 -4.113712452889132E-003  2.103126863236388E-003  4.632195098989997E-004
 -1.047783035394600E-003 -3.428574871621162E-004 -4.459248910220689E-004
  0.113870514032600       0.396048499026341     
 Constraint value, mean lift and its standard deviation: -1.131492647226906E-002
  0.811314926472269       0.000000000000000E+000
 Calc obj -4.464151160779911E-004 -3.216467663605816E-004
 -1.314118920346158E-004 -2.654349776107755E-005  3.847126324938864E-005
 -1.865662699006222E-005 -4.077579931451782E-004 -7.272138459766238E-003
 -4.113712452889132E-003  2.103126863236388E-003  4.632195098989997E-004
 -1.047783035394600E-003 -3.428574871621162E-004 -4.459248910220689E-004
  0.113870514032600       0.396048499026341     
 Design variables: -4.464151160779911E-004 -3.216467663605816E-004
 -1.314118920346158E-004 -2.654349776107755E-005  3.847126324938864E-005
 -1.865662699006222E-005 -4.077579931451782E-004 -7.272138459766238E-003
 -4.113712452889132E-003  2.103126863236388E-003  4.632195098989997E-004
 -1.047783035394600E-003 -3.428574871621162E-004 -4.459248910220689E-004
  0.113870514032600       0.396048499026341     
 Mean drag value and variance:  1.965222618951525E-003  0.000000000000000E+000
    7  0.1965223E-02  0.1818501E+00  0.6245483E-02  0.2472500E-02  0.3796666E-04
 Calc con -3.759578302590093E-004 -2.686966095079098E-004
  9.556714069729843E-004  1.202116541108386E-003  1.377128719281354E-003
  1.259077879533524E-003  2.624497909376785E-004 -8.258539442249085E-003
 -5.211161974396150E-003  1.869731132544883E-003  7.920240120900045E-004
 -3.084283428929734E-004 -2.837056152891706E-004 -3.733969440513878E-004
  0.110532018775531       0.396406793392670     
 Design variables: -3.759578302590093E-004 -2.686966095079098E-004
  9.556714069729843E-004  1.202116541108386E-003  1.377128719281354E-003
  1.259077879533524E-003  2.624497909376785E-004 -8.258539442249085E-003
 -5.211161974396150E-003  1.869731132544883E-003  7.920240120900045E-004
 -3.084283428929734E-004 -2.837056152891706E-004 -3.733969440513878E-004
  0.110532018775531       0.396406793392670     
 Constraint value, mean lift and its standard deviation: -1.189317883091512E-003
  0.801189317883092       0.000000000000000E+000
 Calc obj -3.759578302590093E-004 -2.686966095079098E-004
  9.556714069729843E-004  1.202116541108386E-003  1.377128719281354E-003
  1.259077879533524E-003  2.624497909376785E-004 -8.258539442249085E-003
 -5.211161974396150E-003  1.869731132544883E-003  7.920240120900045E-004
 -3.084283428929734E-004 -2.837056152891706E-004 -3.733969440513878E-004
  0.110532018775531       0.396406793392670     
 Design variables: -3.759578302590093E-004 -2.686966095079098E-004
  9.556714069729843E-004  1.202116541108386E-003  1.377128719281354E-003
  1.259077879533524E-003  2.624497909376785E-004 -8.258539442249085E-003
 -5.211161974396150E-003  1.869731132544883E-003  7.920240120900045E-004
 -3.084283428929734E-004 -2.837056152891706E-004 -3.733969440513878E-004
  0.110532018775531       0.396406793392670     
 Mean drag value and variance:  1.908208669796740E-003  0.000000000000000E+000
    8  0.1908209E-02  0.3866783E-02  0.1334198E-04  0.1802165E-02  0.4554847E-05
 Calc con -1.894272810740006E-004 -1.207761404710341E-004
  4.791045583246681E-003  5.411134403933116E-003  6.118271725534479E-003
  6.135845581639706E-003  3.033293148895478E-003 -9.975217920857617E-003
 -8.400501658911539E-003  2.933411047329748E-003  2.431188824470908E-003
  1.887096378867316E-003 -1.174580932037842E-004 -1.813357357509281E-004
  0.101071624384635       0.404657684948159     
 Design variables: -1.894272810740006E-004 -1.207761404710341E-004
  4.791045583246681E-003  5.411134403933116E-003  6.118271725534479E-003
  6.135845581639706E-003  3.033293148895478E-003 -9.975217920857617E-003
 -8.400501658911539E-003  2.933411047329748E-003  2.431188824470908E-003
  1.887096378867316E-003 -1.174580932037842E-004 -1.813357357509281E-004
  0.101071624384635       0.404657684948159     
 Constraint value, mean lift and its standard deviation:  5.610633540791277E-004
  0.799438936645921       0.000000000000000E+000
 Calc obj -1.894272810740006E-004 -1.207761404710341E-004
  4.791045583246681E-003  5.411134403933116E-003  6.118271725534479E-003
  6.135845581639706E-003  3.033293148895478E-003 -9.975217920857617E-003
 -8.400501658911539E-003  2.933411047329748E-003  2.431188824470908E-003
  1.887096378867316E-003 -1.174580932037842E-004 -1.813357357509281E-004
  0.101071624384635       0.404657684948159     
 Design variables: -1.894272810740006E-004 -1.207761404710341E-004
  4.791045583246681E-003  5.411134403933116E-003  6.118271725534479E-003
  6.135845581639706E-003  3.033293148895478E-003 -9.975217920857617E-003
 -8.400501658911539E-003  2.933411047329748E-003  2.431188824470908E-003
  1.887096378867316E-003 -1.174580932037842E-004 -1.813357357509281E-004
  0.101071624384635       0.404657684948159     
 Mean drag value and variance:  1.871269031633634E-003  0.000000000000000E+000
    9  0.1871269E-02  0.9460394E-02  0.7339210E-03  0.9104118E-03  0.6662379E-06
 Calc con  1.023905267817262E-003  7.321878845297346E-004
  6.565712362431272E-003  6.931623788424745E-003  7.641294050735060E-003
  7.881321783303925E-003  4.531755469845170E-003 -9.872841491226539E-003
 -9.998553788714596E-003  2.835687917125461E-003  1.740022328423729E-003
  4.782842909397580E-004  8.276292497309745E-004  1.004491300893712E-003
  9.602181703927248E-002  0.407827695917224     
 Design variables:  1.023905267817262E-003  7.321878845297346E-004
  6.565712362431272E-003  6.931623788424745E-003  7.641294050735060E-003
  7.881321783303925E-003  4.531755469845170E-003 -9.872841491226539E-003
 -9.998553788714596E-003  2.835687917125461E-003  1.740022328423729E-003
  4.782842909397580E-004  8.276292497309745E-004  1.004491300893712E-003
  9.602181703927248E-002  0.407827695917224     
 Constraint value, mean lift and its standard deviation: -2.163335394189669E-004
  0.800216333539419       0.000000000000000E+000
 Calc obj  1.023905267817262E-003  7.321878845297346E-004
  6.565712362431272E-003  6.931623788424745E-003  7.641294050735060E-003
  7.881321783303925E-003  4.531755469845170E-003 -9.872841491226539E-003
 -9.998553788714596E-003  2.835687917125461E-003  1.740022328423729E-003
  4.782842909397580E-004  8.276292497309745E-004  1.004491300893712E-003
  9.602181703927248E-002  0.407827695917224     
 Design variables:  1.023905267817262E-003  7.321878845297346E-004
  6.565712362431272E-003  6.931623788424745E-003  7.641294050735060E-003
  7.881321783303925E-003  4.531755469845170E-003 -9.872841491226539E-003
 -9.998553788714596E-003  2.835687917125461E-003  1.740022328423729E-003
  4.782842909397580E-004  8.276292497309745E-004  1.004491300893712E-003
  9.602181703927248E-002  0.407827695917224     
 Mean drag value and variance:  1.866107185404928E-003  0.000000000000000E+000
   10  0.1866107E-02  0.5050192E-02  0.3250988E-04  0.1034502E-02  0.7933957E-06
 Calc con  9.007011015200028E-004  7.511204634774881E-004
  8.475003180430899E-003  8.558977862875463E-003  9.061273111735092E-003
  9.313368324714759E-003  6.921084448987803E-003 -9.958415583952815E-003
 -9.835744183345747E-003  3.212455053495248E-004  9.749223316810928E-004
 -7.759748387310987E-004  7.612628938303244E-004  8.592983320510512E-004
  9.566687642062527E-002  0.404963239066642     
 Design variables:  9.007011015200028E-004  7.511204634774881E-004
  8.475003180430899E-003  8.558977862875463E-003  9.061273111735092E-003
  9.313368324714759E-003  6.921084448987803E-003 -9.958415583952815E-003
 -9.835744183345747E-003  3.212455053495248E-004  9.749223316810928E-004
 -7.759748387310987E-004  7.612628938303244E-004  8.592983320510512E-004
  9.566687642062527E-002  0.404963239066642     
 Constraint value, mean lift and its standard deviation:  4.272022718809776E-005
  0.799957279772812       0.000000000000000E+000
 Calc obj  9.007011015200028E-004  7.511204634774881E-004
  8.475003180430899E-003  8.558977862875463E-003  9.061273111735092E-003
  9.313368324714759E-003  6.921084448987803E-003 -9.958415583952815E-003
 -9.835744183345747E-003  3.212455053495248E-004  9.749223316810928E-004
 -7.759748387310987E-004  7.612628938303244E-004  8.592983320510512E-004
  9.566687642062527E-002  0.404963239066642     
 Design variables:  9.007011015200028E-004  7.511204634774881E-004
  8.475003180430899E-003  8.558977862875463E-003  9.061273111735092E-003
  9.313368324714759E-003  6.921084448987803E-003 -9.958415583952815E-003
 -9.835744183345747E-003  3.212455053495248E-004  9.749223316810928E-004
 -7.759748387310987E-004  7.612628938303244E-004  8.592983320510512E-004
  9.566687642062527E-002  0.404963239066642     
 Mean drag value and variance:  1.859967005141291E-003  0.000000000000000E+000
   11  0.1859967E-02  0.2864457E-02  0.1106679E-03  0.9508791E-03  0.2813166E-06
 Calc con  1.725044184662764E-004  2.814187526098854E-004
  7.937720891130966E-003  8.056088561451197E-003  8.371418579865226E-003
  8.516979151596443E-003  9.162747048983493E-003 -9.866131507220561E-003
 -9.535136956852087E-003 -3.345650649567225E-003  2.610741806011990E-003
  1.794097078240254E-003  5.927567259359087E-005 -1.529736177710488E-004
  9.851753972540021E-002  0.397410350185322     
 Design variables:  1.725044184662764E-004  2.814187526098854E-004
  7.937720891130966E-003  8.056088561451197E-003  8.371418579865226E-003
  8.516979151596443E-003  9.162747048983493E-003 -9.866131507220561E-003
 -9.535136956852087E-003 -3.345650649567225E-003  2.610741806011990E-003
  1.794097078240254E-003  5.927567259359087E-005 -1.529736177710488E-004
  9.851753972540021E-002  0.397410350185322     
 Constraint value, mean lift and its standard deviation: -2.803826760835459E-004
  0.800280382676084       0.000000000000000E+000
 Calc obj  1.725044184662764E-004  2.814187526098854E-004
  7.937720891130966E-003  8.056088561451197E-003  8.371418579865226E-003
  8.516979151596443E-003  9.162747048983493E-003 -9.866131507220561E-003
 -9.535136956852087E-003 -3.345650649567225E-003  2.610741806011990E-003
  1.794097078240254E-003  5.927567259359087E-005 -1.529736177710488E-004
  9.851753972540021E-002  0.397410350185322     
 Design variables:  1.725044184662764E-004  2.814187526098854E-004
  7.937720891130966E-003  8.056088561451197E-003  8.371418579865226E-003
  8.516979151596443E-003  9.162747048983493E-003 -9.866131507220561E-003
 -9.535136956852087E-003 -3.345650649567225E-003  2.610741806011990E-003
  1.794097078240254E-003  5.927567259359087E-005 -1.529736177710488E-004
  9.851753972540021E-002  0.397410350185322     
 Mean drag value and variance:  1.863192118087735E-003  0.000000000000000E+000
   12  0.1863192E-02  0.7552889E-02  0.7906973E-04  0.1817302E-02  0.8566621E-06
 Calc con  6.583450495931732E-004  6.675031527982231E-004
  8.712416483572233E-003  8.759015760108908E-003  9.112984990622358E-003
  9.326681347592606E-003  9.380116939957991E-003 -9.944903822747184E-003
 -9.806127061268878E-003 -5.626066338675143E-003  3.302200323677008E-003
  1.664266315257032E-003  4.111225908519591E-004  3.855505123399654E-004
  9.656803486637995E-002  0.397365144607349     
 Design variables:  6.583450495931732E-004  6.675031527982231E-004
  8.712416483572233E-003  8.759015760108908E-003  9.112984990622358E-003
  9.326681347592606E-003  9.380116939957991E-003 -9.944903822747184E-003
 -9.806127061268878E-003 -5.626066338675143E-003  3.302200323677008E-003
  1.664266315257032E-003  4.111225908519591E-004  3.855505123399654E-004
  9.656803486637995E-002  0.397365144607349     
 Constraint value, mean lift and its standard deviation: -8.433196111023999E-005
  0.800084331961110       0.000000000000000E+000
 Calc obj  6.583450495931732E-004  6.675031527982231E-004
  8.712416483572233E-003  8.759015760108908E-003  9.112984990622358E-003
  9.326681347592606E-003  9.380116939957991E-003 -9.944903822747184E-003
 -9.806127061268878E-003 -5.626066338675143E-003  3.302200323677008E-003
  1.664266315257032E-003  4.111225908519591E-004  3.855505123399654E-004
  9.656803486637995E-002  0.397365144607349     
 Design variables:  6.583450495931732E-004  6.675031527982231E-004
  8.712416483572233E-003  8.759015760108908E-003  9.112984990622358E-003
  9.326681347592606E-003  9.380116939957991E-003 -9.944903822747184E-003
 -9.806127061268878E-003 -5.626066338675143E-003  3.302200323677008E-003
  1.664266315257032E-003  4.111225908519591E-004  3.855505123399654E-004
  9.656803486637995E-002  0.397365144607349     
 Mean drag value and variance:  1.858025652853448E-003  0.000000000000000E+000
   13  0.1858026E-02  0.2280416E-02  0.2336157E-04  0.1973047E-02  0.2630017E-06
 Calc con  7.725193667211235E-004  7.252651098450015E-004
  8.782690933343530E-003  8.910555298911788E-003  9.143629777375463E-003
  9.247774260445228E-003  8.779679046026119E-003 -9.904654688791188E-003
 -9.671665853648106E-003 -8.767044755497229E-003  4.784095705755774E-003
  1.566027449385268E-003  7.551614876920288E-004  9.313183702336962E-004
  9.624540790828892E-002  0.397882889530498     
 Design variables:  7.725193667211235E-004  7.252651098450015E-004
  8.782690933343530E-003  8.910555298911788E-003  9.143629777375463E-003
  9.247774260445228E-003  8.779679046026119E-003 -9.904654688791188E-003
 -9.671665853648106E-003 -8.767044755497229E-003  4.784095705755774E-003
  1.566027449385268E-003  7.551614876920288E-004  9.313183702336962E-004
  9.624540790828892E-002  0.397882889530498     
 Constraint value, mean lift and its standard deviation: -1.597323407130924E-004
  0.800159732340713       0.000000000000000E+000
 Calc obj  7.725193667211235E-004  7.252651098450015E-004
  8.782690933343530E-003  8.910555298911788E-003  9.143629777375463E-003
  9.247774260445228E-003  8.779679046026119E-003 -9.904654688791188E-003
 -9.671665853648106E-003 -8.767044755497229E-003  4.784095705755774E-003
  1.566027449385268E-003  7.551614876920288E-004  9.313183702336962E-004
  9.624540790828892E-002  0.397882889530498     
 Design variables:  7.725193667211235E-004  7.252651098450015E-004
  8.782690933343530E-003  8.910555298911788E-003  9.143629777375463E-003
  9.247774260445228E-003  8.779679046026119E-003 -9.904654688791188E-003
 -9.671665853648106E-003 -8.767044755497229E-003  4.784095705755774E-003
  1.566027449385268E-003  7.551614876920288E-004  9.313183702336962E-004
  9.624540790828892E-002  0.397882889530498     
 Mean drag value and variance:  1.856121395205088E-003  0.000000000000000E+000
   14  0.1856121E-02  0.3140978E-02  0.4391892E-04  0.1040161E-02  0.4962260E-06
 Calc con  9.311331793286397E-004  9.115186179577457E-004
  9.168964183290986E-003  9.260667010810575E-003  9.484677444398983E-003
  9.594628386506350E-003  9.161827154646279E-003 -9.977419494727269E-003
 -9.962313161105093E-003 -9.990300978160296E-003  5.424211932764167E-003
  4.004061711307310E-004  7.565177517864567E-004  9.116617957807286E-004
  9.638041512355808E-002  0.397677865794388     
 Design variables:  9.311331793286397E-004  9.115186179577457E-004
  9.168964183290986E-003  9.260667010810575E-003  9.484677444398983E-003
  9.594628386506350E-003  9.161827154646279E-003 -9.977419494727269E-003
 -9.962313161105093E-003 -9.990300978160296E-003  5.424211932764167E-003
  4.004061711307310E-004  7.565177517864567E-004  9.116617957807286E-004
  9.638041512355808E-002  0.397677865794388     
 Constraint value, mean lift and its standard deviation: -4.268859790013124E-005
  0.800042688597900       0.000000000000000E+000
 Calc obj  9.311331793286397E-004  9.115186179577457E-004
  9.168964183290986E-003  9.260667010810575E-003  9.484677444398983E-003
  9.594628386506350E-003  9.161827154646279E-003 -9.977419494727269E-003
 -9.962313161105093E-003 -9.990300978160296E-003  5.424211932764167E-003
  4.004061711307310E-004  7.565177517864567E-004  9.116617957807286E-004
  9.638041512355808E-002  0.397677865794388     
 Design variables:  9.311331793286397E-004  9.115186179577457E-004
  9.168964183290986E-003  9.260667010810575E-003  9.484677444398983E-003
  9.594628386506350E-003  9.161827154646279E-003 -9.977419494727269E-003
 -9.962313161105093E-003 -9.990300978160296E-003  5.424211932764167E-003
  4.004061711307310E-004  7.565177517864567E-004  9.116617957807286E-004
  9.638041512355808E-002  0.397677865794388     
 Mean drag value and variance:  1.853248131549394E-003  0.000000000000000E+000
   15  0.1853248E-02  0.1223256E-02  0.4115025E-05  0.6962711E-03  0.1572708E-06
 Calc con  1.151894134039747E-003  1.164304793963389E-003
  9.749824304805935E-003  9.742608920568807E-003  9.891495776240787E-003
  9.957258942847040E-003  9.878071938614874E-003 -9.995007560572793E-003
 -9.988712614696710E-003 -9.919250890913568E-003  4.842607960377590E-003
 -5.356175954573683E-004  9.184434758053152E-004  1.047851508175863E-003
  9.560024658034838E-002  0.397881083984193     
 Design variables:  1.151894134039747E-003  1.164304793963389E-003
  9.749824304805935E-003  9.742608920568807E-003  9.891495776240787E-003
  9.957258942847040E-003  9.878071938614874E-003 -9.995007560572793E-003
 -9.988712614696710E-003 -9.919250890913568E-003  4.842607960377590E-003
 -5.356175954573683E-004  9.184434758053152E-004  1.047851508175863E-003
  9.560024658034838E-002  0.397881083984193     
 Constraint value, mean lift and its standard deviation: -4.254079788212906E-006
  0.800004254079788       0.000000000000000E+000
 Calc obj  1.151894134039747E-003  1.164304793963389E-003
  9.749824304805935E-003  9.742608920568807E-003  9.891495776240787E-003
  9.957258942847040E-003  9.878071938614874E-003 -9.995007560572793E-003
 -9.988712614696710E-003 -9.919250890913568E-003  4.842607960377590E-003
 -5.356175954573683E-004  9.184434758053152E-004  1.047851508175863E-003
  9.560024658034838E-002  0.397881083984193     
 Design variables:  1.151894134039747E-003  1.164304793963389E-003
  9.749824304805935E-003  9.742608920568807E-003  9.891495776240787E-003
  9.957258942847040E-003  9.878071938614874E-003 -9.995007560572793E-003
 -9.988712614696710E-003 -9.919250890913568E-003  4.842607960377590E-003
 -5.356175954573683E-004  9.184434758053152E-004  1.047851508175863E-003
  9.560024658034838E-002  0.397881083984193     
 Mean drag value and variance:  1.851754954821119E-003  0.000000000000000E+000
   16  0.1851755E-02  0.9360238E-03  0.1456389E-05  0.2142287E-03  0.2377791E-07
 Calc con  1.237625358838754E-003  1.241663496352284E-003
  9.961161104607260E-003  9.966036245058629E-003  9.983359903901614E-003
  9.989036141612190E-003  9.999956620360186E-003 -9.999421265881171E-003
 -9.998338557083307E-003 -9.987724996853124E-003  4.945459750169508E-003
 -1.164291177202444E-003  1.163317545426649E-003  1.190252792262306E-003
  9.514795134050501E-002  0.398495227833304     
 Design variables:  1.237625358838754E-003  1.241663496352284E-003
  9.961161104607260E-003  9.966036245058629E-003  9.983359903901614E-003
  9.989036141612190E-003  9.999956620360186E-003 -9.999421265881171E-003
 -9.998338557083307E-003 -9.987724996853124E-003  4.945459750169508E-003
 -1.164291177202444E-003  1.163317545426649E-003  1.190252792262306E-003
  9.514795134050501E-002  0.398495227833304     
 Constraint value, mean lift and its standard deviation: -4.453300302076357E-006
  0.800004453300302       0.000000000000000E+000
 Calc obj  1.237625358838754E-003  1.241663496352284E-003
  9.961161104607260E-003  9.966036245058629E-003  9.983359903901614E-003
  9.989036141612190E-003  9.999956620360186E-003 -9.999421265881171E-003
 -9.998338557083307E-003 -9.987724996853124E-003  4.945459750169508E-003
 -1.164291177202444E-003  1.163317545426649E-003  1.190252792262306E-003
  9.514795134050501E-002  0.398495227833304     
 Design variables:  1.237625358838754E-003  1.241663496352284E-003
  9.961161104607260E-003  9.966036245058629E-003  9.983359903901614E-003
  9.989036141612190E-003  9.999956620360186E-003 -9.999421265881171E-003
 -9.998338557083307E-003 -9.987724996853124E-003  4.945459750169508E-003
 -1.164291177202444E-003  1.163317545426649E-003  1.190252792262306E-003
  9.514795134050501E-002  0.398495227833304     
 Mean drag value and variance:  1.851343736005359E-003  0.000000000000000E+000
   17  0.1851344E-02  0.6286736E-03  0.3529672E-05  0.3289857E-04  0.3923668E-08
 Calc con  1.248390138543874E-003  1.248284593723829E-003
  9.996151706330047E-003  9.997311203092650E-003  9.997391347055592E-003
  9.997973421903734E-003  9.996738205129438E-003 -9.999846832760459E-003
 -9.999546477864159E-003 -9.997535160437939E-003  5.546280607588291E-003
 -1.585033641683482E-003  1.249976521538613E-003  1.244637707607442E-003
  9.486775723940705E-002  0.399151654583035     
 Design variables:  1.248390138543874E-003  1.248284593723829E-003
  9.996151706330047E-003  9.997311203092650E-003  9.997391347055592E-003
  9.997973421903734E-003  9.996738205129438E-003 -9.999846832760459E-003
 -9.999546477864159E-003 -9.997535160437939E-003  5.546280607588291E-003
 -1.585033641683482E-003  1.249976521538613E-003  1.244637707607442E-003
  9.486775723940705E-002  0.399151654583035     
 Constraint value, mean lift and its standard deviation: -8.704066222220419E-007
  0.800000870406622       0.000000000000000E+000
 Calc obj  1.248390138543874E-003  1.248284593723829E-003
  9.996151706330047E-003  9.997311203092650E-003  9.997391347055592E-003
  9.997973421903734E-003  9.996738205129438E-003 -9.999846832760459E-003
 -9.999546477864159E-003 -9.997535160437939E-003  5.546280607588291E-003
 -1.585033641683482E-003  1.249976521538613E-003  1.244637707607442E-003
  9.486775723940705E-002  0.399151654583035     
 Design variables:  1.248390138543874E-003  1.248284593723829E-003
  9.996151706330047E-003  9.997311203092650E-003  9.997391347055592E-003
  9.997973421903734E-003  9.996738205129438E-003 -9.999846832760459E-003
 -9.999546477864159E-003 -9.997535160437939E-003  5.546280607588291E-003
 -1.585033641683482E-003  1.249976521538613E-003  1.244637707607442E-003
  9.486775723940705E-002  0.399151654583035     
 Mean drag value and variance:  1.851244882208222E-003  0.000000000000000E+000
   18  0.1851245E-02  0.6564267E-03  0.6644114E-06  0.5331426E-04  0.9113551E-09
 Calc con  1.249854259377127E-003  1.249849591329640E-003
  9.999474690025219E-003  9.999541451643144E-003  9.999727977378555E-003
  9.999819468993164E-003  9.999777585925873E-003 -9.999996289620637E-003
 -9.999974914298736E-003 -9.999996691164194E-003  6.683367168847290E-003
 -2.523036709235888E-003  1.249450932824933E-003  1.249130598726396E-003
  9.478683400999532E-002  0.399668930710767     
 Design variables:  1.249854259377127E-003  1.249849591329640E-003
  9.999474690025219E-003  9.999541451643144E-003  9.999727977378555E-003
  9.999819468993164E-003  9.999777585925873E-003 -9.999996289620637E-003
 -9.999974914298736E-003 -9.999996691164194E-003  6.683367168847290E-003
 -2.523036709235888E-003  1.249450932824933E-003  1.249130598726396E-003
  9.478683400999532E-002  0.399668930710767     
 Constraint value, mean lift and its standard deviation: -1.702856992857882E-006
  0.800001702856993       0.000000000000000E+000
 Calc obj  1.249854259377127E-003  1.249849591329640E-003
  9.999474690025219E-003  9.999541451643144E-003  9.999727977378555E-003
  9.999819468993164E-003  9.999777585925873E-003 -9.999996289620637E-003
 -9.999974914298736E-003 -9.999996691164194E-003  6.683367168847290E-003
 -2.523036709235888E-003  1.249450932824933E-003  1.249130598726396E-003
  9.478683400999532E-002  0.399668930710767     
 Design variables:  1.249854259377127E-003  1.249849591329640E-003
  9.999474690025219E-003  9.999541451643144E-003  9.999727977378555E-003
  9.999819468993164E-003  9.999777585925873E-003 -9.999996289620637E-003
 -9.999974914298736E-003 -9.999996691164194E-003  6.683367168847290E-003
 -2.523036709235888E-003  1.249450932824933E-003  1.249130598726396E-003
  9.478683400999532E-002  0.399668930710767     
 Mean drag value and variance:  1.851224059295319E-003  0.000000000000000E+000
   19  0.1851224E-02  0.1137087E-02  0.1694976E-05  0.2305491E-04  0.7583832E-10
 Calc con  1.249987149723043E-003  1.249989092805405E-003
  9.999938631720766E-003  9.999944405836880E-003  9.999973618544742E-003
  9.999984672298588E-003  9.999968020100492E-003 -1.000000823775713E-002
 -1.000000516546539E-002 -9.999982207975832E-003  6.761921490891708E-003
 -2.720345635606103E-003  1.249928761506670E-003  1.249874945914349E-003
  9.486634624442837E-002  0.399515617708190     
 Design variables:  1.249987149723043E-003  1.249989092805405E-003
  9.999938631720766E-003  9.999944405836880E-003  9.999973618544742E-003
  9.999984672298588E-003  9.999968020100492E-003 -1.000000823775713E-002
 -1.000000516546539E-002 -9.999982207975832E-003  6.761921490891708E-003
 -2.720345635606103E-003  1.249928761506670E-003  1.249874945914349E-003
  9.486634624442837E-002  0.399515617708190     
 Constraint value, mean lift and its standard deviation: -1.425036729729712E-007
  0.800000142503673       0.000000000000000E+000
 Calc obj  1.249987149723043E-003  1.249989092805405E-003
  9.999938631720766E-003  9.999944405836880E-003  9.999973618544742E-003
  9.999984672298588E-003  9.999968020100492E-003 -1.000000823775713E-002
 -1.000000516546539E-002 -9.999982207975832E-003  6.761921490891708E-003
 -2.720345635606103E-003  1.249928761506670E-003  1.249874945914349E-003
  9.486634624442837E-002  0.399515617708190     
 Design variables:  1.249987149723043E-003  1.249989092805405E-003
  9.999938631720766E-003  9.999944405836880E-003  9.999973618544742E-003
  9.999984672298588E-003  9.999968020100492E-003 -1.000000823775713E-002
 -1.000000516546539E-002 -9.999982207975832E-003  6.761921490891708E-003
 -2.720345635606103E-003  1.249928761506670E-003  1.249874945914349E-003
  9.486634624442837E-002  0.399515617708190     
 Mean drag value and variance:  1.851215659957240E-003  0.000000000000000E+000
   20  0.1851216E-02  0.1973089E-03  0.1501178E-06  0.7494960E-05  0.1000000E-10
 Calc con  1.249989965921085E-003  1.249990782576972E-003
  9.999955236075241E-003  9.999959758459642E-003  9.999980064087552E-003
  9.999988185193891E-003  9.999974075827365E-003 -1.000000820796941E-002
 -1.000000498985962E-002 -9.999982659204029E-003  6.742812864582289E-003
 -2.716080906362974E-003  1.249937724889438E-003  1.249943612240824E-003
  9.487571857930649E-002  0.399477559599472     
 Design variables:  1.249989965921085E-003  1.249990782576972E-003
  9.999955236075241E-003  9.999959758459642E-003  9.999980064087552E-003
  9.999988185193891E-003  9.999974075827365E-003 -1.000000820796941E-002
 -1.000000498985962E-002 -9.999982659204029E-003  6.742812864582289E-003
 -2.716080906362974E-003  1.249937724889438E-003  1.249943612240824E-003
  9.487571857930649E-002  0.399477559599472     
 Constraint value, mean lift and its standard deviation:  5.570521599551626E-009
  0.799999994429478       0.000000000000000E+000
 Calc obj  1.249989965921085E-003  1.249990782576972E-003
  9.999955236075241E-003  9.999959758459642E-003  9.999980064087552E-003
  9.999988185193891E-003  9.999974075827365E-003 -1.000000820796941E-002
 -1.000000498985962E-002 -9.999982659204029E-003  6.742812864582289E-003
 -2.716080906362974E-003  1.249937724889438E-003  1.249943612240824E-003
  9.487571857930649E-002  0.399477559599472     
 Design variables:  1.249989965921085E-003  1.249990782576972E-003
  9.999955236075241E-003  9.999959758459642E-003  9.999980064087552E-003
  9.999988185193891E-003  9.999974075827365E-003 -1.000000820796941E-002
 -1.000000498985962E-002 -9.999982659204029E-003  6.742812864582289E-003
 -2.716080906362974E-003  1.249937724889438E-003  1.249943612240824E-003
  9.487571857930649E-002  0.399477559599472     
 Mean drag value and variance:  1.851214977210460E-003  0.000000000000000E+000
   21  0.1851215E-02  0.3805811E-04  0.2054211E-08  0.5658744E-06  0.1000000E-10
 
 The solution was found.
 
 The final value of the objective function is   1.851214977210460E-003
 
 The optimal values of X are:
 
 X  (           1 ) =   1.249989965921085E-003
 X  (           2 ) =   1.249990782576972E-003
 X  (           3 ) =   9.999955236075241E-003
 X  (           4 ) =   9.999959758459642E-003
 X  (           5 ) =   9.999980064087552E-003
 X  (           6 ) =   9.999988185193891E-003
 X  (           7 ) =   9.999974075827365E-003
 X  (           8 ) =  -1.000000000000000E-002
 X  (           9 ) =  -1.000000000000000E-002
 X  (          10 ) =  -9.999982659204029E-003
 X  (          11 ) =   6.742812864582289E-003
 X  (          12 ) =  -2.716080906362974E-003
 X  (          13 ) =   1.249937724889438E-003
 X  (          14 ) =   1.249943612240824E-003
 X  (          15 ) =    5.43597825286519     
 X  (          16 ) =   0.399477559599472     
 
 The multipliers for the equality constraints are:
 
 LAM(           1 ) =   4.210058631434249E-003
 
 Mean drag and its variance:  1.851214977210460E-003  0.000000000000000E+000
