 >> Number of Processors =   1
 Calc con  0.000000000000000E+000  0.000000000000000E+000
  0.000000000000000E+000  0.000000000000000E+000  0.000000000000000E+000
  0.000000000000000E+000  0.000000000000000E+000  0.000000000000000E+000
  0.000000000000000E+000  0.000000000000000E+000  0.000000000000000E+000
  0.000000000000000E+000  0.000000000000000E+000  0.000000000000000E+000
  3.490658503988659E-002  0.620000000000000     
 Design variables:  0.000000000000000E+000  0.000000000000000E+000
  0.000000000000000E+000  0.000000000000000E+000  0.000000000000000E+000
  0.000000000000000E+000  0.000000000000000E+000  0.000000000000000E+000
  0.000000000000000E+000  0.000000000000000E+000  0.000000000000000E+000
  0.000000000000000E+000  0.000000000000000E+000  0.000000000000000E+000
  3.490658503988659E-002  0.620000000000000     
 Constraint value, mean lift and its standard deviation:  0.481319277189126     
  0.318680722810874       0.000000000000000E+000
 Calc obj  0.000000000000000E+000  0.000000000000000E+000
  0.000000000000000E+000  0.000000000000000E+000  0.000000000000000E+000
  0.000000000000000E+000  0.000000000000000E+000  0.000000000000000E+000
  0.000000000000000E+000  0.000000000000000E+000  0.000000000000000E+000
  0.000000000000000E+000  0.000000000000000E+000  0.000000000000000E+000
  3.490658503988659E-002  0.620000000000000     
 Design variables:  0.000000000000000E+000  0.000000000000000E+000
  0.000000000000000E+000  0.000000000000000E+000  0.000000000000000E+000
  0.000000000000000E+000  0.000000000000000E+000  0.000000000000000E+000
  0.000000000000000E+000  0.000000000000000E+000  0.000000000000000E+000
  0.000000000000000E+000  0.000000000000000E+000  0.000000000000000E+000
  3.490658503988659E-002  0.620000000000000     
 Mean drag value and variance:  4.312623680325175E-004  0.000000000000000E+000
 
 iter    objective      ||grad||        inf_pr          inf_du         lg(mu)
    0  0.4312624E-03  0.0000000E+00  0.4913193E+00  0.9961128E+00  0.1000000E+01
 Calc con  1.215803630795134E-003  8.633012021809349E-004
  4.869681249158963E-003  4.326679988062436E-003  3.863135950796244E-003
  3.434367892323861E-003  2.978572892862254E-003  3.689593270629505E-003
  4.053719640039330E-003  4.376184741997974E-003  4.738445084942511E-003
  5.203301077713930E-003  8.887708216577202E-004  1.225189814480895E-003
  6.756943193340897E-002  0.646753798388689     
 Design variables:  1.215803630795134E-003  8.633012021809349E-004
  4.869681249158963E-003  4.326679988062436E-003  3.863135950796244E-003
  3.434367892323861E-003  2.978572892862254E-003  3.689593270629505E-003
  4.053719640039330E-003  4.376184741997974E-003  4.738445084942511E-003
  5.203301077713930E-003  8.887708216577202E-004  1.225189814480895E-003
  6.756943193340897E-002  0.646753798388689     
 Constraint value, mean lift and its standard deviation: -7.560577645830469E-002
  0.875605776458305       0.000000000000000E+000
 Calc obj  1.215803630795134E-003  8.633012021809349E-004
  4.869681249158963E-003  4.326679988062436E-003  3.863135950796244E-003
  3.434367892323861E-003  2.978572892862254E-003  3.689593270629505E-003
  4.053719640039330E-003  4.376184741997974E-003  4.738445084942511E-003
  5.203301077713930E-003  8.887708216577202E-004  1.225189814480895E-003
  6.756943193340897E-002  0.646753798388689     
 Design variables:  1.215803630795134E-003  8.633012021809349E-004
  4.869681249158963E-003  4.326679988062436E-003  3.863135950796244E-003
  3.434367892323861E-003  2.978572892862254E-003  3.689593270629505E-003
  4.053719640039330E-003  4.376184741997974E-003  4.738445084942511E-003
  5.203301077713930E-003  8.887708216577202E-004  1.225189814480895E-003
  6.756943193340897E-002  0.646753798388689     
 Mean drag value and variance:  6.326490443087584E-003  0.000000000000000E+000
    1  0.6326490E-02  0.3266285E-01  0.3490769E-01  0.9597356E+00  0.3277883E-01
 Calc con  1.093759191651423E-003  7.789894046896702E-004
  4.675913231988625E-003  4.176036744640840E-003  3.747477160219931E-003
  3.348686207437642E-003  2.920538281734747E-003  2.955922046699021E-003
  3.714437842438764E-003  4.446562085274213E-003  4.959824263174691E-003
  5.267230602570104E-003  8.019502944274297E-004  1.102104072020945E-003
  6.618010641168225E-002  0.639053739061751     
 Design variables:  1.093759191651423E-003  7.789894046896702E-004
  4.675913231988625E-003  4.176036744640840E-003  3.747477160219931E-003
  3.348686207437642E-003  2.920538281734747E-003  2.955922046699021E-003
  3.714437842438764E-003  4.446562085274213E-003  4.959824263174691E-003
  5.267230602570104E-003  8.019502944274297E-004  1.102104072020945E-003
  6.618010641168225E-002  0.639053739061751     
 Constraint value, mean lift and its standard deviation: -4.593050496816586E-002
  0.845930504968166       0.000000000000000E+000
 Calc obj  1.093759191651423E-003  7.789894046896702E-004
  4.675913231988625E-003  4.176036744640840E-003  3.747477160219931E-003
  3.348686207437642E-003  2.920538281734747E-003  2.955922046699021E-003
  3.714437842438764E-003  4.446562085274213E-003  4.959824263174691E-003
  5.267230602570104E-003  8.019502944274297E-004  1.102104072020945E-003
  6.618010641168225E-002  0.639053739061751     
 Design variables:  1.093759191651423E-003  7.789894046896702E-004
  4.675913231988625E-003  4.176036744640840E-003  3.747477160219931E-003
  3.348686207437642E-003  2.920538281734747E-003  2.955922046699021E-003
  3.714437842438764E-003  4.446562085274213E-003  4.959824263174691E-003
  5.267230602570104E-003  8.019502944274297E-004  1.102104072020945E-003
  6.618010641168225E-002  0.639053739061751     
 Mean drag value and variance:  3.787444883229669E-003  0.000000000000000E+000
    2  0.3787445E-02  0.7700059E-02  0.3188311E-02  0.1936255E+00  0.3403848E-02
 Calc con  1.018729513039257E-003  7.257334252668615E-004
  4.659171380303057E-003  4.188272827108228E-003  3.786056737605085E-003
  3.410877905446383E-003  3.002839250959693E-003  1.957645669293410E-003
  4.405812369179741E-003  5.341289698679431E-003  5.382098710966079E-003
  5.236377629041666E-003  7.489449257723242E-004  1.027260366360375E-003
  6.576650201946235E-002  0.631298154749797     
 Design variables:  1.018729513039257E-003  7.257334252668615E-004
  4.659171380303057E-003  4.188272827108228E-003  3.786056737605085E-003
  3.410877905446383E-003  3.002839250959693E-003  1.957645669293410E-003
  4.405812369179741E-003  5.341289698679431E-003  5.382098710966079E-003
  5.236377629041666E-003  7.489449257723242E-004  1.027260366360375E-003
  6.576650201946235E-002  0.631298154749797     
 Constraint value, mean lift and its standard deviation: -3.731403197943961E-002
  0.837314031979440       0.000000000000000E+000
 Calc obj  1.018729513039257E-003  7.257334252668615E-004
  4.659171380303057E-003  4.188272827108228E-003  3.786056737605085E-003
  3.410877905446383E-003  3.002839250959693E-003  1.957645669293410E-003
  4.405812369179741E-003  5.341289698679431E-003  5.382098710966079E-003
  5.236377629041666E-003  7.489449257723242E-004  1.027260366360375E-003
  6.576650201946235E-002  0.631298154749797     
 Design variables:  1.018729513039257E-003  7.257334252668615E-004
  4.659171380303057E-003  4.188272827108228E-003  3.786056737605085E-003
  3.410877905446383E-003  3.002839250959693E-003  1.957645669293410E-003
  4.405812369179741E-003  5.341289698679431E-003  5.382098710966079E-003
  5.236377629041666E-003  7.489449257723242E-004  1.027260366360375E-003
  6.576650201946235E-002  0.631298154749797     
 Mean drag value and variance:  2.665881295192169E-003  0.000000000000000E+000
    3  0.2665881E-02  0.7755584E-02  0.5939799E-03  0.7351110E-01  0.2724561E-03
 Calc con  9.349121341081540E-004  6.662099665427136E-004
  4.634299682040315E-003  4.186946768518285E-003  3.807099813044004E-003
  3.451576324232966E-003  3.058579099769564E-003  9.635709840525703E-004
  4.824027072063449E-003  5.827365611052474E-003  5.523798924872202E-003
  4.792834112177113E-003  6.890543536792397E-004  9.477585200972266E-004
  6.550970318772732E-002  0.627492385483749     
 Design variables:  9.349121341081540E-004  6.662099665427136E-004
  4.634299682040315E-003  4.186946768518285E-003  3.807099813044004E-003
  3.451576324232966E-003  3.058579099769564E-003  9.635709840525703E-004
  4.824027072063449E-003  5.827365611052474E-003  5.523798924872202E-003
  4.792834112177113E-003  6.890543536792397E-004  9.477585200972266E-004
  6.550970318772732E-002  0.627492385483749     
 Constraint value, mean lift and its standard deviation: -2.538587369089629E-002
  0.825385873690896       0.000000000000000E+000
 Calc obj  9.349121341081540E-004  6.662099665427136E-004
  4.634299682040315E-003  4.186946768518285E-003  3.807099813044004E-003
  3.451576324232966E-003  3.058579099769564E-003  9.635709840525703E-004
  4.824027072063449E-003  5.827365611052474E-003  5.523798924872202E-003
  4.792834112177113E-003  6.890543536792397E-004  9.477585200972266E-004
  6.550970318772732E-002  0.627492385483749     
 Design variables:  9.349121341081540E-004  6.662099665427136E-004
  4.634299682040315E-003  4.186946768518285E-003  3.807099813044004E-003
  3.451576324232966E-003  3.058579099769564E-003  9.635709840525703E-004
  4.824027072063449E-003  5.827365611052474E-003  5.523798924872202E-003
  4.792834112177113E-003  6.890543536792397E-004  9.477585200972266E-004
  6.550970318772732E-002  0.627492385483749     
 Mean drag value and variance:  2.354509537774338E-003  0.000000000000000E+000
    4  0.2354510E-02  0.1234938E-01  0.1727628E-03  0.4808628E-01  0.2674640E-04
 Calc con  8.275941399123387E-004  5.966649006251101E-004
  4.528966719778456E-003  4.109798090277485E-003  3.761490082784374E-003
  3.436072891420335E-003  3.067305869708004E-003  1.575623681766584E-004
  4.971323834066597E-003  5.918641164621051E-003  5.210061980161388E-003
  4.072495709692186E-003  6.216292188395848E-004  8.387817280522631E-004
  6.472565450122253E-002  0.626009702277848     
 Design variables:  8.275941399123387E-004  5.966649006251101E-004
  4.528966719778456E-003  4.109798090277485E-003  3.761490082784374E-003
  3.436072891420335E-003  3.067305869708004E-003  1.575623681766584E-004
  4.971323834066597E-003  5.918641164621051E-003  5.210061980161388E-003
  4.072495709692186E-003  6.216292188395848E-004  8.387817280522631E-004
  6.472565450122253E-002  0.626009702277848     
 Constraint value, mean lift and its standard deviation: -2.686322197405500E-003
  0.802686322197406       0.000000000000000E+000
 Calc obj  8.275941399123387E-004  5.966649006251101E-004
  4.528966719778456E-003  4.109798090277485E-003  3.761490082784374E-003
  3.436072891420335E-003  3.067305869708004E-003  1.575623681766584E-004
  4.971323834066597E-003  5.918641164621051E-003  5.210061980161388E-003
  4.072495709692186E-003  6.216292188395848E-004  8.387817280522631E-004
  6.472565450122253E-002  0.626009702277848     
 Design variables:  8.275941399123387E-004  5.966649006251101E-004
  4.528966719778456E-003  4.109798090277485E-003  3.761490082784374E-003
  3.436072891420335E-003  3.067305869708004E-003  1.575623681766584E-004
  4.971323834066597E-003  5.918641164621051E-003  5.210061980161388E-003
  4.072495709692186E-003  6.216292188395848E-004  8.387817280522631E-004
  6.472565450122253E-002  0.626009702277848     
 Mean drag value and variance:  2.180504602626579E-003  0.000000000000000E+000
    5  0.2180505E-02  0.2291283E-01  0.4051806E-04  0.2451351E-01  0.3968332E-05
 Calc con  7.956540488025829E-004  5.847947137413051E-004
  4.606957859168978E-003  4.211771315373286E-003  3.900261625516868E-003
  3.611985080837464E-003  3.267803560854442E-003 -7.183461697081026E-004
  5.344078916229564E-003  6.352432401611376E-003  5.166878231813651E-003
  3.643926410644973E-003  6.262139031593344E-004  7.954228098855149E-004
  6.485439209408886E-002  0.624183472972258     
 Design variables:  7.956540488025829E-004  5.847947137413051E-004
  4.606957859168978E-003  4.211771315373286E-003  3.900261625516868E-003
  3.611985080837464E-003  3.267803560854442E-003 -7.183461697081026E-004
  5.344078916229564E-003  6.352432401611376E-003  5.166878231813651E-003
  3.643926410644973E-003  6.262139031593344E-004  7.954228098855149E-004
  6.485439209408886E-002  0.624183472972258     
 Constraint value, mean lift and its standard deviation: -1.011777514644541E-004
  0.800101177751464       0.000000000000000E+000
 Calc obj  7.956540488025829E-004  5.847947137413051E-004
  4.606957859168978E-003  4.211771315373286E-003  3.900261625516868E-003
  3.611985080837464E-003  3.267803560854442E-003 -7.183461697081026E-004
  5.344078916229564E-003  6.352432401611376E-003  5.166878231813651E-003
  3.643926410644973E-003  6.262139031593344E-004  7.954228098855149E-004
  6.485439209408886E-002  0.624183472972258     
 Design variables:  7.956540488025829E-004  5.847947137413051E-004
  4.606957859168978E-003  4.211771315373286E-003  3.900261625516868E-003
  3.611985080837464E-003  3.267803560854442E-003 -7.183461697081026E-004
  5.344078916229564E-003  6.352432401611376E-003  5.166878231813651E-003
  3.643926410644973E-003  6.262139031593344E-004  7.954228098855149E-004
  6.485439209408886E-002  0.624183472972258     
 Mean drag value and variance:  2.142207261231364E-003  0.000000000000000E+000
    6  0.2142207E-02  0.2517596E-02  0.2703020E-04  0.9355858E-02  0.3782245E-06
 Calc con  9.100270934522285E-004  6.933392005283605E-004
  4.734747992173730E-003  4.367353331310234E-003  4.111235318682733E-003
  3.882160507507406E-003  3.576590262705420E-003 -1.732553154647700E-003
  5.272418736334024E-003  6.405675479264325E-003  4.963379302720976E-003
  3.310341894802875E-003  7.752470124726741E-004  8.897018189507026E-004
  6.497810826542233E-002  0.623568179124370     
 Design variables:  9.100270934522285E-004  6.933392005283605E-004
  4.734747992173730E-003  4.367353331310234E-003  4.111235318682733E-003
  3.882160507507406E-003  3.576590262705420E-003 -1.732553154647700E-003
  5.272418736334024E-003  6.405675479264325E-003  4.963379302720976E-003
  3.310341894802875E-003  7.752470124726741E-004  8.897018189507026E-004
  6.497810826542233E-002  0.623568179124370     
 Constraint value, mean lift and its standard deviation:  2.839853790814750E-005
  0.799971601462092       0.000000000000000E+000
 Calc obj  9.100270934522285E-004  6.933392005283605E-004
  4.734747992173730E-003  4.367353331310234E-003  4.111235318682733E-003
  3.882160507507406E-003  3.576590262705420E-003 -1.732553154647700E-003
  5.272418736334024E-003  6.405675479264325E-003  4.963379302720976E-003
  3.310341894802875E-003  7.752470124726741E-004  8.897018189507026E-004
  6.497810826542233E-002  0.623568179124370     
 Design variables:  9.100270934522285E-004  6.933392005283605E-004
  4.734747992173730E-003  4.367353331310234E-003  4.111235318682733E-003
  3.882160507507406E-003  3.576590262705420E-003 -1.732553154647700E-003
  5.272418736334024E-003  6.405675479264325E-003  4.963379302720976E-003
  3.310341894802875E-003  7.752470124726741E-004  8.897018189507026E-004
  6.497810826542233E-002  0.623568179124370     
 Mean drag value and variance:  2.134957764058442E-003  0.000000000000000E+000
    7  0.2134958E-02  0.1014207E-02  0.3460718E-04  0.2610452E-02  0.3296652E-07
 Calc con  1.161076464249847E-003  9.552738892748300E-004
  4.898810596102625E-003  4.608298994068661E-003  4.485017109359641E-003
  4.396620208857198E-003  4.189385950576146E-003 -2.468342535928386E-003
  5.943426004104533E-003  6.645572031172681E-003  4.544421627062905E-003
  2.903866563886831E-003  1.108897976139999E-003  1.080409414251650E-003
  6.403683032440383E-002  0.622327609173211     
 Design variables:  1.161076464249847E-003  9.552738892748300E-004
  4.898810596102625E-003  4.608298994068661E-003  4.485017109359641E-003
  4.396620208857198E-003  4.189385950576146E-003 -2.468342535928386E-003
  5.943426004104533E-003  6.645572031172681E-003  4.544421627062905E-003
  2.903866563886831E-003  1.108897976139999E-003  1.080409414251650E-003
  6.403683032440383E-002  0.622327609173211     
 Constraint value, mean lift and its standard deviation: -2.777368335271646E-005
  0.800027773683353       0.000000000000000E+000
 Calc obj  1.161076464249847E-003  9.552738892748300E-004
  4.898810596102625E-003  4.608298994068661E-003  4.485017109359641E-003
  4.396620208857198E-003  4.189385950576146E-003 -2.468342535928386E-003
  5.943426004104533E-003  6.645572031172681E-003  4.544421627062905E-003
  2.903866563886831E-003  1.108897976139999E-003  1.080409414251650E-003
  6.403683032440383E-002  0.622327609173211     
 Design variables:  1.161076464249847E-003  9.552738892748300E-004
  4.898810596102625E-003  4.608298994068661E-003  4.485017109359641E-003
  4.396620208857198E-003  4.189385950576146E-003 -2.468342535928386E-003
  5.943426004104533E-003  6.645572031172681E-003  4.544421627062905E-003
  2.903866563886831E-003  1.108897976139999E-003  1.080409414251650E-003
  6.403683032440383E-002  0.622327609173211     
 Mean drag value and variance:  2.129120584627558E-003  0.000000000000000E+000
    8  0.2129121E-02  0.1240570E-02  0.2625388E-04  0.2173986E-02  0.8370350E-08
 Calc con -4.865623342011636E-005  1.249369247895712E-003
  6.675142632767842E-003  6.693320877077791E-003  7.243366907071538E-003
  7.908502364177917E-003  8.225559650115483E-003 -5.351040637659588E-003
  7.499472148966946E-003  5.993077378704049E-003  3.397691022318539E-003
  3.704406308994349E-003  5.522238813674506E-004  3.167802078502917E-004
  6.317692099693969E-002  0.618665459858823     
 Design variables: -4.865623342011636E-005  1.249369247895712E-003
  6.675142632767842E-003  6.693320877077791E-003  7.243366907071538E-003
  7.908502364177917E-003  8.225559650115483E-003 -5.351040637659588E-003
  7.499472148966946E-003  5.993077378704049E-003  3.397691022318539E-003
  3.704406308994349E-003  5.522238813674506E-004  3.167802078502917E-004
  6.317692099693969E-002  0.618665459858823     
 Constraint value, mean lift and its standard deviation:  5.538492964597408E-004
  0.799446150703540       0.000000000000000E+000
 Calc obj -4.865623342011636E-005  1.249369247895712E-003
  6.675142632767842E-003  6.693320877077791E-003  7.243366907071538E-003
  7.908502364177917E-003  8.225559650115483E-003 -5.351040637659588E-003
  7.499472148966946E-003  5.993077378704049E-003  3.397691022318539E-003
  3.704406308994349E-003  5.522238813674506E-004  3.167802078502917E-004
  6.317692099693969E-002  0.618665459858823     
 Design variables: -4.865623342011636E-005  1.249369247895712E-003
  6.675142632767842E-003  6.693320877077791E-003  7.243366907071538E-003
  7.908502364177917E-003  8.225559650115483E-003 -5.351040637659588E-003
  7.499472148966946E-003  5.993077378704049E-003  3.397691022318539E-003
  3.704406308994349E-003  5.522238813674506E-004  3.167802078502917E-004
  6.317692099693969E-002  0.618665459858823     
 Mean drag value and variance:  2.102664520641333E-003  0.000000000000000E+000
    9  0.2102665E-02  0.4054221E-02  0.6514124E-03  0.2551722E-02  0.4993607E-06
 Calc con  5.460167053117019E-004 -5.288680179768911E-004
  5.951843474533975E-003  6.096723972679937E-003  5.098634144578271E-003
  2.671730575404812E-003  8.478076411858942E-004  4.537647181801271E-004
  5.285559186909435E-003  6.438846782382308E-003  5.002813259177262E-003
  9.983945371399076E-003  2.003442953805266E-004  2.934823967248723E-004
  6.491255565695762E-002  0.601008839518249     
 Design variables:  5.460167053117019E-004 -5.288680179768911E-004
  5.951843474533975E-003  6.096723972679937E-003  5.098634144578271E-003
  2.671730575404812E-003  8.478076411858942E-004  4.537647181801271E-004
  5.285559186909435E-003  6.438846782382308E-003  5.002813259177262E-003
  9.983945371399076E-003  2.003442953805266E-004  2.934823967248723E-004
  6.491255565695762E-002  0.601008839518249     
 Constraint value, mean lift and its standard deviation: -2.912320659221868E-004
  0.800291232065922       0.000000000000000E+000
 Calc obj  5.460167053117019E-004 -5.288680179768911E-004
  5.951843474533975E-003  6.096723972679937E-003  5.098634144578271E-003
  2.671730575404812E-003  8.478076411858942E-004  4.537647181801271E-004
  5.285559186909435E-003  6.438846782382308E-003  5.002813259177262E-003
  9.983945371399076E-003  2.003442953805266E-004  2.934823967248723E-004
  6.491255565695762E-002  0.601008839518249     
 Design variables:  5.460167053117019E-004 -5.288680179768911E-004
  5.951843474533975E-003  6.096723972679937E-003  5.098634144578271E-003
  2.671730575404812E-003  8.478076411858942E-004  4.537647181801271E-004
  5.285559186909435E-003  6.438846782382308E-003  5.002813259177262E-003
  9.983945371399076E-003  2.003442953805266E-004  2.934823967248723E-004
  6.491255565695762E-002  0.601008839518249     
 Mean drag value and variance:  2.118027477701026E-003  0.000000000000000E+000
   10  0.2118027E-02  0.3145812E-01  0.3683700E-03  0.3075983E-02  0.5615883E-05
 Calc con  5.234490878545221E-004  5.344321895923456E-005
  7.177234087515029E-003  7.317486993419918E-003  7.205966891983314E-003
  6.471675558199878E-003  5.882426983653444E-003 -5.814577223509257E-003
  6.676069711285940E-003  6.670808699944774E-003  2.697889378484471E-003
  7.556125714294591E-003  3.535326162002202E-004  3.993087401824075E-004
  6.437237916918627E-002  0.604620939858024     
 Design variables:  5.234490878545221E-004  5.344321895923456E-005
  7.177234087515029E-003  7.317486993419918E-003  7.205966891983314E-003
  6.471675558199878E-003  5.882426983653444E-003 -5.814577223509257E-003
  6.676069711285940E-003  6.670808699944774E-003  2.697889378484471E-003
  7.556125714294591E-003  3.535326162002202E-004  3.993087401824075E-004
  6.437237916918627E-002  0.604620939858024     
 Constraint value, mean lift and its standard deviation: -1.675797830985593E-004
  0.800167579783099       0.000000000000000E+000
 Calc obj  5.234490878545221E-004  5.344321895923456E-005
  7.177234087515029E-003  7.317486993419918E-003  7.205966891983314E-003
  6.471675558199878E-003  5.882426983653444E-003 -5.814577223509257E-003
  6.676069711285940E-003  6.670808699944774E-003  2.697889378484471E-003
  7.556125714294591E-003  3.535326162002202E-004  3.993087401824075E-004
  6.437237916918627E-002  0.604620939858024     
 Design variables:  5.234490878545221E-004  5.344321895923456E-005
  7.177234087515029E-003  7.317486993419918E-003  7.205966891983314E-003
  6.471675558199878E-003  5.882426983653444E-003 -5.814577223509257E-003
  6.676069711285940E-003  6.670808699944774E-003  2.697889378484471E-003
  7.556125714294591E-003  3.535326162002202E-004  3.993087401824075E-004
  6.437237916918627E-002  0.604620939858024     
 Mean drag value and variance:  2.089364920226485E-003  0.000000000000000E+000
   11  0.2089365E-02  0.6268342E-02  0.3170831E-03  0.1526594E-02  0.2474834E-05
 Calc con  6.554053901758754E-004  4.216522640784504E-004
  8.343397069178988E-003  8.356392029074639E-003  8.535992235383656E-003
  8.629805358769999E-003  8.722890251557612E-003 -9.974010011143966E-003
  7.218541141242326E-003  7.005071324657533E-003  1.101927228258166E-003
  6.993567916097624E-003  5.776600488317748E-004  6.119500688504618E-004
  6.399067230216923E-002  0.600842774808322     
 Design variables:  6.554053901758754E-004  4.216522640784504E-004
  8.343397069178988E-003  8.356392029074639E-003  8.535992235383656E-003
  8.629805358769999E-003  8.722890251557612E-003 -9.974010011143966E-003
  7.218541141242326E-003  7.005071324657533E-003  1.101927228258166E-003
  6.993567916097624E-003  5.776600488317748E-004  6.119500688504618E-004
  6.399067230216923E-002  0.600842774808322     
 Constraint value, mean lift and its standard deviation: -1.899457656681092E-004
  0.800189945765668       0.000000000000000E+000
 Calc obj  6.554053901758754E-004  4.216522640784504E-004
  8.343397069178988E-003  8.356392029074639E-003  8.535992235383656E-003
  8.629805358769999E-003  8.722890251557612E-003 -9.974010011143966E-003
  7.218541141242326E-003  7.005071324657533E-003  1.101927228258166E-003
  6.993567916097624E-003  5.776600488317748E-004  6.119500688504618E-004
  6.399067230216923E-002  0.600842774808322     
 Design variables:  6.554053901758754E-004  4.216522640784504E-004
  8.343397069178988E-003  8.356392029074639E-003  8.535992235383656E-003
  8.629805358769999E-003  8.722890251557612E-003 -9.974010011143966E-003
  7.218541141242326E-003  7.005071324657533E-003  1.101927228258166E-003
  6.993567916097624E-003  5.776600488317748E-004  6.119500688504618E-004
  6.399067230216923E-002  0.600842774808322     
 Mean drag value and variance:  2.086061871658069E-003  0.000000000000000E+000
   12  0.2086062E-02  0.4159433E-02  0.3409468E-04  0.1665836E-01  0.1132624E-05
 Calc con  2.086402537611589E-004  2.555367797297970E-004
  7.377093402111799E-003  7.450252757967466E-003  7.563499781910829E-003
  7.503653039623736E-003  7.475607819026403E-003 -6.728718616758216E-003
  7.039234814661005E-003  6.470507523102137E-003  2.776102967009232E-003
  7.424945219989939E-003  2.120719042087960E-004  2.463785769605022E-004
  6.447986901727415E-002  0.602970606716357     
 Design variables:  2.086402537611589E-004  2.555367797297970E-004
  7.377093402111799E-003  7.450252757967466E-003  7.563499781910829E-003
  7.503653039623736E-003  7.475607819026403E-003 -6.728718616758216E-003
  7.039234814661005E-003  6.470507523102137E-003  2.776102967009232E-003
  7.424945219989939E-003  2.120719042087960E-004  2.463785769605022E-004
  6.447986901727415E-002  0.602970606716357     
 Constraint value, mean lift and its standard deviation: -6.137394085430348E-004
  0.800613739408543       0.000000000000000E+000
 Calc obj  2.086402537611589E-004  2.555367797297970E-004
  7.377093402111799E-003  7.450252757967466E-003  7.563499781910829E-003
  7.503653039623736E-003  7.475607819026403E-003 -6.728718616758216E-003
  7.039234814661005E-003  6.470507523102137E-003  2.776102967009232E-003
  7.424945219989939E-003  2.120719042087960E-004  2.463785769605022E-004
  6.447986901727415E-002  0.602970606716357     
 Design variables:  2.086402537611589E-004  2.555367797297970E-004
  7.377093402111799E-003  7.450252757967466E-003  7.563499781910829E-003
  7.503653039623736E-003  7.475607819026403E-003 -6.728718616758216E-003
  7.039234814661005E-003  6.470507523102137E-003  2.776102967009232E-003
  7.424945219989939E-003  2.120719042087960E-004  2.463785769605022E-004
  6.447986901727415E-002  0.602970606716357     
 Mean drag value and variance:  2.084783971792493E-003  0.000000000000000E+000
   13  0.2084784E-02  0.3245291E-02  0.1048607E-03  0.1019175E-02  0.3690191E-05
 Calc con  3.606889493370179E-004  4.549160959868598E-004
  8.103371355408888E-003  8.220445812920309E-003  8.523133626867638E-003
  8.807399186084126E-003  9.077529541407864E-003 -8.301897201729747E-003
  7.579075507863939E-003  6.370682715092453E-003  2.011467605693488E-003
  7.524761044372511E-003  4.050421479180333E-004  4.079652301632742E-004
  6.332811667993520E-002  0.600014220931007     
 Design variables:  3.606889493370179E-004  4.549160959868598E-004
  8.103371355408888E-003  8.220445812920309E-003  8.523133626867638E-003
  8.807399186084126E-003  9.077529541407864E-003 -8.301897201729747E-003
  7.579075507863939E-003  6.370682715092453E-003  2.011467605693488E-003
  7.524761044372511E-003  4.050421479180333E-004  4.079652301632742E-004
  6.332811667993520E-002  0.600014220931007     
 Constraint value, mean lift and its standard deviation: -2.212533789817117E-004
  0.800221253378982       0.000000000000000E+000
 Calc obj  3.606889493370179E-004  4.549160959868598E-004
  8.103371355408888E-003  8.220445812920309E-003  8.523133626867638E-003
  8.807399186084126E-003  9.077529541407864E-003 -8.301897201729747E-003
  7.579075507863939E-003  6.370682715092453E-003  2.011467605693488E-003
  7.524761044372511E-003  4.050421479180333E-004  4.079652301632742E-004
  6.332811667993520E-002  0.600014220931007     
 Design variables:  3.606889493370179E-004  4.549160959868598E-004
  8.103371355408888E-003  8.220445812920309E-003  8.523133626867638E-003
  8.807399186084126E-003  9.077529541407864E-003 -8.301897201729747E-003
  7.579075507863939E-003  6.370682715092453E-003  2.011467605693488E-003
  7.524761044372511E-003  4.050421479180333E-004  4.079652301632742E-004
  6.332811667993520E-002  0.600014220931007     
 Mean drag value and variance:  2.070437730161438E-003  0.000000000000000E+000
   14  0.2070438E-02  0.2956386E-02  0.4033541E-04  0.8235861E-03  0.8848231E-06
 Calc con  1.055723672809277E-003  9.145181754703913E-004
  9.339555416985669E-003  9.245971222446367E-003  9.389961074272665E-003
  9.635204641343249E-003  9.804872258619857E-003 -9.737605550342058E-003
  8.136455096849392E-003  6.173515083163775E-003  2.817433397722521E-004
  8.035040816382646E-003  9.736383872429162E-004  1.012900804582303E-003
  6.065198736888735E-002  0.600185275044457     
 Design variables:  1.055723672809277E-003  9.145181754703913E-004
  9.339555416985669E-003  9.245971222446367E-003  9.389961074272665E-003
  9.635204641343249E-003  9.804872258619857E-003 -9.737605550342058E-003
  8.136455096849392E-003  6.173515083163775E-003  2.817433397722521E-004
  8.035040816382646E-003  9.736383872429162E-004  1.012900804582303E-003
  6.065198736888735E-002  0.600185275044457     
 Constraint value, mean lift and its standard deviation: -9.550083016174327E-005
  0.800095500830162       0.000000000000000E+000
 Calc obj  1.055723672809277E-003  9.145181754703913E-004
  9.339555416985669E-003  9.245971222446367E-003  9.389961074272665E-003
  9.635204641343249E-003  9.804872258619857E-003 -9.737605550342058E-003
  8.136455096849392E-003  6.173515083163775E-003  2.817433397722521E-004
  8.035040816382646E-003  9.736383872429162E-004  1.012900804582303E-003
  6.065198736888735E-002  0.600185275044457     
 Design variables:  1.055723672809277E-003  9.145181754703913E-004
  9.339555416985669E-003  9.245971222446367E-003  9.389961074272665E-003
  9.635204641343249E-003  9.804872258619857E-003 -9.737605550342058E-003
  8.136455096849392E-003  6.173515083163775E-003  2.817433397722521E-004
  8.035040816382646E-003  9.736383872429162E-004  1.012900804582303E-003
  6.065198736888735E-002  0.600185275044457     
 Mean drag value and variance:  2.061336697387984E-003  0.000000000000000E+000
   15  0.2061337E-02  0.2676129E-02  0.4028502E-04  0.3286901E-03  0.2742615E-06
 Calc con  1.161518402198167E-003  1.131088440952754E-003
  9.774930939675212E-003  9.738656363470167E-003  9.795700505466859E-003
  9.861988870443998E-003  9.898424116564185E-003 -9.997769213907574E-003
  8.013560132077735E-003  6.493154062374526E-003 -1.023939785090095E-003
  9.253907672409233E-003  1.142164539942080E-003  1.151159613552216E-003
  5.951336574236586E-002  0.600090290981764     
 Design variables:  1.161518402198167E-003  1.131088440952754E-003
  9.774930939675212E-003  9.738656363470167E-003  9.795700505466859E-003
  9.861988870443998E-003  9.898424116564185E-003 -9.997769213907574E-003
  8.013560132077735E-003  6.493154062374526E-003 -1.023939785090095E-003
  9.253907672409233E-003  1.142164539942080E-003  1.151159613552216E-003
  5.951336574236586E-002  0.600090290981764     
 Constraint value, mean lift and its standard deviation: -3.096322906603888E-005
  0.800030963229066       0.000000000000000E+000
 Calc obj  1.161518402198167E-003  1.131088440952754E-003
  9.774930939675212E-003  9.738656363470167E-003  9.795700505466859E-003
  9.861988870443998E-003  9.898424116564185E-003 -9.997769213907574E-003
  8.013560132077735E-003  6.493154062374526E-003 -1.023939785090095E-003
  9.253907672409233E-003  1.142164539942080E-003  1.151159613552216E-003
  5.951336574236586E-002  0.600090290981764     
 Design variables:  1.161518402198167E-003  1.131088440952754E-003
  9.774930939675212E-003  9.738656363470167E-003  9.795700505466859E-003
  9.861988870443998E-003  9.898424116564185E-003 -9.997769213907574E-003
  8.013560132077735E-003  6.493154062374526E-003 -1.023939785090095E-003
  9.253907672409233E-003  1.142164539942080E-003  1.151159613552216E-003
  5.951336574236586E-002  0.600090290981764     
 Mean drag value and variance:  2.058214431011039E-003  0.000000000000000E+000
   16  0.2058214E-02  0.1305683E-02  0.7371392E-05  0.2373772E-03  0.1191515E-06
 Calc con  1.211203494743539E-003  1.204641453433203E-003
  9.916158613164515E-003  9.916884300736877E-003  9.936090302089636E-003
  9.951845974693138E-003  9.961156643697599E-003 -9.942648211133876E-003
  7.644066252886891E-003  7.014115534632670E-003 -1.936292962744742E-003
  9.999832892295136E-003  1.208085084986562E-003  1.210919959040549E-003
  5.902200138908349E-002  0.600038901862042     
 Design variables:  1.211203494743539E-003  1.204641453433203E-003
  9.916158613164515E-003  9.916884300736877E-003  9.936090302089636E-003
  9.951845974693138E-003  9.961156643697599E-003 -9.942648211133876E-003
  7.644066252886891E-003  7.014115534632670E-003 -1.936292962744742E-003
  9.999832892295136E-003  1.208085084986562E-003  1.210919959040549E-003
  5.902200138908349E-002  0.600038901862042     
 Constraint value, mean lift and its standard deviation: -1.232737668976913E-005
  0.800012327376690       0.000000000000000E+000
 Calc obj  1.211203494743539E-003  1.204641453433203E-003
  9.916158613164515E-003  9.916884300736877E-003  9.936090302089636E-003
  9.951845974693138E-003  9.961156643697599E-003 -9.942648211133876E-003
  7.644066252886891E-003  7.014115534632670E-003 -1.936292962744742E-003
  9.999832892295136E-003  1.208085084986562E-003  1.210919959040549E-003
  5.902200138908349E-002  0.600038901862042     
 Design variables:  1.211203494743539E-003  1.204641453433203E-003
  9.916158613164515E-003  9.916884300736877E-003  9.936090302089636E-003
  9.951845974693138E-003  9.961156643697599E-003 -9.942648211133876E-003
  7.644066252886891E-003  7.014115534632670E-003 -1.936292962744742E-003
  9.999832892295136E-003  1.208085084986562E-003  1.210919959040549E-003
  5.902200138908349E-002  0.600038901862042     
 Mean drag value and variance:  2.057101893088878E-003  0.000000000000000E+000
   17  0.2057102E-02  0.9126538E-03  0.2550574E-05  0.3896548E-04  0.4959417E-07
 Calc con  1.247755311888036E-003  1.247671781033381E-003
  9.997040667091384E-003  9.996755230032657E-003  9.997522618744507E-003
  9.998312456224446E-003  9.998760542632708E-003 -9.994894105523263E-003
  7.545980604410175E-003  7.294335790307435E-003 -2.313065048297252E-003
  9.993344367476092E-003  1.247664083414708E-003  1.247789076599246E-003
  5.891822388025012E-002  0.600001242449665     
 Design variables:  1.247755311888036E-003  1.247671781033381E-003
  9.997040667091384E-003  9.996755230032657E-003  9.997522618744507E-003
  9.998312456224446E-003  9.998760542632708E-003 -9.994894105523263E-003
  7.545980604410175E-003  7.294335790307435E-003 -2.313065048297252E-003
  9.993344367476092E-003  1.247664083414708E-003  1.247789076599246E-003
  5.891822388025012E-002  0.600001242449665     
 Constraint value, mean lift and its standard deviation: -7.539106234855097E-007
  0.800000753910624       0.000000000000000E+000
 Calc obj  1.247755311888036E-003  1.247671781033381E-003
  9.997040667091384E-003  9.996755230032657E-003  9.997522618744507E-003
  9.998312456224446E-003  9.998760542632708E-003 -9.994894105523263E-003
  7.545980604410175E-003  7.294335790307435E-003 -2.313065048297252E-003
  9.993344367476092E-003  1.247664083414708E-003  1.247789076599246E-003
  5.891822388025012E-002  0.600001242449665     
 Design variables:  1.247755311888036E-003  1.247671781033381E-003
  9.997040667091384E-003  9.996755230032657E-003  9.997522618744507E-003
  9.998312456224446E-003  9.998760542632708E-003 -9.994894105523263E-003
  7.545980604410175E-003  7.294335790307435E-003 -2.313065048297252E-003
  9.993344367476092E-003  1.247664083414708E-003  1.247789076599246E-003
  5.891822388025012E-002  0.600001242449665     
 Mean drag value and variance:  2.056510888790067E-003  0.000000000000000E+000
   18  0.2056511E-02  0.3767721E-03  0.4412241E-06  0.4012039E-04  0.1644765E-08
 Calc con  1.250008730307796E-003  1.249995558034656E-003
  9.999990352108868E-003  9.999998328406878E-003  9.999990615895821E-003
  9.999987540448643E-003  9.999988123186093E-003 -9.999911189304605E-003
  7.406961105944292E-003  7.870320518691057E-003 -2.979037513948056E-003
  9.999984766142932E-003  1.249997436298948E-003  1.249994168611842E-003
  5.904573981501727E-002  0.600000009965461     
 Design variables:  1.250008730307796E-003  1.249995558034656E-003
  9.999990352108868E-003  9.999998328406878E-003  9.999990615895821E-003
  9.999987540448643E-003  9.999988123186093E-003 -9.999911189304605E-003
  7.406961105944292E-003  7.870320518691057E-003 -2.979037513948056E-003
  9.999984766142932E-003  1.249997436298948E-003  1.249994168611842E-003
  5.904573981501727E-002  0.600000009965461     
 Constraint value, mean lift and its standard deviation: -1.197106049843910E-006
  0.800001197106050       0.000000000000000E+000
 Calc obj  1.250008730307796E-003  1.249995558034656E-003
  9.999990352108868E-003  9.999998328406878E-003  9.999990615895821E-003
  9.999987540448643E-003  9.999988123186093E-003 -9.999911189304605E-003
  7.406961105944292E-003  7.870320518691057E-003 -2.979037513948056E-003
  9.999984766142932E-003  1.249997436298948E-003  1.249994168611842E-003
  5.904573981501727E-002  0.600000009965461     
 Design variables:  1.250008730307796E-003  1.249995558034656E-003
  9.999990352108868E-003  9.999998328406878E-003  9.999990615895821E-003
  9.999987540448643E-003  9.999988123186093E-003 -9.999911189304605E-003
  7.406961105944292E-003  7.870320518691057E-003 -2.979037513948056E-003
  9.999984766142932E-003  1.249997436298948E-003  1.249994168611842E-003
  5.904573981501727E-002  0.600000009965461     
 Mean drag value and variance:  2.056468546104349E-003  0.000000000000000E+000
   19  0.2056469E-02  0.6659725E-03  0.1200366E-05  0.1120442E-03  0.3433930E-10
 Calc con  1.250002531131290E-003  1.250001278453961E-003
  9.999993692784422E-003  9.999993156751118E-003  9.999996675322429E-003
  1.000000007341935E-002  1.000000207496019E-002 -9.999995089565854E-003
  7.188109322228591E-003  8.826731836920296E-003 -4.024104523957359E-003
  9.999974945130077E-003  1.250001756611651E-003  1.250002194389882E-003
  5.924061103369478E-002  0.599999997578128     
 Design variables:  1.250002531131290E-003  1.250001278453961E-003
  9.999993692784422E-003  9.999993156751118E-003  9.999996675322429E-003
  1.000000007341935E-002  1.000000207496019E-002 -9.999995089565854E-003
  7.188109322228591E-003  8.826731836920296E-003 -4.024104523957359E-003
  9.999974945130077E-003  1.250001756611651E-003  1.250002194389882E-003
  5.924061103369478E-002  0.599999997578128     
 Constraint value, mean lift and its standard deviation: -2.876366794080099E-006
  0.800002876366794       0.000000000000000E+000
 Calc obj  1.250002531131290E-003  1.250001278453961E-003
  9.999993692784422E-003  9.999993156751118E-003  9.999996675322429E-003
  1.000000007341935E-002  1.000000207496019E-002 -9.999995089565854E-003
  7.188109322228591E-003  8.826731836920296E-003 -4.024104523957359E-003
  9.999974945130077E-003  1.250001756611651E-003  1.250002194389882E-003
  5.924061103369478E-002  0.599999997578128     
 Design variables:  1.250002531131290E-003  1.250001278453961E-003
  9.999993692784422E-003  9.999993156751118E-003  9.999996675322429E-003
  1.000000007341935E-002  1.000000207496019E-002 -9.999995089565854E-003
  7.188109322228591E-003  8.826731836920296E-003 -4.024104523957359E-003
  9.999974945130077E-003  1.250001756611651E-003  1.250002194389882E-003
  5.924061103369478E-002  0.599999997578128     
 Mean drag value and variance:  2.056460898258735E-003  0.000000000000000E+000
   20  0.2056461E-02  0.1045067E-02  0.2884394E-05  0.1285038E-03  0.1000000E-10
 Calc con  1.250002476036272E-003  1.250001276896339E-003
  9.999993670196128E-003  9.999993073011028E-003  9.999996695783145E-003
  1.000000010171237E-002  1.000000207840651E-002 -9.999997120500710E-003
  7.014348522298623E-003  9.486296181186453E-003 -4.626682434812558E-003
  9.999975806536759E-003  1.250001787163107E-003  1.250002215547319E-003
  5.931926380171079E-002  0.599999997601757     
 Design variables:  1.250002476036272E-003  1.250001276896339E-003
  9.999993670196128E-003  9.999993073011028E-003  9.999996695783145E-003
  1.000000010171237E-002  1.000000207840651E-002 -9.999997120500710E-003
  7.014348522298623E-003  9.486296181186453E-003 -4.626682434812558E-003
  9.999975806536759E-003  1.250001787163107E-003  1.250002215547319E-003
  5.931926380171079E-002  0.599999997601757     
 Constraint value, mean lift and its standard deviation: -7.232028199632978E-007
  0.800000723202820       0.000000000000000E+000
 Calc obj  1.250002476036272E-003  1.250001276896339E-003
  9.999993670196128E-003  9.999993073011028E-003  9.999996695783145E-003
  1.000000010171237E-002  1.000000207840651E-002 -9.999997120500710E-003
  7.014348522298623E-003  9.486296181186453E-003 -4.626682434812558E-003
  9.999975806536759E-003  1.250001787163107E-003  1.250002215547319E-003
  5.931926380171079E-002  0.599999997601757     
 Design variables:  1.250002476036272E-003  1.250001276896339E-003
  9.999993670196128E-003  9.999993073011028E-003  9.999996695783145E-003
  1.000000010171237E-002  1.000000207840651E-002 -9.999997120500710E-003
  7.014348522298623E-003  9.486296181186453E-003 -4.626682434812558E-003
  9.999975806536759E-003  1.250001787163107E-003  1.250002215547319E-003
  5.931926380171079E-002  0.599999997601757     
 Mean drag value and variance:  2.056442526163777E-003  0.000000000000000E+000
   21  0.2056443E-02  0.6595643E-03  0.7312297E-06  0.8130877E-04  0.1000000E-10
 Calc con  1.249285031878907E-003  1.249169512677266E-003
  9.998436581200264E-003  9.998379037346850E-003  9.998728122559929E-003
  9.999056288552438E-003  9.999246741081004E-003 -9.998766677300337E-003
  6.826511298316041E-003  9.999968230560870E-003 -4.929457692621400E-003
  9.996714806114811E-003  1.249218699895480E-003  1.249259958925747E-003
  5.931896272663278E-002  0.600000722438817     
 Design variables:  1.249285031878907E-003  1.249169512677266E-003
  9.998436581200264E-003  9.998379037346850E-003  9.998728122559929E-003
  9.999056288552438E-003  9.999246741081004E-003 -9.998766677300337E-003
  6.826511298316041E-003  9.999968230560870E-003 -4.929457692621400E-003
  9.996714806114811E-003  1.249218699895480E-003  1.249259958925747E-003
  5.931896272663278E-002  0.600000722438817     
 Constraint value, mean lift and its standard deviation: -5.434117426039720E-007
  0.800000543411743       0.000000000000000E+000
 Calc obj  1.249285031878907E-003  1.249169512677266E-003
  9.998436581200264E-003  9.998379037346850E-003  9.998728122559929E-003
  9.999056288552438E-003  9.999246741081004E-003 -9.998766677300337E-003
  6.826511298316041E-003  9.999968230560870E-003 -4.929457692621400E-003
  9.996714806114811E-003  1.249218699895480E-003  1.249259958925747E-003
  5.931896272663278E-002  0.600000722438817     
 Design variables:  1.249285031878907E-003  1.249169512677266E-003
  9.998436581200264E-003  9.998379037346850E-003  9.998728122559929E-003
  9.999056288552438E-003  9.999246741081004E-003 -9.998766677300337E-003
  6.826511298316041E-003  9.999968230560870E-003 -4.929457692621400E-003
  9.996714806114811E-003  1.249218699895480E-003  1.249259958925747E-003
  5.931896272663278E-002  0.600000722438817     
 Mean drag value and variance:  2.056445771526262E-003  0.000000000000000E+000
   22  0.2056446E-02  0.6430977E-03  0.3633016E-06  0.3675481E-04  0.1203770E-08
 Calc con  1.249952376723767E-003  1.249942056469175E-003
  9.999877775210312E-003  9.999870837153795E-003  9.999901130265627E-003
  9.999930044048703E-003  9.999946912009559E-003 -9.999939612089774E-003
  6.747033520681855E-003  9.969511765786322E-003 -4.592868876864675E-003
  9.999626686835510E-003  1.249948612522213E-003  1.249952047916198E-003
  5.917897406737113E-002  0.600000049212544     
 Design variables:  1.249952376723767E-003  1.249942056469175E-003
  9.999877775210312E-003  9.999870837153795E-003  9.999901130265627E-003
  9.999930044048703E-003  9.999946912009559E-003 -9.999939612089774E-003
  6.747033520681855E-003  9.969511765786322E-003 -4.592868876864675E-003
  9.999626686835510E-003  1.249948612522213E-003  1.249952047916198E-003
  5.917897406737113E-002  0.600000049212544     
 Constraint value, mean lift and its standard deviation: -1.189595080663963E-006
  0.800001189595081       0.000000000000000E+000
 Calc obj  1.249952376723767E-003  1.249942056469175E-003
  9.999877775210312E-003  9.999870837153795E-003  9.999901130265627E-003
  9.999930044048703E-003  9.999946912009559E-003 -9.999939612089774E-003
  6.747033520681855E-003  9.969511765786322E-003 -4.592868876864675E-003
  9.999626686835510E-003  1.249948612522213E-003  1.249952047916198E-003
  5.917897406737113E-002  0.600000049212544     
 Design variables:  1.249952376723767E-003  1.249942056469175E-003
  9.999877775210312E-003  9.999870837153795E-003  9.999901130265627E-003
  9.999930044048703E-003  9.999946912009559E-003 -9.999939612089774E-003
  6.747033520681855E-003  9.969511765786322E-003 -4.592868876864675E-003
  9.999626686835510E-003  1.249948612522213E-003  1.249952047916198E-003
  5.917897406737113E-002  0.600000049212544     
 Mean drag value and variance:  2.056431956826953E-003  0.000000000000000E+000
   23  0.2056432E-02  0.3365888E-03  0.1184339E-05  0.6819615E-04  0.7730767E-10
 Calc con  1.249895780765962E-003  1.249877514719278E-003
  9.999761163916345E-003  9.999751955197818E-003  9.999807368015234E-003
  9.999859370400240E-003  9.999889506963983E-003 -9.999823904953804E-003
  6.638071105579778E-003  9.994584890833502E-003 -4.299109438272444E-003
  9.999475030235050E-003  1.249886093406997E-003  1.249892002462195E-003
  5.905408175254719E-002  0.600000105076998     
 Design variables:  1.249895780765962E-003  1.249877514719278E-003
  9.999761163916345E-003  9.999751955197818E-003  9.999807368015234E-003
  9.999859370400240E-003  9.999889506963983E-003 -9.999823904953804E-003
  6.638071105579778E-003  9.994584890833502E-003 -4.299109438272444E-003
  9.999475030235050E-003  1.249886093406997E-003  1.249892002462195E-003
  5.905408175254719E-002  0.600000105076998     
 Constraint value, mean lift and its standard deviation: -1.088973304308460E-006
  0.800001088973304       0.000000000000000E+000
 Calc obj  1.249895780765962E-003  1.249877514719278E-003
  9.999761163916345E-003  9.999751955197818E-003  9.999807368015234E-003
  9.999859370400240E-003  9.999889506963983E-003 -9.999823904953804E-003
  6.638071105579778E-003  9.994584890833502E-003 -4.299109438272444E-003
  9.999475030235050E-003  1.249886093406997E-003  1.249892002462195E-003
  5.905408175254719E-002  0.600000105076998     
 Design variables:  1.249895780765962E-003  1.249877514719278E-003
  9.999761163916345E-003  9.999751955197818E-003  9.999807368015234E-003
  9.999859370400240E-003  9.999889506963983E-003 -9.999823904953804E-003
  6.638071105579778E-003  9.994584890833502E-003 -4.299109438272444E-003
  9.999475030235050E-003  1.249886093406997E-003  1.249892002462195E-003
  5.905408175254719E-002  0.600000105076998     
 Mean drag value and variance:  2.056428663058472E-003  0.000000000000000E+000
   24  0.2056429E-02  0.2937594E-03  0.1069021E-05  0.9532250E-04  0.1517940E-09
 Calc con  1.249986070559520E-003  1.249982231453250E-003
  9.999957829787473E-003  9.999955841013267E-003  9.999967413706193E-003
  9.999978322411321E-003  9.999984667535263E-003 -9.999975119408599E-003
  6.501233092939895E-003  1.000000620738366E-002 -3.929088720287448E-003
  9.999889688269490E-003  1.249984585040085E-003  1.249985557057879E-003
  5.890851486857576E-002  0.600000013806855     
 Design variables:  1.249986070559520E-003  1.249982231453250E-003
  9.999957829787473E-003  9.999955841013267E-003  9.999967413706193E-003
  9.999978322411321E-003  9.999984667535263E-003 -9.999975119408599E-003
  6.501233092939895E-003  1.000000620738366E-002 -3.929088720287448E-003
  9.999889688269490E-003  1.249984585040085E-003  1.249985557057879E-003
  5.890851486857576E-002  0.600000013806855     
 Constraint value, mean lift and its standard deviation: -1.515918045980058E-006
  0.800001515918046       0.000000000000000E+000
 Calc obj  1.249986070559520E-003  1.249982231453250E-003
  9.999957829787473E-003  9.999955841013267E-003  9.999967413706193E-003
  9.999978322411321E-003  9.999984667535263E-003 -9.999975119408599E-003
  6.501233092939895E-003  1.000000620738366E-002 -3.929088720287448E-003
  9.999889688269490E-003  1.249984585040085E-003  1.249985557057879E-003
  5.890851486857576E-002  0.600000013806855     
 Design variables:  1.249986070559520E-003  1.249982231453250E-003
  9.999957829787473E-003  9.999955841013267E-003  9.999967413706193E-003
  9.999978322411321E-003  9.999984667535263E-003 -9.999975119408599E-003
  6.501233092939895E-003  1.000000620738366E-002 -3.929088720287448E-003
  9.999889688269490E-003  1.249984585040085E-003  1.249985557057879E-003
  5.890851486857576E-002  0.600000013806855     
 Mean drag value and variance:  2.056426466176301E-003  0.000000000000000E+000
   25  0.2056426E-02  0.3700207E-03  0.1519599E-05  0.9388113E-04  0.3204448E-10
 Calc con  1.250002497876481E-003  1.250001287650314E-003
  9.999993589897699E-003  9.999992956022719E-003  9.999996611271959E-003
  1.000000005219345E-002  1.000000204865602E-002 -9.999998403079991E-003
  6.457809124022156E-003  9.999528601516752E-003 -3.839394983710321E-003
  9.999973743954197E-003  1.250001924417636E-003  1.250002268436004E-003
  5.887886077630909E-002  0.599999997541299     
 Design variables:  1.250002497876481E-003  1.250001287650314E-003
  9.999993589897699E-003  9.999992956022719E-003  9.999996611271959E-003
  1.000000005219345E-002  1.000000204865602E-002 -9.999998403079991E-003
  6.457809124022156E-003  9.999528601516752E-003 -3.839394983710321E-003
  9.999973743954197E-003  1.250001924417636E-003  1.250002268436004E-003
  5.887886077630909E-002  0.599999997541299     
 Constraint value, mean lift and its standard deviation: -6.986945322307037E-008
  0.800000069869453       0.000000000000000E+000
 Calc obj  1.250002497876481E-003  1.250001287650314E-003
  9.999993589897699E-003  9.999992956022719E-003  9.999996611271959E-003
  1.000000005219345E-002  1.000000204865602E-002 -9.999998403079991E-003
  6.457809124022156E-003  9.999528601516752E-003 -3.839394983710321E-003
  9.999973743954197E-003  1.250001924417636E-003  1.250002268436004E-003
  5.887886077630909E-002  0.599999997541299     
 Design variables:  1.250002497876481E-003  1.250001287650314E-003
  9.999993589897699E-003  9.999992956022719E-003  9.999996611271959E-003
  1.000000005219345E-002  1.000000204865602E-002 -9.999998403079991E-003
  6.457809124022156E-003  9.999528601516752E-003 -3.839394983710321E-003
  9.999973743954197E-003  1.250001924417636E-003  1.250002268436004E-003
  5.887886077630909E-002  0.599999997541299     
 Mean drag value and variance:  2.056417976311610E-003  0.000000000000000E+000
   26  0.2056418E-02  0.8969374E-04  0.7789647E-07  0.5829335E-04  0.1000000E-10
 
 The solution was found.
 
 The final value of the objective function is   2.056417976311610E-003
 
 The optimal values of X are:
 
 X  (           1 ) =   1.250000000000000E-003
 X  (           2 ) =   1.250000000000000E-003
 X  (           3 ) =   9.999993589897699E-003
 X  (           4 ) =   9.999992956022719E-003
 X  (           5 ) =   9.999996611271959E-003
 X  (           6 ) =   1.000000000000000E-002
 X  (           7 ) =   1.000000000000000E-002
 X  (           8 ) =  -9.999998403079991E-003
 X  (           9 ) =   6.457809124022156E-003
 X  (          10 ) =   9.999528601516752E-003
 X  (          11 ) =  -3.839394983710321E-003
 X  (          12 ) =   9.999973743954197E-003
 X  (          13 ) =   1.250000000000000E-003
 X  (          14 ) =   1.250000000000000E-003
 X  (          15 ) =    3.37351022502088     
 X  (          16 ) =   0.600000000000000     
 
 The multipliers for the equality constraints are:
 
 LAM(           1 ) =   5.068469511425967E-003
 
 Mean drag and its variance:  2.056417976311610E-003  0.000000000000000E+000
