 >> Number of Processors =   1
 Calc con  0.000000000000000E+000  0.000000000000000E+000
  0.000000000000000E+000  0.000000000000000E+000  0.000000000000000E+000
  0.000000000000000E+000  0.000000000000000E+000  0.000000000000000E+000
  0.000000000000000E+000  0.000000000000000E+000  0.000000000000000E+000
  0.000000000000000E+000  0.000000000000000E+000  0.000000000000000E+000
  3.490658503988659E-002  0.590000000000000     
 Design variables:  0.000000000000000E+000  0.000000000000000E+000
  0.000000000000000E+000  0.000000000000000E+000  0.000000000000000E+000
  0.000000000000000E+000  0.000000000000000E+000  0.000000000000000E+000
  0.000000000000000E+000  0.000000000000000E+000  0.000000000000000E+000
  0.000000000000000E+000  0.000000000000000E+000  0.000000000000000E+000
  3.490658503988659E-002  0.590000000000000     
 Constraint value, mean lift and its standard deviation:  0.494134790637399     
  0.305865209362601       0.000000000000000E+000
 Calc obj  0.000000000000000E+000  0.000000000000000E+000
  0.000000000000000E+000  0.000000000000000E+000  0.000000000000000E+000
  0.000000000000000E+000  0.000000000000000E+000  0.000000000000000E+000
  0.000000000000000E+000  0.000000000000000E+000  0.000000000000000E+000
  0.000000000000000E+000  0.000000000000000E+000  0.000000000000000E+000
  3.490658503988659E-002  0.590000000000000     
 Design variables:  0.000000000000000E+000  0.000000000000000E+000
  0.000000000000000E+000  0.000000000000000E+000  0.000000000000000E+000
  0.000000000000000E+000  0.000000000000000E+000  0.000000000000000E+000
  0.000000000000000E+000  0.000000000000000E+000  0.000000000000000E+000
  0.000000000000000E+000  0.000000000000000E+000  0.000000000000000E+000
  3.490658503988659E-002  0.590000000000000     
 Mean drag value and variance:  4.009676371447537E-004  0.000000000000000E+000
 
 iter    objective      ||grad||        inf_pr          inf_du         lg(mu)
    0  0.4009676E-03  0.0000000E+00  0.5041348E+00  0.9960624E+00  0.1000000E+01
 Calc con  1.228244899496203E-003  8.713514570597323E-004
  4.908631623870009E-003  4.360467970021242E-003  3.895088064774270E-003
  3.467422712480970E-003  3.014626578250071E-003  3.639388319044089E-003
  4.017868649633993E-003  4.361482803097397E-003  4.746121552999529E-003
  5.230515527421172E-003  8.967652674561053E-004  1.237509900000000E-003
  6.772063721721452E-002  0.591471291268390     
 Design variables:  1.228244899496203E-003  8.713514570597323E-004
  4.908631623870009E-003  4.360467970021242E-003  3.895088064774270E-003
  3.467422712480970E-003  3.014626578250071E-003  3.639388319044089E-003
  4.017868649633993E-003  4.361482803097397E-003  4.746121552999529E-003
  5.230515527421172E-003  8.967652674561053E-004  1.237509900000000E-003
  6.772063721721452E-002  0.591471291268390     
 Constraint value, mean lift and its standard deviation: -6.367847421276274E-003
  0.806367847421276       0.000000000000000E+000
 Calc obj  1.228244899496203E-003  8.713514570597323E-004
  4.908631623870009E-003  4.360467970021242E-003  3.895088064774270E-003
  3.467422712480970E-003  3.014626578250071E-003  3.639388319044089E-003
  4.017868649633993E-003  4.361482803097397E-003  4.746121552999529E-003
  5.230515527421172E-003  8.967652674561053E-004  1.237509900000000E-003
  6.772063721721452E-002  0.591471291268390     
 Design variables:  1.228244899496203E-003  8.713514570597323E-004
  4.908631623870009E-003  4.360467970021242E-003  3.895088064774270E-003
  3.467422712480970E-003  3.014626578250071E-003  3.639388319044089E-003
  4.017868649633993E-003  4.361482803097397E-003  4.746121552999529E-003
  5.230515527421172E-003  8.967652674561053E-004  1.237509900000000E-003
  6.772063721721452E-002  0.591471291268390     
 Mean drag value and variance:  2.135687354829528E-003  0.000000000000000E+000
    1  0.2135687E-02  0.3968459E-01  0.3938331E-01  0.2181646E+00  0.4210486E-01
 Calc con  1.139028311557628E-003  8.118419549337468E-004
  4.871224252153908E-003  4.339555677261974E-003  3.884190844421799E-003
  3.463296601996131E-003  3.015346100296206E-003  3.726594111151538E-003
  4.094068013267244E-003  4.422189016689761E-003  4.785416078260046E-003
  5.238671536441899E-003  8.356862544412859E-004  1.147462606823107E-003
  6.709659444207824E-002  0.626974058489979     
 Design variables:  1.139028311557628E-003  8.118419549337468E-004
  4.871224252153908E-003  4.339555677261974E-003  3.884190844421799E-003
  3.463296601996131E-003  3.015346100296206E-003  3.726594111151538E-003
  4.094068013267244E-003  4.422189016689761E-003  4.785416078260046E-003
  5.238671536441899E-003  8.356862544412859E-004  1.147462606823107E-003
  6.709659444207824E-002  0.626974058489979     
 Constraint value, mean lift and its standard deviation: -4.597977564022149E-002
  0.845979775640222       0.000000000000000E+000
 Calc obj  1.139028311557628E-003  8.118419549337468E-004
  4.871224252153908E-003  4.339555677261974E-003  3.884190844421799E-003
  3.463296601996131E-003  3.015346100296206E-003  3.726594111151538E-003
  4.094068013267244E-003  4.422189016689761E-003  4.785416078260046E-003
  5.238671536441899E-003  8.356862544412859E-004  1.147462606823107E-003
  6.709659444207824E-002  0.626974058489979     
 Design variables:  1.139028311557628E-003  8.118419549337468E-004
  4.871224252153908E-003  4.339555677261974E-003  3.884190844421799E-003
  3.463296601996131E-003  3.015346100296206E-003  3.726594111151538E-003
  4.094068013267244E-003  4.422189016689761E-003  4.785416078260046E-003
  5.238671536441899E-003  8.356862544412859E-004  1.147462606823107E-003
  6.709659444207824E-002  0.626974058489979     
 Mean drag value and variance:  3.035963624247975E-003  0.000000000000000E+000
    2  0.3035964E-02  0.3550277E-01  0.4268080E-02  0.2571899E+00  0.3173022E-02
 Calc con  9.777591780153832E-004  6.982715133351381E-004
  4.935480008972943E-003  4.436150414589504E-003  4.004065920473533E-003
  3.600580972923258E-003  3.163818971089072E-003  3.433659594077822E-003
  4.281864835571856E-003  4.955411939961247E-003  5.322712756438458E-003
  5.552861048659059E-003  7.208593765656377E-004  9.859577690733547E-004
  6.686055544944876E-002  0.616065092155008     
 Design variables:  9.777591780153832E-004  6.982715133351381E-004
  4.935480008972943E-003  4.436150414589504E-003  4.004065920473533E-003
  3.600580972923258E-003  3.163818971089072E-003  3.433659594077822E-003
  4.281864835571856E-003  4.955411939961247E-003  5.322712756438458E-003
  5.552861048659059E-003  7.208593765656377E-004  9.859577690733547E-004
  6.686055544944876E-002  0.616065092155008     
 Constraint value, mean lift and its standard deviation: -3.348010889855113E-002
  0.833480108898551       0.000000000000000E+000
 Calc obj  9.777591780153832E-004  6.982715133351381E-004
  4.935480008972943E-003  4.436150414589504E-003  4.004065920473533E-003
  3.600580972923258E-003  3.163818971089072E-003  3.433659594077822E-003
  4.281864835571856E-003  4.955411939961247E-003  5.322712756438458E-003
  5.552861048659059E-003  7.208593765656377E-004  9.859577690733547E-004
  6.686055544944876E-002  0.616065092155008     
 Design variables:  9.777591780153832E-004  6.982715133351381E-004
  4.935480008972943E-003  4.436150414589504E-003  4.004065920473533E-003
  3.600580972923258E-003  3.163818971089072E-003  3.433659594077822E-003
  4.281864835571856E-003  4.955411939961247E-003  5.322712756438458E-003
  5.552861048659059E-003  7.208593765656377E-004  9.859577690733547E-004
  6.686055544944876E-002  0.616065092155008     
 Mean drag value and variance:  2.380975616285259E-003  0.000000000000000E+000
    3  0.2380976E-02  0.1090897E-01  0.1327548E-02  0.5870800E-01  0.8850362E-03
 Calc con  9.574548572332452E-004  6.837965800573567E-004
  4.961948214221057E-003  4.470067946307675E-003  4.047189732740770E-003
  3.653491471942360E-003  3.225050500701230E-003  3.471646055988021E-003
  4.434718583084444E-003  5.031600907662858E-003  5.297469143166321E-003
  5.512581986976525E-003  7.067681101863995E-004  9.659338882580964E-004
  6.686332883444562E-002  0.612525695064383     
 Design variables:  9.574548572332452E-004  6.837965800573567E-004
  4.961948214221057E-003  4.470067946307675E-003  4.047189732740770E-003
  3.653491471942360E-003  3.225050500701230E-003  3.471646055988021E-003
  4.434718583084444E-003  5.031600907662858E-003  5.297469143166321E-003
  5.512581986976525E-003  7.067681101863995E-004  9.659338882580964E-004
  6.686332883444562E-002  0.612525695064383     
 Constraint value, mean lift and its standard deviation: -2.945295916313495E-002
  0.829452959163135       0.000000000000000E+000
 Calc obj  9.574548572332452E-004  6.837965800573567E-004
  4.961948214221057E-003  4.470067946307675E-003  4.047189732740770E-003
  3.653491471942360E-003  3.225050500701230E-003  3.471646055988021E-003
  4.434718583084444E-003  5.031600907662858E-003  5.297469143166321E-003
  5.512581986976525E-003  7.067681101863995E-004  9.659338882580964E-004
  6.686332883444562E-002  0.612525695064383     
 Design variables:  9.574548572332452E-004  6.837965800573567E-004
  4.961948214221057E-003  4.470067946307675E-003  4.047189732740770E-003
  3.653491471942360E-003  3.225050500701230E-003  3.471646055988021E-003
  4.434718583084444E-003  5.031600907662858E-003  5.297469143166321E-003
  5.512581986976525E-003  7.067681101863995E-004  9.659338882580964E-004
  6.686332883444562E-002  0.612525695064383     
 Mean drag value and variance:  2.316892477545920E-003  0.000000000000000E+000
    4  0.2316892E-02  0.5039765E-02  0.3149332E-03  0.2432036E-01  0.2546968E-04
 Calc con  6.567735641152690E-004  4.878453398043422E-004
  5.561720455120990E-003  5.090298613789175E-003  4.716338592989262E-003
  4.379638300994185E-003  3.986931163612654E-003  3.540735786492339E-003
  3.581539277587880E-003  3.665017821072681E-003  3.964790863288978E-003
  5.520902368968021E-003  5.224119607500087E-004  6.716034618958529E-004
  6.767874817554441E-002  0.600451632281533     
 Design variables:  6.567735641152690E-004  4.878453398043422E-004
  5.561720455120990E-003  5.090298613789175E-003  4.716338592989262E-003
  4.379638300994185E-003  3.986931163612654E-003  3.540735786492339E-003
  3.581539277587880E-003  3.665017821072681E-003  3.964790863288978E-003
  5.520902368968021E-003  5.224119607500087E-004  6.716034618958529E-004
  6.767874817554441E-002  0.600451632281533     
 Constraint value, mean lift and its standard deviation: -6.181244551216825E-003
  0.806181244551217       0.000000000000000E+000
 Calc obj  6.567735641152690E-004  4.878453398043422E-004
  5.561720455120990E-003  5.090298613789175E-003  4.716338592989262E-003
  4.379638300994185E-003  3.986931163612654E-003  3.540735786492339E-003
  3.581539277587880E-003  3.665017821072681E-003  3.964790863288978E-003
  5.520902368968021E-003  5.224119607500087E-004  6.716034618958529E-004
  6.767874817554441E-002  0.600451632281533     
 Design variables:  6.567735641152690E-004  4.878453398043422E-004
  5.561720455120990E-003  5.090298613789175E-003  4.716338592989262E-003
  4.379638300994185E-003  3.986931163612654E-003  3.540735786492339E-003
  3.581539277587880E-003  3.665017821072681E-003  3.964790863288978E-003
  5.520902368968021E-003  5.224119607500087E-004  6.716034618958529E-004
  6.767874817554441E-002  0.600451632281533     
 Mean drag value and variance:  2.149250584902458E-003  0.000000000000000E+000
    5  0.2149251E-02  0.2552555E-01  0.1938905E-02  0.8895176E-02  0.1244799E-04
 Calc con -6.520870547822021E-004 -5.859703011253355E-004
  4.638312991467092E-003  4.617269625758764E-003  4.734551391386533E-003
  4.911457273737299E-003  5.028214620731067E-003  5.411966018999991E-003
  9.942916572117631E-003  9.025107179732003E-003  4.979155080620215E-003
  4.825593884083464E-003 -5.749347153384223E-004 -6.581323087274478E-004
  6.482701610454142E-002  0.604199596816498     
 Design variables: -6.520870547822021E-004 -5.859703011253355E-004
  4.638312991467092E-003  4.617269625758764E-003  4.734551391386533E-003
  4.911457273737299E-003  5.028214620731067E-003  5.411966018999991E-003
  9.942916572117631E-003  9.025107179732003E-003  4.979155080620215E-003
  4.825593884083464E-003 -5.749347153384223E-004 -6.581323087274478E-004
  6.482701610454142E-002  0.604199596816498     
 Constraint value, mean lift and its standard deviation: -1.018567700739992E-002
  0.810185677007400       0.000000000000000E+000
 Calc obj -6.520870547822021E-004 -5.859703011253355E-004
  4.638312991467092E-003  4.617269625758764E-003  4.734551391386533E-003
  4.911457273737299E-003  5.028214620731067E-003  5.411966018999991E-003
  9.942916572117631E-003  9.025107179732003E-003  4.979155080620215E-003
  4.825593884083464E-003 -5.749347153384223E-004 -6.581323087274478E-004
  6.482701610454142E-002  0.604199596816498     
 Design variables: -6.520870547822021E-004 -5.859703011253355E-004
  4.638312991467092E-003  4.617269625758764E-003  4.734551391386533E-003
  4.911457273737299E-003  5.028214620731067E-003  5.411966018999991E-003
  9.942916572117631E-003  9.025107179732003E-003  4.979155080620215E-003
  4.825593884083464E-003 -5.749347153384223E-004 -6.581323087274478E-004
  6.482701610454142E-002  0.604199596816498     
 Mean drag value and variance:  2.219914496756490E-003  0.000000000000000E+000
 Calc con -6.603356794742701E-004 -5.930098962630642E-004
  4.594492009950751E-003  4.574603786926821E-003  4.694387344468027E-003
  4.874453425809085E-003  4.994938774385483E-003  5.435170508008668E-003
  9.942916572117631E-003  8.933726081103809E-003  4.886026111542806E-003
  4.756137156550247E-003 -5.822095042215596E-004 -6.664346168430992E-004
  6.479251534220365E-002  0.603969011932206     
 Design variables: -6.603356794742701E-004 -5.930098962630642E-004
  4.594492009950751E-003  4.574603786926821E-003  4.694387344468027E-003
  4.874453425809085E-003  4.994938774385483E-003  5.435170508008668E-003
  9.942916572117631E-003  8.933726081103809E-003  4.886026111542806E-003
  4.756137156550247E-003 -5.822095042215596E-004 -6.664346168430992E-004
  6.479251534220365E-002  0.603969011932206     
 Constraint value, mean lift and its standard deviation: -7.328115967353721E-003
  0.807328115967354       0.000000000000000E+000
 Calc obj -6.603356794742701E-004 -5.930098962630642E-004
  4.594492009950751E-003  4.574603786926821E-003  4.694387344468027E-003
  4.874453425809085E-003  4.994938774385483E-003  5.435170508008668E-003
  9.942916572117631E-003  8.933726081103809E-003  4.886026111542806E-003
  4.756137156550247E-003 -5.822095042215596E-004 -6.664346168430992E-004
  6.479251534220365E-002  0.603969011932206     
 Design variables: -6.603356794742701E-004 -5.930098962630642E-004
  4.594492009950751E-003  4.574603786926821E-003  4.694387344468027E-003
  4.874453425809085E-003  4.994938774385483E-003  5.435170508008668E-003
  9.942916572117631E-003  8.933726081103809E-003  4.886026111542806E-003
  4.756137156550247E-003 -5.822095042215596E-004 -6.664346168430992E-004
  6.479251534220365E-002  0.603969011932206     
 Mean drag value and variance:  2.203368408626497E-003  0.000000000000000E+000
    6  0.2203368E-02  0.6410810E-02  0.1032354E-03  0.2152335E-01  0.4463772E-04
 Calc con -2.321991056284872E-004 -2.392445971624064E-004
  5.522812177626837E-003  5.378133586859880E-003  5.389979924973725E-003
  5.468181511708904E-003  5.482295684855900E-003  6.095018190139035E-003
  7.580548586790475E-003  6.355726705671996E-003  3.635970694247950E-003
  5.404826980843755E-003 -2.143104603339658E-004 -2.290244785607173E-004
  6.659315821185098E-002  0.588548899359104     
 Design variables: -2.321991056284872E-004 -2.392445971624064E-004
  5.522812177626837E-003  5.378133586859880E-003  5.389979924973725E-003
  5.468181511708904E-003  5.482295684855900E-003  6.095018190139035E-003
  7.580548586790475E-003  6.355726705671996E-003  3.635970694247950E-003
  5.404826980843755E-003 -2.143104603339658E-004 -2.290244785607173E-004
  6.659315821185098E-002  0.588548899359104     
 Constraint value, mean lift and its standard deviation: -4.514432140119595E-003
  0.804514432140120       0.000000000000000E+000
 Calc obj -2.321991056284872E-004 -2.392445971624064E-004
  5.522812177626837E-003  5.378133586859880E-003  5.389979924973725E-003
  5.468181511708904E-003  5.482295684855900E-003  6.095018190139035E-003
  7.580548586790475E-003  6.355726705671996E-003  3.635970694247950E-003
  5.404826980843755E-003 -2.143104603339658E-004 -2.290244785607173E-004
  6.659315821185098E-002  0.588548899359104     
 Design variables: -2.321991056284872E-004 -2.392445971624064E-004
  5.522812177626837E-003  5.378133586859880E-003  5.389979924973725E-003
  5.468181511708904E-003  5.482295684855900E-003  6.095018190139035E-003
  7.580548586790475E-003  6.355726705671996E-003  3.635970694247950E-003
  5.404826980843755E-003 -2.143104603339658E-004 -2.290244785607173E-004
  6.659315821185098E-002  0.588548899359104     
 Mean drag value and variance:  2.132633132112931E-003  0.000000000000000E+000
    7  0.2132633E-02  0.1542011E-01  0.1000188E-02  0.3785389E-02  0.1858335E-04
 Calc con -1.005530823429781E-004 -1.303740551881870E-004
  5.930310906470092E-003  5.819730210579443E-003  5.922846650389639E-003
  6.116422825180736E-003  6.255488528116078E-003  6.572036551432859E-003
  7.780889641827540E-003  5.783334387354856E-003  2.334731731251640E-003
  4.812911921281890E-003 -1.004979214809861E-004 -9.961971076371658E-005
  6.677053177410497E-002  0.581936050931937     
 Design variables: -1.005530823429781E-004 -1.303740551881870E-004
  5.930310906470092E-003  5.819730210579443E-003  5.922846650389639E-003
  6.116422825180736E-003  6.255488528116078E-003  6.572036551432859E-003
  7.780889641827540E-003  5.783334387354856E-003  2.334731731251640E-003
  4.812911921281890E-003 -1.004979214809861E-004 -9.961971076371658E-005
  6.677053177410497E-002  0.581936050931937     
 Constraint value, mean lift and its standard deviation: -1.195707198891283E-003
  0.801195707198891       0.000000000000000E+000
 Calc obj -1.005530823429781E-004 -1.303740551881870E-004
  5.930310906470092E-003  5.819730210579443E-003  5.922846650389639E-003
  6.116422825180736E-003  6.255488528116078E-003  6.572036551432859E-003
  7.780889641827540E-003  5.783334387354856E-003  2.334731731251640E-003
  4.812911921281890E-003 -1.004979214809861E-004 -9.961971076371658E-005
  6.677053177410497E-002  0.581936050931937     
 Design variables: -1.005530823429781E-004 -1.303740551881870E-004
  5.930310906470092E-003  5.819730210579443E-003  5.922846650389639E-003
  6.116422825180736E-003  6.255488528116078E-003  6.572036551432859E-003
  7.780889641827540E-003  5.783334387354856E-003  2.334731731251640E-003
  4.812911921281890E-003 -1.004979214809861E-004 -9.961971076371658E-005
  6.677053177410497E-002  0.581936050931937     
 Mean drag value and variance:  2.104415317025497E-003  0.000000000000000E+000
    8  0.2104415E-02  0.6612848E-02  0.2435207E-03  0.2929984E-02  0.2899260E-05
 Calc con  1.120236003183961E-003  1.001706012338232E-003
  5.000389674812029E-003  4.575748468327289E-003  4.483002348227114E-003
  4.601617850909935E-003  4.765166785402217E-003  3.869322222112833E-003
  3.023809059090958E-003 -3.284128309161485E-005  6.765476736546357E-003
  9.984811885591697E-003  9.497148911595588E-004  1.082631886157205E-003
  6.573599656527029E-002  0.586873444439584     
 Design variables:  1.120236003183961E-003  1.001706012338232E-003
  5.000389674812029E-003  4.575748468327289E-003  4.483002348227114E-003
  4.601617850909935E-003  4.765166785402217E-003  3.869322222112833E-003
  3.023809059090958E-003 -3.284128309161485E-005  6.765476736546357E-003
  9.984811885591697E-003  9.497148911595588E-004  1.082631886157205E-003
  6.573599656527029E-002  0.586873444439584     
 Constraint value, mean lift and its standard deviation: -3.979988827715109E-003
  0.803979988827715       0.000000000000000E+000
 Calc obj  1.120236003183961E-003  1.001706012338232E-003
  5.000389674812029E-003  4.575748468327289E-003  4.483002348227114E-003
  4.601617850909935E-003  4.765166785402217E-003  3.869322222112833E-003
  3.023809059090958E-003 -3.284128309161485E-005  6.765476736546357E-003
  9.984811885591697E-003  9.497148911595588E-004  1.082631886157205E-003
  6.573599656527029E-002  0.586873444439584     
 Design variables:  1.120236003183961E-003  1.001706012338232E-003
  5.000389674812029E-003  4.575748468327289E-003  4.483002348227114E-003
  4.601617850909935E-003  4.765166785402217E-003  3.869322222112833E-003
  3.023809059090958E-003 -3.284128309161485E-005  6.765476736546357E-003
  9.984811885591697E-003  9.497148911595588E-004  1.082631886157205E-003
  6.573599656527029E-002  0.586873444439584     
 Mean drag value and variance:  2.108453354257065E-003  0.000000000000000E+000
 Calc con  1.132969377628155E-003  1.014176924040986E-003
  4.968614477891832E-003  4.539692797792626E-003  4.447070525370571E-003
  4.568561347616340E-003  4.736240214128149E-003  3.831581994686981E-003
  2.962954286418736E-003 -1.035549860298702E-004  6.827669623893633E-003
  9.984811885591697E-003  9.605155462893444E-004  1.094597765725667E-003
  6.569631292380410E-002  0.587035670439445     
 Design variables:  1.132969377628155E-003  1.014176924040986E-003
  4.968614477891832E-003  4.539692797792626E-003  4.447070525370571E-003
  4.568561347616340E-003  4.736240214128149E-003  3.831581994686981E-003
  2.962954286418736E-003 -1.035549860298702E-004  6.827669623893633E-003
  9.984811885591697E-003  9.605155462893444E-004  1.094597765725667E-003
  6.569631292380410E-002  0.587035670439445     
 Constraint value, mean lift and its standard deviation: -3.208966019755954E-003
  0.803208966019756       0.000000000000000E+000
 Calc obj  1.132969377628155E-003  1.014176924040986E-003
  4.968614477891832E-003  4.539692797792626E-003  4.447070525370571E-003
  4.568561347616340E-003  4.736240214128149E-003  3.831581994686981E-003
  2.962954286418736E-003 -1.035549860298702E-004  6.827669623893633E-003
  9.984811885591697E-003  9.605155462893444E-004  1.094597765725667E-003
  6.569631292380410E-002  0.587035670439445     
 Design variables:  1.132969377628155E-003  1.014176924040986E-003
  4.968614477891832E-003  4.539692797792626E-003  4.447070525370571E-003
  4.568561347616340E-003  4.736240214128149E-003  3.831581994686981E-003
  2.962954286418736E-003 -1.035549860298702E-004  6.827669623893633E-003
  9.984811885591697E-003  9.605155462893444E-004  1.094597765725667E-003
  6.569631292380410E-002  0.587035670439445     
 Mean drag value and variance:  2.104714835666164E-003  0.000000000000000E+000
 Calc con  1.133111131870065E-003  1.014315756417437E-003
  4.968260740634636E-003  4.539291408179422E-003  4.446670514491162E-003
  4.568193346220878E-003  4.735918189184971E-003  3.831161851750702E-003
  2.962276820896600E-003 -1.043422060551785E-004  6.828361985972236E-003
  9.984811885591697E-003  9.606357845409368E-004  1.094730975833832E-003
  6.569587114581849E-002  0.587037476419762     
 Design variables:  1.133111131870065E-003  1.014315756417437E-003
  4.968260740634636E-003  4.539291408179422E-003  4.446670514491162E-003
  4.568193346220878E-003  4.735918189184971E-003  3.831161851750702E-003
  2.962276820896600E-003 -1.043422060551785E-004  6.828361985972236E-003
  9.984811885591697E-003  9.606357845409368E-004  1.094730975833832E-003
  6.569587114581849E-002  0.587037476419762     
 Constraint value, mean lift and its standard deviation: -3.200380972077088E-003
  0.803200380972077       0.000000000000000E+000
 Calc obj  1.133111131870065E-003  1.014315756417437E-003
  4.968260740634636E-003  4.539291408179422E-003  4.446670514491162E-003
  4.568193346220878E-003  4.735918189184971E-003  3.831161851750702E-003
  2.962276820896600E-003 -1.043422060551785E-004  6.828361985972236E-003
  9.984811885591697E-003  9.606357845409368E-004  1.094730975833832E-003
  6.569587114581849E-002  0.587037476419762     
 Design variables:  1.133111131870065E-003  1.014315756417437E-003
  4.968260740634636E-003  4.539291408179422E-003  4.446670514491162E-003
  4.568193346220878E-003  4.735918189184971E-003  3.831161851750702E-003
  2.962276820896600E-003 -1.043422060551785E-004  6.828361985972236E-003
  9.984811885591697E-003  9.606357845409368E-004  1.094730975833832E-003
  6.569587114581849E-002  0.587037476419762     
 Mean drag value and variance:  2.104673273512166E-003  0.000000000000000E+000
 Calc con  1.133112695065923E-003  1.014317287392405E-003
  4.968256839794645E-003  4.539286981852754E-003  4.446666103368493E-003
  4.568189288083008E-003  4.735914638052738E-003  3.831157218621638E-003
  2.962269350140988E-003 -1.043508871293192E-004  6.828369620999726E-003
  9.984811885591697E-003  9.606371104690669E-004  1.094732444809198E-003
  6.569586627410877E-002  0.587037496335223     
 Design variables:  1.133112695065923E-003  1.014317287392405E-003
  4.968256839794645E-003  4.539286981852754E-003  4.446666103368493E-003
  4.568189288083008E-003  4.735914638052738E-003  3.831157218621638E-003
  2.962269350140988E-003 -1.043508871293192E-004  6.828369620999726E-003
  9.984811885591697E-003  9.606371104690669E-004  1.094732444809198E-003
  6.569586627410877E-002  0.587037496335223     
 Constraint value, mean lift and its standard deviation: -3.200286300247490E-003
  0.803200286300248       0.000000000000000E+000
 Calc obj  1.133112695065923E-003  1.014317287392405E-003
  4.968256839794645E-003  4.539286981852754E-003  4.446666103368493E-003
  4.568189288083008E-003  4.735914638052738E-003  3.831157218621638E-003
  2.962269350140988E-003 -1.043508871293192E-004  6.828369620999726E-003
  9.984811885591697E-003  9.606371104690669E-004  1.094732444809198E-003
  6.569586627410877E-002  0.587037496335223     
 Design variables:  1.133112695065923E-003  1.014317287392405E-003
  4.968256839794645E-003  4.539286981852754E-003  4.446666103368493E-003
  4.568189288083008E-003  4.735914638052738E-003  3.831157218621638E-003
  2.962269350140988E-003 -1.043508871293192E-004  6.828369620999726E-003
  9.984811885591697E-003  9.606371104690669E-004  1.094732444809198E-003
  6.569586627410877E-002  0.587037496335223     
 Mean drag value and variance:  2.104672815189489E-003  0.000000000000000E+000
 Calc con  5.098414604204917E-004  4.356659785750224E-004
  5.465350290641061E-003  5.197739339453366E-003  5.202924499308377E-003
  5.359020338045336E-003  5.510327656759148E-003  5.220679386772846E-003
  5.402349350459249E-003  2.875246552131621E-003  4.550104233898998E-003
  7.398861903436794E-003  4.246084848392864E-004  4.915060876967444E-004
  6.625326416968763E-002  0.584404747685760     
 Design variables:  5.098414604204917E-004  4.356659785750224E-004
  5.465350290641061E-003  5.197739339453366E-003  5.202924499308377E-003
  5.359020338045336E-003  5.510327656759148E-003  5.220679386772846E-003
  5.402349350459249E-003  2.875246552131621E-003  4.550104233898998E-003
  7.398861903436794E-003  4.246084848392864E-004  4.915060876967444E-004
  6.625326416968763E-002  0.584404747685760     
 Constraint value, mean lift and its standard deviation: -2.233763554235324E-003
  0.802233763554235       0.000000000000000E+000
 Calc obj  5.098414604204917E-004  4.356659785750224E-004
  5.465350290641061E-003  5.197739339453366E-003  5.202924499308377E-003
  5.359020338045336E-003  5.510327656759148E-003  5.220679386772846E-003
  5.402349350459249E-003  2.875246552131621E-003  4.550104233898998E-003
  7.398861903436794E-003  4.246084848392864E-004  4.915060876967444E-004
  6.625326416968763E-002  0.584404747685760     
 Design variables:  5.098414604204917E-004  4.356659785750224E-004
  5.465350290641061E-003  5.197739339453366E-003  5.202924499308377E-003
  5.359020338045336E-003  5.510327656759148E-003  5.220679386772846E-003
  5.402349350459249E-003  2.875246552131621E-003  4.550104233898998E-003
  7.398861903436794E-003  4.246084848392864E-004  4.915060876967444E-004
  6.625326416968763E-002  0.584404747685760     
 Mean drag value and variance:  2.104142453445808E-003  0.000000000000000E+000
    9  0.2104142E-02  0.1024774E-01  0.5202080E-03  0.3829864E-02  0.1865462E-04
 Calc con  5.061735006548323E-004  4.205957117983859E-004
  6.776989644607346E-003  6.550041593166358E-003  6.560168649905884E-003
  6.693115474436076E-003  6.801350450914638E-003  6.281001209652198E-003
  4.247854790643002E-003  5.218442383670145E-004  3.598958763174284E-003
  7.220227789932568E-003  4.249505324612814E-004  4.978432301284857E-004
  6.790733369662978E-002  0.567027136769210     
 Design variables:  5.061735006548323E-004  4.205957117983859E-004
  6.776989644607346E-003  6.550041593166358E-003  6.560168649905884E-003
  6.693115474436076E-003  6.801350450914638E-003  6.281001209652198E-003
  4.247854790643002E-003  5.218442383670145E-004  3.598958763174284E-003
  7.220227789932568E-003  4.249505324612814E-004  4.978432301284857E-004
  6.790733369662978E-002  0.567027136769210     
 Constraint value, mean lift and its standard deviation: -2.130075026126721E-003
  0.802130075026127       0.000000000000000E+000
 Calc obj  5.061735006548323E-004  4.205957117983859E-004
  6.776989644607346E-003  6.550041593166358E-003  6.560168649905884E-003
  6.693115474436076E-003  6.801350450914638E-003  6.281001209652198E-003
  4.247854790643002E-003  5.218442383670145E-004  3.598958763174284E-003
  7.220227789932568E-003  4.249505324612814E-004  4.978432301284857E-004
  6.790733369662978E-002  0.567027136769210     
 Design variables:  5.061735006548323E-004  4.205957117983859E-004
  6.776989644607346E-003  6.550041593166358E-003  6.560168649905884E-003
  6.693115474436076E-003  6.801350450914638E-003  6.281001209652198E-003
  4.247854790643002E-003  5.218442383670145E-004  3.598958763174284E-003
  7.220227789932568E-003  4.249505324612814E-004  4.978432301284857E-004
  6.790733369662978E-002  0.567027136769210     
 Mean drag value and variance:  2.075348889144457E-003  0.000000000000000E+000
   10  0.2075349E-02  0.1737761E-01  0.9502940E-03  0.2421638E-02  0.6059844E-05
 Calc con  8.076962514237488E-004  6.737810907191336E-004
  9.081113085530083E-003  8.943725482077272E-003  8.960282152875955E-003
  9.056700348850210E-003  9.137308413517346E-003  9.429097564127336E-003
  6.050165127656250E-003 -8.083825935398326E-003  2.846488804127455E-003
  8.611732454425605E-003  6.990001555048379E-004  8.120483925757434E-004
  6.955362557106178E-002  0.520768010627550     
 Design variables:  8.076962514237488E-004  6.737810907191336E-004
  9.081113085530083E-003  8.943725482077272E-003  8.960282152875955E-003
  9.056700348850210E-003  9.137308413517346E-003  9.429097564127336E-003
  6.050165127656250E-003 -8.083825935398326E-003  2.846488804127455E-003
  8.611732454425605E-003  6.990001555048379E-004  8.120483925757434E-004
  6.955362557106178E-002  0.520768010627550     
 Constraint value, mean lift and its standard deviation: -4.544949914801810E-003
  0.804544949914802       0.000000000000000E+000
 Calc obj  8.076962514237488E-004  6.737810907191336E-004
  9.081113085530083E-003  8.943725482077272E-003  8.960282152875955E-003
  9.056700348850210E-003  9.137308413517346E-003  9.429097564127336E-003
  6.050165127656250E-003 -8.083825935398326E-003  2.846488804127455E-003
  8.611732454425605E-003  6.990001555048379E-004  8.120483925757434E-004
  6.955362557106178E-002  0.520768010627550     
 Design variables:  8.076962514237488E-004  6.737810907191336E-004
  9.081113085530083E-003  8.943725482077272E-003  8.960282152875955E-003
  9.056700348850210E-003  9.137308413517346E-003  9.429097564127336E-003
  6.050165127656250E-003 -8.083825935398326E-003  2.846488804127455E-003
  8.611732454425605E-003  6.990001555048379E-004  8.120483925757434E-004
  6.955362557106178E-002  0.520768010627550     
 Mean drag value and variance:  2.026478815311279E-003  0.000000000000000E+000
   11  0.2026479E-02  0.4625913E-01  0.4331640E-02  0.2148424E-02  0.1122030E-05
 Calc con  1.152607128119592E-003  1.111793247836981E-003
  9.662105610528531E-003  9.615949231971508E-003  9.616682300704681E-003
  9.653387004203441E-003  9.708408982844283E-003  9.990523620220149E-003
  9.365815307852814E-003 -9.958660165526753E-003 -9.530237169534097E-004
  9.995943475530697E-003  1.121391520501656E-003  1.135210473892728E-003
  6.961897101764834E-002  0.492909718431402     
 Design variables:  1.152607128119592E-003  1.111793247836981E-003
  9.662105610528531E-003  9.615949231971508E-003  9.616682300704681E-003
  9.653387004203441E-003  9.708408982844283E-003  9.990523620220149E-003
  9.365815307852814E-003 -9.958660165526753E-003 -9.530237169534097E-004
  9.995943475530697E-003  1.121391520501656E-003  1.135210473892728E-003
  6.961897101764834E-002  0.492909718431402     
 Constraint value, mean lift and its standard deviation: -1.402602716789714E-003
  0.801402602716790       0.000000000000000E+000
 Calc obj  1.152607128119592E-003  1.111793247836981E-003
  9.662105610528531E-003  9.615949231971508E-003  9.616682300704681E-003
  9.653387004203441E-003  9.708408982844283E-003  9.990523620220149E-003
  9.365815307852814E-003 -9.958660165526753E-003 -9.530237169534097E-004
  9.995943475530697E-003  1.121391520501656E-003  1.135210473892728E-003
  6.961897101764834E-002  0.492909718431402     
 Design variables:  1.152607128119592E-003  1.111793247836981E-003
  9.662105610528531E-003  9.615949231971508E-003  9.616682300704681E-003
  9.653387004203441E-003  9.708408982844283E-003  9.990523620220149E-003
  9.365815307852814E-003 -9.958660165526753E-003 -9.530237169534097E-004
  9.995943475530697E-003  1.121391520501656E-003  1.135210473892728E-003
  6.961897101764834E-002  0.492909718431402     
 Mean drag value and variance:  1.978611794545024E-003  0.000000000000000E+000
   12  0.1978612E-02  0.2785829E-01  0.1248954E-02  0.3119593E-02  0.7949468E-06
 Calc con  1.220731950423156E-003  1.206317533690293E-003
  9.942095682190878E-003  9.935001631578053E-003  9.934940864780240E-003
  9.940158083571357E-003  9.947061324778645E-003  9.959253908321071E-003
  9.989579731549516E-003 -9.867665436819216E-003 -1.492847576314800E-003
  9.928598685100262E-003  1.209591837973378E-003  1.219795720860159E-003
  6.978360138101106E-002  0.479554996936738     
 Design variables:  1.220731950423156E-003  1.206317533690293E-003
  9.942095682190878E-003  9.935001631578053E-003  9.934940864780240E-003
  9.940158083571357E-003  9.947061324778645E-003  9.959253908321071E-003
  9.989579731549516E-003 -9.867665436819216E-003 -1.492847576314800E-003
  9.928598685100262E-003  1.209591837973378E-003  1.219795720860159E-003
  6.978360138101106E-002  0.479554996936738     
 Constraint value, mean lift and its standard deviation: -2.638305640350058E-004
  0.800263830564035       0.000000000000000E+000
 Calc obj  1.220731950423156E-003  1.206317533690293E-003
  9.942095682190878E-003  9.935001631578053E-003  9.934940864780240E-003
  9.940158083571357E-003  9.947061324778645E-003  9.959253908321071E-003
  9.989579731549516E-003 -9.867665436819216E-003 -1.492847576314800E-003
  9.928598685100262E-003  1.209591837973378E-003  1.219795720860159E-003
  6.978360138101106E-002  0.479554996936738     
 Design variables:  1.220731950423156E-003  1.206317533690293E-003
  9.942095682190878E-003  9.935001631578053E-003  9.934940864780240E-003
  9.940158083571357E-003  9.947061324778645E-003  9.959253908321071E-003
  9.989579731549516E-003 -9.867665436819216E-003 -1.492847576314800E-003
  9.928598685100262E-003  1.209591837973378E-003  1.219795720860159E-003
  6.978360138101106E-002  0.479554996936738     
 Mean drag value and variance:  1.956274826868500E-003  0.000000000000000E+000
   13  0.1956275E-02  0.1335472E-01  0.2343358E-03  0.3158774E-02  0.1443919E-06
 Calc con  1.247044917909290E-003  1.245790750620883E-003
  9.994141548147501E-003  9.993840109540681E-003  9.993410620476978E-003
  9.992916343152938E-003  9.992489794987215E-003  9.995332474623270E-003
  9.968944942156277E-003 -9.977818297215968E-003 -4.350394013605712E-004
  9.992328719049998E-003  1.246807413882462E-003  1.247424168714899E-003
  6.981033483117982E-002  0.469408693631479     
 Design variables:  1.247044917909290E-003  1.245790750620883E-003
  9.994141548147501E-003  9.993840109540681E-003  9.993410620476978E-003
  9.992916343152938E-003  9.992489794987215E-003  9.995332474623270E-003
  9.968944942156277E-003 -9.977818297215968E-003 -4.350394013605712E-004
  9.992328719049998E-003  1.246807413882462E-003  1.247424168714899E-003
  6.981033483117982E-002  0.469408693631479     
 Constraint value, mean lift and its standard deviation: -1.297956109723719E-004
  0.800129795610972       0.000000000000000E+000
 Calc obj  1.247044917909290E-003  1.245790750620883E-003
  9.994141548147501E-003  9.993840109540681E-003  9.993410620476978E-003
  9.992916343152938E-003  9.992489794987215E-003  9.995332474623270E-003
  9.968944942156277E-003 -9.977818297215968E-003 -4.350394013605712E-004
  9.992328719049998E-003  1.246807413882462E-003  1.247424168714899E-003
  6.981033483117982E-002  0.469408693631479     
 Design variables:  1.247044917909290E-003  1.245790750620883E-003
  9.994141548147501E-003  9.993840109540681E-003  9.993410620476978E-003
  9.992916343152938E-003  9.992489794987215E-003  9.995332474623270E-003
  9.968944942156277E-003 -9.977818297215968E-003 -4.350394013605712E-004
  9.992328719049998E-003  1.246807413882462E-003  1.247424168714899E-003
  6.981033483117982E-002  0.469408693631479     
 Mean drag value and variance:  1.942182549035055E-003  0.000000000000000E+000
   14  0.1942183E-02  0.1014630E-01  0.1253928E-03  0.3423478E-02  0.2364592E-07
 Calc con  1.228707296129165E-003  1.220262002885035E-003
  9.952290961993706E-003  9.947559154347375E-003  9.947717715288820E-003
  9.951080916402703E-003  9.955244330864735E-003  9.969127587102349E-003
  9.835905017651289E-003 -9.876388958565258E-003  1.379900539379904E-004
  9.947975646901185E-003  1.223222430967136E-003  1.228884328841524E-003
  6.978698934955062E-002  0.468156732215836     
 Design variables:  1.228707296129165E-003  1.220262002885035E-003
  9.952290961993706E-003  9.947559154347375E-003  9.947717715288820E-003
  9.951080916402703E-003  9.955244330864735E-003  9.969127587102349E-003
  9.835905017651289E-003 -9.876388958565258E-003  1.379900539379904E-004
  9.947975646901185E-003  1.223222430967136E-003  1.228884328841524E-003
  6.978698934955062E-002  0.468156732215836     
 Constraint value, mean lift and its standard deviation: -2.445829975405989E-005
  0.800024458299754       0.000000000000000E+000
 Calc obj  1.228707296129165E-003  1.220262002885035E-003
  9.952290961993706E-003  9.947559154347375E-003  9.947717715288820E-003
  9.951080916402703E-003  9.955244330864735E-003  9.969127587102349E-003
  9.835905017651289E-003 -9.876388958565258E-003  1.379900539379904E-004
  9.947975646901185E-003  1.223222430967136E-003  1.228884328841524E-003
  6.978698934955062E-002  0.468156732215836     
 Design variables:  1.228707296129165E-003  1.220262002885035E-003
  9.952290961993706E-003  9.947559154347375E-003  9.947717715288820E-003
  9.951080916402703E-003  9.955244330864735E-003  9.969127587102349E-003
  9.835905017651289E-003 -9.876388958565258E-003  1.379900539379904E-004
  9.947975646901185E-003  1.223222430967136E-003  1.228884328841524E-003
  6.978698934955062E-002  0.468156732215836     
 Mean drag value and variance:  1.940012016087081E-003  0.000000000000000E+000
   15  0.1940012E-02  0.1251961E-02  0.3506880E-05  0.1253453E-02  0.1059453E-06
 Calc con  1.228486623294786E-003  1.220020420198144E-003
  9.951822960933254E-003  9.947108319208480E-003  9.947417312209930E-003
  9.950922130237967E-003  9.955176670551206E-003  9.967182883678729E-003
  9.820086067873667E-003 -9.999855046839867E-003  1.002685850361422E-003
  9.947564485785215E-003  1.222939057470051E-003  1.228628911393497E-003
  6.978225257510128E-002  0.463170369311168     
 Design variables:  1.228486623294786E-003  1.220020420198144E-003
  9.951822960933254E-003  9.947108319208480E-003  9.947417312209930E-003
  9.950922130237967E-003  9.955176670551206E-003  9.967182883678729E-003
  9.820086067873667E-003 -9.999855046839867E-003  1.002685850361422E-003
  9.947564485785215E-003  1.222939057470051E-003  1.228628911393497E-003
  6.978225257510128E-002  0.463170369311168     
 Constraint value, mean lift and its standard deviation: -5.442477231720755E-005
  0.800054424772317       0.000000000000000E+000
 Calc obj  1.228486623294786E-003  1.220020420198144E-003
  9.951822960933254E-003  9.947108319208480E-003  9.947417312209930E-003
  9.950922130237967E-003  9.955176670551206E-003  9.967182883678729E-003
  9.820086067873667E-003 -9.999855046839867E-003  1.002685850361422E-003
  9.947564485785215E-003  1.222939057470051E-003  1.228628911393497E-003
  6.978225257510128E-002  0.463170369311168     
 Design variables:  1.228486623294786E-003  1.220020420198144E-003
  9.951822960933254E-003  9.947108319208480E-003  9.947417312209930E-003
  9.950922130237967E-003  9.955176670551206E-003  9.967182883678729E-003
  9.820086067873667E-003 -9.999855046839867E-003  1.002685850361422E-003
  9.947564485785215E-003  1.222939057470051E-003  1.228628911393497E-003
  6.978225257510128E-002  0.463170369311168     
 Mean drag value and variance:  1.933411127039725E-003  0.000000000000000E+000
   16  0.1933411E-02  0.2035146E+01  0.3351588E-04  0.1261983E-02  0.1000000E-10
 Calc con  1.228809371694122E-003  1.220426881157943E-003
  9.952412293117951E-003  9.947849986231249E-003  9.948282674896679E-003
  9.951803639877741E-003  9.956003441243512E-003  9.974826685764309E-003
  9.782202046146335E-003 -9.991592625987294E-003  9.988655526091166E-003
  9.945275855737953E-003  1.223962252535760E-003  1.229188732750319E-003
  6.841147509987276E-002  0.418156939681579     
 Design variables:  1.228809371694122E-003  1.220426881157943E-003
  9.952412293117951E-003  9.947849986231249E-003  9.948282674896679E-003
  9.951803639877741E-003  9.956003441243512E-003  9.974826685764309E-003
  9.782202046146335E-003 -9.991592625987294E-003  9.988655526091166E-003
  9.945275855737953E-003  1.223962252535760E-003  1.229188732750319E-003
  6.841147509987276E-002  0.418156939681579     
 Constraint value, mean lift and its standard deviation: -2.415105404205753E-003
  0.802415105404206       0.000000000000000E+000
 Calc obj  1.228809371694122E-003  1.220426881157943E-003
  9.952412293117951E-003  9.947849986231249E-003  9.948282674896679E-003
  9.951803639877741E-003  9.956003441243512E-003  9.974826685764309E-003
  9.782202046146335E-003 -9.991592625987294E-003  9.988655526091166E-003
  9.945275855737953E-003  1.223962252535760E-003  1.229188732750319E-003
  6.841147509987276E-002  0.418156939681579     
 Design variables:  1.228809371694122E-003  1.220426881157943E-003
  9.952412293117951E-003  9.947849986231249E-003  9.948282674896679E-003
  9.951803639877741E-003  9.956003441243512E-003  9.974826685764309E-003
  9.782202046146335E-003 -9.991592625987294E-003  9.988655526091166E-003
  9.945275855737953E-003  1.223962252535760E-003  1.229188732750319E-003
  6.841147509987276E-002  0.418156939681579     
 Mean drag value and variance:  1.878291906032822E-003  0.000000000000000E+000
   17  0.1878292E-02  0.2409412E+01  0.2394498E-02  0.1388786E-02  0.1058707E-07
 Calc con  1.227178834320454E-003  1.218623293866641E-003
  9.948547921964205E-003  9.943687395895767E-003  9.945062150960275E-003
  9.949673158905124E-003  9.954658540789869E-003  9.935510947874756E-003
  9.600483274120645E-003 -9.779501590178701E-003  9.946928685177152E-003
  9.950891303626419E-003  1.220668441291589E-003  1.226846751859224E-003
  6.981123341100672E-002  0.396879952723814     
 Design variables:  1.227178834320454E-003  1.218623293866641E-003
  9.948547921964205E-003  9.943687395895767E-003  9.945062150960275E-003
  9.949673158905124E-003  9.954658540789869E-003  9.935510947874756E-003
  9.600483274120645E-003 -9.779501590178701E-003  9.946928685177152E-003
  9.950891303626419E-003  1.220668441291589E-003  1.226846751859224E-003
  6.981123341100672E-002  0.396879952723814     
 Constraint value, mean lift and its standard deviation: -2.719068611735875E-003
  0.802719068611736       0.000000000000000E+000
 Calc obj  1.227178834320454E-003  1.218623293866641E-003
  9.948547921964205E-003  9.943687395895767E-003  9.945062150960275E-003
  9.949673158905124E-003  9.954658540789869E-003  9.935510947874756E-003
  9.600483274120645E-003 -9.779501590178701E-003  9.946928685177152E-003
  9.950891303626419E-003  1.220668441291589E-003  1.226846751859224E-003
  6.981123341100672E-002  0.396879952723814     
 Design variables:  1.227178834320454E-003  1.218623293866641E-003
  9.948547921964205E-003  9.943687395895767E-003  9.945062150960275E-003
  9.949673158905124E-003  9.954658540789869E-003  9.935510947874756E-003
  9.600483274120645E-003 -9.779501590178701E-003  9.946928685177152E-003
  9.950891303626419E-003  1.220668441291589E-003  1.226846751859224E-003
  6.981123341100672E-002  0.396879952723814     
 Mean drag value and variance:  1.848902328379408E-003  0.000000000000000E+000
   18  0.1848902E-02  0.6132874E+00  0.2698484E-02  0.1445076E-02  0.1092370E-06
 Calc con  1.233046346382030E-003  1.227398957487239E-003
  9.962979070432049E-003  9.960519344566378E-003  9.963284679361067E-003
  9.967775405695781E-003  9.971911466870820E-003  9.946466435548015E-003
  9.678416927432992E-003 -9.662232076033514E-003  9.999933293446943E-003
  9.960418298649543E-003  1.230537578585548E-003  1.233246958266185E-003
  6.951446824618855E-002  0.396279105176292     
 Design variables:  1.233046346382030E-003  1.227398957487239E-003
  9.962979070432049E-003  9.960519344566378E-003  9.963284679361067E-003
  9.967775405695781E-003  9.971911466870820E-003  9.946466435548015E-003
  9.678416927432992E-003 -9.662232076033514E-003  9.999933293446943E-003
  9.960418298649543E-003  1.230537578585548E-003  1.233246958266185E-003
  6.951446824618855E-002  0.396279105176292     
 Constraint value, mean lift and its standard deviation: -1.655930804742800E-003
  0.801655930804743       0.000000000000000E+000
 Calc obj  1.233046346382030E-003  1.227398957487239E-003
  9.962979070432049E-003  9.960519344566378E-003  9.963284679361067E-003
  9.967775405695781E-003  9.971911466870820E-003  9.946466435548015E-003
  9.678416927432992E-003 -9.662232076033514E-003  9.999933293446943E-003
  9.960418298649543E-003  1.230537578585548E-003  1.233246958266185E-003
  6.951446824618855E-002  0.396279105176292     
 Design variables:  1.233046346382030E-003  1.227398957487239E-003
  9.962979070432049E-003  9.960519344566378E-003  9.963284679361067E-003
  9.967775405695781E-003  9.971911466870820E-003  9.946466435548015E-003
  9.678416927432992E-003 -9.662232076033514E-003  9.999933293446943E-003
  9.960418298649543E-003  1.230537578585548E-003  1.233246958266185E-003
  6.951446824618855E-002  0.396279105176292     
 Mean drag value and variance:  1.842859389388346E-003  0.000000000000000E+000
   19  0.1842859E-02  0.1534886E-02  0.1642892E-02  0.1469040E-02  0.5040527E-09
 Calc con  1.159230036155273E-003  1.146107957743006E-003
  9.824655264006679E-003  9.829429709227016E-003  9.865842385316445E-003
  9.898348714082525E-003  9.920554569966676E-003  8.728014400729256E-003
  9.990043477432330E-003  9.971125370983892E-003  9.499630569806903E-003
  9.782335609263221E-003  1.164287655099717E-003  1.160756327803170E-003
  6.393885654910922E-002  0.344469144368302     
 Design variables:  1.159230036155273E-003  1.146107957743006E-003
  9.824655264006679E-003  9.829429709227016E-003  9.865842385316445E-003
  9.898348714082525E-003  9.920554569966676E-003  8.728014400729256E-003
  9.990043477432330E-003  9.971125370983892E-003  9.499630569806903E-003
  9.782335609263221E-003  1.164287655099717E-003  1.160756327803170E-003
  6.393885654910922E-002  0.344469144368302     
 Constraint value, mean lift and its standard deviation: -4.531498178424354E-003
  0.804531498178424       0.000000000000000E+000
 Calc obj  1.159230036155273E-003  1.146107957743006E-003
  9.824655264006679E-003  9.829429709227016E-003  9.865842385316445E-003
  9.898348714082525E-003  9.920554569966676E-003  8.728014400729256E-003
  9.990043477432330E-003  9.971125370983892E-003  9.499630569806903E-003
  9.782335609263221E-003  1.164287655099717E-003  1.160756327803170E-003
  6.393885654910922E-002  0.344469144368302     
 Design variables:  1.159230036155273E-003  1.146107957743006E-003
  9.824655264006679E-003  9.829429709227016E-003  9.865842385316445E-003
  9.898348714082525E-003  9.920554569966676E-003  8.728014400729256E-003
  9.990043477432330E-003  9.971125370983892E-003  9.499630569806903E-003
  9.782335609263221E-003  1.164287655099717E-003  1.160756327803170E-003
  6.393885654910922E-002  0.344469144368302     
 Mean drag value and variance:  1.767576165088668E-003  0.000000000000000E+000
   20  0.1767576E-02  0.2967323E+00  0.4498447E-02  0.2668228E-02  0.5611255E-06
 Calc con  1.158193885332446E-003  1.133216356033178E-003
  9.807857866699781E-003  9.797663009389154E-003  9.810485915895270E-003
  9.830106947512020E-003  9.851343953896658E-003  9.652008223606002E-003
  9.838879735121006E-003  1.974792587098219E-003  9.696006058635744E-003
  9.812188596817881E-003  1.151599752271742E-003  1.159213408487332E-003
  6.978078685403170E-002  0.300118643855352     
 Design variables:  1.158193885332446E-003  1.133216356033178E-003
  9.807857866699781E-003  9.797663009389154E-003  9.810485915895270E-003
  9.830106947512020E-003  9.851343953896658E-003  9.652008223606002E-003
  9.838879735121006E-003  1.974792587098219E-003  9.696006058635744E-003
  9.812188596817881E-003  1.151599752271742E-003  1.159213408487332E-003
  6.978078685403170E-002  0.300118643855352     
 Constraint value, mean lift and its standard deviation: -4.866946692777652E-003
  0.804866946692778       0.000000000000000E+000
 Calc obj  1.158193885332446E-003  1.133216356033178E-003
  9.807857866699781E-003  9.797663009389154E-003  9.810485915895270E-003
  9.830106947512020E-003  9.851343953896658E-003  9.652008223606002E-003
  9.838879735121006E-003  1.974792587098219E-003  9.696006058635744E-003
  9.812188596817881E-003  1.151599752271742E-003  1.159213408487332E-003
  6.978078685403170E-002  0.300118643855352     
 Design variables:  1.158193885332446E-003  1.133216356033178E-003
  9.807857866699781E-003  9.797663009389154E-003  9.810485915895270E-003
  9.830106947512020E-003  9.851343953896658E-003  9.652008223606002E-003
  9.838879735121006E-003  1.974792587098219E-003  9.696006058635744E-003
  9.812188596817881E-003  1.151599752271742E-003  1.159213408487332E-003
  6.978078685403170E-002  0.300118643855352     
 Mean drag value and variance:  1.683860192471720E-003  0.000000000000000E+000
   21  0.1683860E-02  0.1418497E+00  0.4776109E-02  0.2645986E-02  0.9437358E-06
 Calc con  1.040735423218079E-003  9.733396493762662E-004
  9.540319081731478E-003  9.504743156166886E-003  9.513854336356204E-003
  9.544574765428599E-003  9.579577908646881E-003  9.308303742158118E-003
  9.526285335816643E-003  1.951156316572500E-003  9.433343422640402E-003
  9.586642455392850E-003  1.014210628501900E-003  1.042664568909343E-003
  6.952390437924003E-002  0.328158880823664     
 Design variables:  1.040735423218079E-003  9.733396493762662E-004
  9.540319081731478E-003  9.504743156166886E-003  9.513854336356204E-003
  9.544574765428599E-003  9.579577908646881E-003  9.308303742158118E-003
  9.526285335816643E-003  1.951156316572500E-003  9.433343422640402E-003
  9.586642455392850E-003  1.014210628501900E-003  1.042664568909343E-003
  6.952390437924003E-002  0.328158880823664     
 Constraint value, mean lift and its standard deviation: -7.456177342801684E-004
  0.800745617734280       0.000000000000000E+000
 Calc obj  1.040735423218079E-003  9.733396493762662E-004
  9.540319081731478E-003  9.504743156166886E-003  9.513854336356204E-003
  9.544574765428599E-003  9.579577908646881E-003  9.308303742158118E-003
  9.526285335816643E-003  1.951156316572500E-003  9.433343422640402E-003
  9.586642455392850E-003  1.014210628501900E-003  1.042664568909343E-003
  6.952390437924003E-002  0.328158880823664     
 Design variables:  1.040735423218079E-003  9.733396493762662E-004
  9.540319081731478E-003  9.504743156166886E-003  9.513854336356204E-003
  9.544574765428599E-003  9.579577908646881E-003  9.308303742158118E-003
  9.526285335816643E-003  1.951156316572500E-003  9.433343422640402E-003
  9.586642455392850E-003  1.014210628501900E-003  1.042664568909343E-003
  6.952390437924003E-002  0.328158880823664     
 Mean drag value and variance:  1.724969392058695E-003  0.000000000000000E+000
   22  0.1724969E-02  0.2804024E-01  0.4716786E-03  0.1191726E-02  0.1393740E-05
 Calc con  1.121012176074283E-003  1.079276927446583E-003
  9.724162841104099E-003  9.714607104057242E-003  9.761744454053312E-003
  9.819893900883428E-003  9.865826095705100E-003  9.376394771334548E-003
  9.465523668695295E-003  1.963678114698581E-003  9.416402990459191E-003
  9.693954679015997E-003  1.124817331768400E-003  1.124404345228761E-003
  6.869714414589854E-002  0.326416330509148     
 Design variables:  1.121012176074283E-003  1.079276927446583E-003
  9.724162841104099E-003  9.714607104057242E-003  9.761744454053312E-003
  9.819893900883428E-003  9.865826095705100E-003  9.376394771334548E-003
  9.465523668695295E-003  1.963678114698581E-003  9.416402990459191E-003
  9.693954679015997E-003  1.124817331768400E-003  1.124404345228761E-003
  6.869714414589854E-002  0.326416330509148     
 Constraint value, mean lift and its standard deviation: -1.617964607969480E-005
  0.800016179646080       0.000000000000000E+000
 Calc obj  1.121012176074283E-003  1.079276927446583E-003
  9.724162841104099E-003  9.714607104057242E-003  9.761744454053312E-003
  9.819893900883428E-003  9.865826095705100E-003  9.376394771334548E-003
  9.465523668695295E-003  1.963678114698581E-003  9.416402990459191E-003
  9.693954679015997E-003  1.124817331768400E-003  1.124404345228761E-003
  6.869714414589854E-002  0.326416330509148     
 Design variables:  1.121012176074283E-003  1.079276927446583E-003
  9.724162841104099E-003  9.714607104057242E-003  9.761744454053312E-003
  9.819893900883428E-003  9.865826095705100E-003  9.376394771334548E-003
  9.465523668695295E-003  1.963678114698581E-003  9.416402990459191E-003
  9.693954679015997E-003  1.124817331768400E-003  1.124404345228761E-003
  6.869714414589854E-002  0.326416330509148     
 Mean drag value and variance:  1.716190693568367E-003  0.000000000000000E+000
   23  0.1716191E-02  0.1742550E-02  0.1193816E-05  0.1746123E-02  0.8343005E-07
 Calc con  9.879505792038240E-004  9.267702909491302E-004
  9.427165085244250E-003  9.435326918993443E-003  9.548976670351438E-003
  9.664403561591969E-003  9.748042495499216E-003  8.724914353518635E-003
  8.508397305349275E-003  9.985977574771130E-003  8.456304033424192E-003
  9.292628537273421E-003  1.012947109058058E-003  9.965619489619663E-004
  6.777833148457024E-002  0.309059853119485     
 Design variables:  9.879505792038240E-004  9.267702909491302E-004
  9.427165085244250E-003  9.435326918993443E-003  9.548976670351438E-003
  9.664403561591969E-003  9.748042495499216E-003  8.724914353518635E-003
  8.508397305349275E-003  9.985977574771130E-003  8.456304033424192E-003
  9.292628537273421E-003  1.012947109058058E-003  9.965619489619663E-004
  6.777833148457024E-002  0.309059853119485     
 Constraint value, mean lift and its standard deviation: -3.678854911475238E-004
  0.800367885491148       0.000000000000000E+000
 Calc obj  9.879505792038240E-004  9.267702909491302E-004
  9.427165085244250E-003  9.435326918993443E-003  9.548976670351438E-003
  9.664403561591969E-003  9.748042495499216E-003  8.724914353518635E-003
  8.508397305349275E-003  9.985977574771130E-003  8.456304033424192E-003
  9.292628537273421E-003  1.012947109058058E-003  9.965619489619663E-004
  6.777833148457024E-002  0.309059853119485     
 Design variables:  9.879505792038240E-004  9.267702909491302E-004
  9.427165085244250E-003  9.435326918993443E-003  9.548976670351438E-003
  9.664403561591969E-003  9.748042495499216E-003  8.724914353518635E-003
  8.508397305349275E-003  9.985977574771130E-003  8.456304033424192E-003
  9.292628537273421E-003  1.012947109058058E-003  9.965619489619663E-004
  6.777833148457024E-002  0.309059853119485     
 Mean drag value and variance:  1.686219656908460E-003  0.000000000000000E+000
   24  0.1686220E-02  0.1883427E+00  0.3025306E-03  0.1177644E-02  0.2338891E-05
 Calc con  9.299723102235866E-004  8.579075488949281E-004
  9.297825009621150E-003  9.305749937347533E-003  9.411422896948430E-003
  9.523078755890967E-003  9.604040531396737E-003  8.696856694834451E-003
  8.407544683890614E-003  7.922230598288246E-003  8.453352846245085E-003
  9.203745723271381E-003  9.423563443387324E-004  9.383970352501656E-004
  6.980211755359701E-002  0.300010659291824     
 Design variables:  9.299723102235866E-004  8.579075488949281E-004
  9.297825009621150E-003  9.305749937347533E-003  9.411422896948430E-003
  9.523078755890967E-003  9.604040531396737E-003  8.696856694834451E-003
  8.407544683890614E-003  7.922230598288246E-003  8.453352846245085E-003
  9.203745723271381E-003  9.423563443387324E-004  9.383970352501656E-004
  6.980211755359701E-002  0.300010659291824     
 Constraint value, mean lift and its standard deviation: -3.819195461881586E-004
  0.800381919546188       0.000000000000000E+000
 Calc obj  9.299723102235866E-004  8.579075488949281E-004
  9.297825009621150E-003  9.305749937347533E-003  9.411422896948430E-003
  9.523078755890967E-003  9.604040531396737E-003  8.696856694834451E-003
  8.407544683890614E-003  7.922230598288246E-003  8.453352846245085E-003
  9.203745723271381E-003  9.423563443387324E-004  9.383970352501656E-004
  6.980211755359701E-002  0.300010659291824     
 Design variables:  9.299723102235866E-004  8.579075488949281E-004
  9.297825009621150E-003  9.305749937347533E-003  9.411422896948430E-003
  9.523078755890967E-003  9.604040531396737E-003  8.696856694834451E-003
  8.407544683890614E-003  7.922230598288246E-003  8.453352846245085E-003
  9.203745723271381E-003  9.423563443387324E-004  9.383970352501656E-004
  6.980211755359701E-002  0.300010659291824     
 Mean drag value and variance:  1.669812011558771E-003  0.000000000000000E+000
   25  0.1669812E-02  0.1388334E-01  0.1772478E-03  0.6670785E-03  0.1294792E-05
 Calc con  9.861748162210389E-004  9.313704487465459E-004
  9.448718585411570E-003  9.453936122761365E-003  9.547617091711969E-003
  9.648461458925121E-003  9.726742270660517E-003  8.887521895394780E-003
  8.400651557215014E-003  7.851787542466583E-003  8.535256839532188E-003
  9.340007675946498E-003  1.007700544648480E-003  9.931135794705645E-004
  6.912148705837576E-002  0.300258016109994     
 Design variables:  9.861748162210389E-004  9.313704487465459E-004
  9.448718585411570E-003  9.453936122761365E-003  9.547617091711969E-003
  9.648461458925121E-003  9.726742270660517E-003  8.887521895394780E-003
  8.400651557215014E-003  7.851787542466583E-003  8.535256839532188E-003
  9.340007675946498E-003  1.007700544648480E-003  9.931135794705645E-004
  6.912148705837576E-002  0.300258016109994     
 Constraint value, mean lift and its standard deviation: -1.219927100751805E-004
  0.800121992710075       0.000000000000000E+000
 Calc obj  9.861748162210389E-004  9.313704487465459E-004
  9.448718585411570E-003  9.453936122761365E-003  9.547617091711969E-003
  9.648461458925121E-003  9.726742270660517E-003  8.887521895394780E-003
  8.400651557215014E-003  7.851787542466583E-003  8.535256839532188E-003
  9.340007675946498E-003  1.007700544648480E-003  9.931135794705645E-004
  6.912148705837576E-002  0.300258016109994     
 Design variables:  9.861748162210389E-004  9.313704487465459E-004
  9.448718585411570E-003  9.453936122761365E-003  9.547617091711969E-003
  9.648461458925121E-003  9.726742270660517E-003  8.887521895394780E-003
  8.400651557215014E-003  7.851787542466583E-003  8.535256839532188E-003
  9.340007675946498E-003  1.007700544648480E-003  9.931135794705645E-004
  6.912148705837576E-002  0.300258016109994     
 Mean drag value and variance:  1.667665030529174E-003  0.000000000000000E+000
   26  0.1667665E-02  0.6806305E-03  0.8265830E-06  0.1249476E-04  0.4804039E-06
 Calc con  1.098320082833338E-003  1.072660827498094E-003
  9.656715639170062E-003  9.677552250935674E-003  9.780290196130002E-003
  9.869012278011360E-003  9.922181046943335E-003  8.983175280622945E-003
  8.320800105235884E-003  7.660910424665109E-003  8.455390848047844E-003
  9.483431973675358E-003  1.139207937172047E-003  1.105233690871982E-003
  6.834618272319926E-002  0.300044829820371     
 Design variables:  1.098320082833338E-003  1.072660827498094E-003
  9.656715639170062E-003  9.677552250935674E-003  9.780290196130002E-003
  9.869012278011360E-003  9.922181046943335E-003  8.983175280622945E-003
  8.320800105235884E-003  7.660910424665109E-003  8.455390848047844E-003
  9.483431973675358E-003  1.139207937172047E-003  1.105233690871982E-003
  6.834618272319926E-002  0.300044829820371     
 Constraint value, mean lift and its standard deviation: -1.166558056064915E-005
  0.800011665580561       0.000000000000000E+000
 Calc obj  1.098320082833338E-003  1.072660827498094E-003
  9.656715639170062E-003  9.677552250935674E-003  9.780290196130002E-003
  9.869012278011360E-003  9.922181046943335E-003  8.983175280622945E-003
  8.320800105235884E-003  7.660910424665109E-003  8.455390848047844E-003
  9.483431973675358E-003  1.139207937172047E-003  1.105233690871982E-003
  6.834618272319926E-002  0.300044829820371     
 Design variables:  1.098320082833338E-003  1.072660827498094E-003
  9.656715639170062E-003  9.677552250935674E-003  9.780290196130002E-003
  9.869012278011360E-003  9.922181046943335E-003  8.983175280622945E-003
  8.320800105235884E-003  7.660910424665109E-003  8.455390848047844E-003
  9.483431973675358E-003  1.139207937172047E-003  1.105233690871982E-003
  6.834618272319926E-002  0.300044829820371     
 Mean drag value and variance:  1.664363649602535E-003  0.000000000000000E+000
   27  0.1664364E-02  0.7753043E-03  0.1079471E-05  0.7352495E-03  0.4114241E-07
 Calc con  1.125482058221131E-003  1.101357939805296E-003
  9.757722237641590E-003  9.752244080449954E-003  9.796486441978893E-003
  9.854437942503761E-003  9.898071573344148E-003  9.667211568395187E-003
  9.050517393146660E-003  7.967480470430627E-003  9.998874319539747E-003
  9.801279129741686E-003  1.141655525270560E-003  1.128607134664704E-003
  6.636554500527569E-002  0.300078735792005     
 Design variables:  1.125482058221131E-003  1.101357939805296E-003
  9.757722237641590E-003  9.752244080449954E-003  9.796486441978893E-003
  9.854437942503761E-003  9.898071573344148E-003  9.667211568395187E-003
  9.050517393146660E-003  7.967480470430627E-003  9.998874319539747E-003
  9.801279129741686E-003  1.141655525270560E-003  1.128607134664704E-003
  6.636554500527569E-002  0.300078735792005     
 Constraint value, mean lift and its standard deviation: -5.919056163927738E-005
  0.800059190561639       0.000000000000000E+000
 Calc obj  1.125482058221131E-003  1.101357939805296E-003
  9.757722237641590E-003  9.752244080449954E-003  9.796486441978893E-003
  9.854437942503761E-003  9.898071573344148E-003  9.667211568395187E-003
  9.050517393146660E-003  7.967480470430627E-003  9.998874319539747E-003
  9.801279129741686E-003  1.141655525270560E-003  1.128607134664704E-003
  6.636554500527569E-002  0.300078735792005     
 Design variables:  1.125482058221131E-003  1.101357939805296E-003
  9.757722237641590E-003  9.752244080449954E-003  9.796486441978893E-003
  9.854437942503761E-003  9.898071573344148E-003  9.667211568395187E-003
  9.050517393146660E-003  7.967480470430627E-003  9.998874319539747E-003
  9.801279129741686E-003  1.141655525270560E-003  1.128607134664704E-003
  6.636554500527569E-002  0.300078735792005     
 Mean drag value and variance:  1.663366379352556E-003  0.000000000000000E+000
 Calc con  1.125484031134496E-003  1.101361655932116E-003
  9.757738578570792E-003  9.752252069646019E-003  9.796482981396125E-003
  9.854429115867581E-003  9.898061625508756E-003  9.667130322444433E-003
  9.050105814707160E-003  7.966923413841956E-003  9.998874319539748E-003
  9.801339953464000E-003  1.141652614546917E-003  1.128608076503447E-003
  6.636423473828924E-002  0.300078747928918     
 Design variables:  1.125484031134496E-003  1.101361655932116E-003
  9.757738578570792E-003  9.752252069646019E-003  9.796482981396125E-003
  9.854429115867581E-003  9.898061625508756E-003  9.667130322444433E-003
  9.050105814707160E-003  7.966923413841956E-003  9.998874319539748E-003
  9.801339953464000E-003  1.141652614546917E-003  1.128608076503447E-003
  6.636423473828924E-002  0.300078747928918     
 Constraint value, mean lift and its standard deviation: -4.642995747761169E-005
  0.800046429957478       0.000000000000000E+000
 Calc obj  1.125484031134496E-003  1.101361655932116E-003
  9.757738578570792E-003  9.752252069646019E-003  9.796482981396125E-003
  9.854429115867581E-003  9.898061625508756E-003  9.667130322444433E-003
  9.050105814707160E-003  7.966923413841956E-003  9.998874319539748E-003
  9.801339953464000E-003  1.141652614546917E-003  1.128608076503447E-003
  6.636423473828924E-002  0.300078747928918     
 Design variables:  1.125484031134496E-003  1.101361655932116E-003
  9.757738578570792E-003  9.752252069646019E-003  9.796482981396125E-003
  9.854429115867581E-003  9.898061625508756E-003  9.667130322444433E-003
  9.050105814707160E-003  7.966923413841956E-003  9.998874319539748E-003
  9.801339953464000E-003  1.141652614546917E-003  1.128608076503447E-003
  6.636423473828924E-002  0.300078747928918     
 Mean drag value and variance:  1.663314495035551E-003  0.000000000000000E+000
 Calc con  1.125484028230673E-003  1.101361650462554E-003
  9.757738554519479E-003  9.752252057887160E-003  9.796482986489566E-003
  9.854429128859020E-003  9.898061640150427E-003  9.667130442025879E-003
  9.050106420486818E-003  7.966924233742895E-003  9.998874319539748E-003
  9.801339863940909E-003  1.141652618831051E-003  1.128608075117206E-003
  6.636423666679912E-002  0.300078747911054     
 Design variables:  1.125484028230673E-003  1.101361650462554E-003
  9.757738554519479E-003  9.752252057887160E-003  9.796482986489566E-003
  9.854429128859020E-003  9.898061640150427E-003  9.667130442025879E-003
  9.050106420486818E-003  7.966924233742895E-003  9.998874319539748E-003
  9.801339863940909E-003  1.141652618831051E-003  1.128608075117206E-003
  6.636423666679912E-002  0.300078747911054     
 Constraint value, mean lift and its standard deviation: -4.644873909043223E-005
  0.800046448739090       0.000000000000000E+000
 Calc obj  1.125484028230673E-003  1.101361650462554E-003
  9.757738554519479E-003  9.752252057887160E-003  9.796482986489566E-003
  9.854429128859020E-003  9.898061640150427E-003  9.667130442025879E-003
  9.050106420486818E-003  7.966924233742895E-003  9.998874319539748E-003
  9.801339863940909E-003  1.141652618831051E-003  1.128608075117206E-003
  6.636423666679912E-002  0.300078747911054     
 Design variables:  1.125484028230673E-003  1.101361650462554E-003
  9.757738554519479E-003  9.752252057887160E-003  9.796482986489566E-003
  9.854429128859020E-003  9.898061640150427E-003  9.667130442025879E-003
  9.050106420486818E-003  7.966924233742895E-003  9.998874319539748E-003
  9.801339863940909E-003  1.141652618831051E-003  1.128608075117206E-003
  6.636423666679912E-002  0.300078747911054     
 Mean drag value and variance:  1.663314571401110E-003  0.000000000000000E+000
 Calc con  1.111901070527234E-003  1.087009383651695E-003
  9.707218938405827E-003  9.714898165692813E-003  9.788388319054448E-003
  9.861725110257562E-003  9.910126310143741E-003  9.325193424509066E-003
  8.685658749191272E-003  7.814195447547868E-003  9.227132583793795E-003
  9.642355551708523E-003  1.140431731221303E-003  1.116920412768343E-003
  6.735586386423748E-002  0.300061782806188     
 Design variables:  1.111901070527234E-003  1.087009383651695E-003
  9.707218938405827E-003  9.714898165692813E-003  9.788388319054448E-003
  9.861725110257562E-003  9.910126310143741E-003  9.325193424509066E-003
  8.685658749191272E-003  7.814195447547868E-003  9.227132583793795E-003
  9.642355551708523E-003  1.140431731221303E-003  1.116920412768343E-003
  6.735586386423748E-002  0.300061782806188     
 Constraint value, mean lift and its standard deviation: -2.888150267910117E-005
  0.800028881502679       0.000000000000000E+000
 Calc obj  1.111901070527234E-003  1.087009383651695E-003
  9.707218938405827E-003  9.714898165692813E-003  9.788388319054448E-003
  9.861725110257562E-003  9.910126310143741E-003  9.325193424509066E-003
  8.685658749191272E-003  7.814195447547868E-003  9.227132583793795E-003
  9.642355551708523E-003  1.140431731221303E-003  1.116920412768343E-003
  6.735586386423748E-002  0.300061782806188     
 Design variables:  1.111901070527234E-003  1.087009383651695E-003
  9.707218938405827E-003  9.714898165692813E-003  9.788388319054448E-003
  9.861725110257562E-003  9.910126310143741E-003  9.325193424509066E-003
  8.685658749191272E-003  7.814195447547868E-003  9.227132583793795E-003
  9.642355551708523E-003  1.140431731221303E-003  1.116920412768343E-003
  6.735586386423748E-002  0.300061782806188     
 Mean drag value and variance:  1.663759899249353E-003  0.000000000000000E+000
   28  0.1663760E-02  0.4088964E-02  0.5770665E-05  0.5066287E-03  0.2225661E-06
 Calc con  1.235255045518203E-003  1.228945272059715E-003
  9.975009758552313E-003  9.974539936418848E-003  9.979301939393658E-003
  9.984512632553181E-003  9.988217793703505E-003  9.751457588343738E-003
  9.035499282565754E-003  7.630880640572328E-003  9.897540995316355E-003
  9.945552211105022E-003  1.240292662108628E-003  1.237288874376170E-003
  6.576544490518331E-002  0.300009414874711     
 Design variables:  1.235255045518203E-003  1.228945272059715E-003
  9.975009758552313E-003  9.974539936418848E-003  9.979301939393658E-003
  9.984512632553181E-003  9.988217793703505E-003  9.751457588343738E-003
  9.035499282565754E-003  7.630880640572328E-003  9.897540995316355E-003
  9.945552211105022E-003  1.240292662108628E-003  1.237288874376170E-003
  6.576544490518331E-002  0.300009414874711     
 Constraint value, mean lift and its standard deviation: -4.642148094147203E-006
  0.800004642148094       0.000000000000000E+000
 Calc obj  1.235255045518203E-003  1.228945272059715E-003
  9.975009758552313E-003  9.974539936418848E-003  9.979301939393658E-003
  9.984512632553181E-003  9.988217793703505E-003  9.751457588343738E-003
  9.035499282565754E-003  7.630880640572328E-003  9.897540995316355E-003
  9.945552211105022E-003  1.240292662108628E-003  1.237288874376170E-003
  6.576544490518331E-002  0.300009414874711     
 Design variables:  1.235255045518203E-003  1.228945272059715E-003
  9.975009758552313E-003  9.974539936418848E-003  9.979301939393658E-003
  9.984512632553181E-003  9.988217793703505E-003  9.751457588343738E-003
  9.035499282565754E-003  7.630880640572328E-003  9.897540995316355E-003
  9.945552211105022E-003  1.240292662108628E-003  1.237288874376170E-003
  6.576544490518331E-002  0.300009414874711     
 Mean drag value and variance:  1.661143424900068E-003  0.000000000000000E+000
   29  0.1661143E-02  0.1590419E-02  0.2764507E-07  0.1502466E-04  0.1883795E-07
 Calc con  1.249667229058909E-003  1.249603490579306E-003
  9.999482860662977E-003  9.999487913183194E-003  9.999545538810052E-003
  9.999650125349736E-003  9.999742964907644E-003  9.980537248727018E-003
  9.535729768299143E-003  7.195030985398598E-003  9.991075809342545E-003
  9.999091760453549E-003  1.249754749396632E-003  1.249706712937561E-003
  6.548771028724441E-002  0.300000228861968     
 Design variables:  1.249667229058909E-003  1.249603490579306E-003
  9.999482860662977E-003  9.999487913183194E-003  9.999545538810052E-003
  9.999650125349736E-003  9.999742964907644E-003  9.980537248727018E-003
  9.535729768299143E-003  7.195030985398598E-003  9.991075809342545E-003
  9.999091760453549E-003  1.249754749396632E-003  1.249706712937561E-003
  6.548771028724441E-002  0.300000228861968     
 Constraint value, mean lift and its standard deviation: -2.789699297123249E-007
  0.800000278969930       0.000000000000000E+000
 Calc obj  1.249667229058909E-003  1.249603490579306E-003
  9.999482860662977E-003  9.999487913183194E-003  9.999545538810052E-003
  9.999650125349736E-003  9.999742964907644E-003  9.980537248727018E-003
  9.535729768299143E-003  7.195030985398598E-003  9.991075809342545E-003
  9.999091760453549E-003  1.249754749396632E-003  1.249706712937561E-003
  6.548771028724441E-002  0.300000228861968     
 Design variables:  1.249667229058909E-003  1.249603490579306E-003
  9.999482860662977E-003  9.999487913183194E-003  9.999545538810052E-003
  9.999650125349736E-003  9.999742964907644E-003  9.980537248727018E-003
  9.535729768299143E-003  7.195030985398598E-003  9.991075809342545E-003
  9.999091760453549E-003  1.249754749396632E-003  1.249706712937561E-003
  6.548771028724441E-002  0.300000228861968     
 Mean drag value and variance:  1.660764169253948E-003  0.000000000000000E+000
   30  0.1660764E-02  0.5002305E-03  0.1836384E-06  0.2100690E-04  0.4263468E-09
 Calc con  1.248770707413991E-003  1.248501966915090E-003
  9.997580475092539E-003  9.997574466300802E-003  9.997996571646715E-003
  9.998454625780530E-003  9.998806031314483E-003  9.988983582478713E-003
  1.000000024690958E-002  6.655986738740913E-003  9.986491084866387E-003
  9.996785428420626E-003  1.248932815939885E-003  1.248818438754840E-003
  6.555316344686554E-002  0.300001066063653     
 Design variables:  1.248770707413991E-003  1.248501966915090E-003
  9.997580475092539E-003  9.997574466300802E-003  9.997996571646715E-003
  9.998454625780530E-003  9.998806031314483E-003  9.988983582478713E-003
  1.000000024690958E-002  6.655986738740913E-003  9.986491084866387E-003
  9.996785428420626E-003  1.248932815939885E-003  1.248818438754840E-003
  6.555316344686554E-002  0.300001066063653     
 Constraint value, mean lift and its standard deviation: -8.032263906221360E-007
  0.800000803226391       0.000000000000000E+000
 Calc obj  1.248770707413991E-003  1.248501966915090E-003
  9.997580475092539E-003  9.997574466300802E-003  9.997996571646715E-003
  9.998454625780530E-003  9.998806031314483E-003  9.988983582478713E-003
  1.000000024690958E-002  6.655986738740913E-003  9.986491084866387E-003
  9.996785428420626E-003  1.248932815939885E-003  1.248818438754840E-003
  6.555316344686554E-002  0.300001066063653     
 Design variables:  1.248770707413991E-003  1.248501966915090E-003
  9.997580475092539E-003  9.997574466300802E-003  9.997996571646715E-003
  9.998454625780530E-003  9.998806031314483E-003  9.988983582478713E-003
  1.000000024690958E-002  6.655986738740913E-003  9.986491084866387E-003
  9.996785428420626E-003  1.248932815939885E-003  1.248818438754840E-003
  6.555316344686554E-002  0.300001066063653     
 Mean drag value and variance:  1.660758314943086E-003  0.000000000000000E+000
   31  0.1660758E-02  0.5436806E-03  0.2700310E-06  0.1895003E-04  0.2222858E-08
 Calc con  1.249845185778697E-003  1.249809326807617E-003
  9.999687852478376E-003  9.999686994336726E-003  9.999742964503110E-003
  9.999803799406641E-003  9.999850417819298E-003  9.998420770686267E-003
  9.990992004841780E-003  6.295887191722307E-003  9.999147597471079E-003
  9.999618249742461E-003  1.249863993012265E-003  1.249850635487879E-003
  6.572270648439220E-002  0.300000133141888     
 Design variables:  1.249845185778697E-003  1.249809326807617E-003
  9.999687852478376E-003  9.999686994336726E-003  9.999742964503110E-003
  9.999803799406641E-003  9.999850417819298E-003  9.998420770686267E-003
  9.990992004841780E-003  6.295887191722307E-003  9.999147597471079E-003
  9.999618249742461E-003  1.249863993012265E-003  1.249850635487879E-003
  6.572270648439220E-002  0.300000133141888     
 Constraint value, mean lift and its standard deviation: -4.649142836266051E-007
  0.800000464914284       0.000000000000000E+000
 Calc obj  1.249845185778697E-003  1.249809326807617E-003
  9.999687852478376E-003  9.999686994336726E-003  9.999742964503110E-003
  9.999803799406641E-003  9.999850417819298E-003  9.998420770686267E-003
  9.990992004841780E-003  6.295887191722307E-003  9.999147597471079E-003
  9.999618249742461E-003  1.249863993012265E-003  1.249850635487879E-003
  6.572270648439220E-002  0.300000133141888     
 Design variables:  1.249845185778697E-003  1.249809326807617E-003
  9.999687852478376E-003  9.999686994336726E-003  9.999742964503110E-003
  9.999803799406641E-003  9.999850417819298E-003  9.998420770686267E-003
  9.990992004841780E-003  6.295887191722307E-003  9.999147597471079E-003
  9.999618249742461E-003  1.249863993012265E-003  1.249850635487879E-003
  6.572270648439220E-002  0.300000133141888     
 Mean drag value and variance:  1.660729148484504E-003  0.000000000000000E+000
   32  0.1660729E-02  0.3600995E-03  0.4027254E-06  0.4532630E-05  0.2935357E-09
 Calc con  1.250004190300355E-003  1.250002959026392E-003
  9.999998625884623E-003  9.999998645629008E-003  1.000000068372112E-002
  1.000000283786119E-002  1.000000446795362E-002  9.999928206572715E-003
  9.999878013369420E-003  6.325735776958804E-003  9.999966315204355E-003
  9.999995485087157E-003  1.250004868527788E-003  1.250004477183378E-003
  6.570079610178606E-002  0.299999994858471     
 Design variables:  1.250004190300355E-003  1.250002959026392E-003
  9.999998625884623E-003  9.999998645629008E-003  1.000000068372112E-002
  1.000000283786119E-002  1.000000446795362E-002  9.999928206572715E-003
  9.999878013369420E-003  6.325735776958804E-003  9.999966315204355E-003
  9.999995485087157E-003  1.250004868527788E-003  1.250004477183378E-003
  6.570079610178606E-002  0.299999994858471     
 Constraint value, mean lift and its standard deviation:  2.852233227379486E-009
  0.799999997147767       0.000000000000000E+000
 Calc obj  1.250004190300355E-003  1.250002959026392E-003
  9.999998625884623E-003  9.999998645629008E-003  1.000000068372112E-002
  1.000000283786119E-002  1.000000446795362E-002  9.999928206572715E-003
  9.999878013369420E-003  6.325735776958804E-003  9.999966315204355E-003
  9.999995485087157E-003  1.250004868527788E-003  1.250004477183378E-003
  6.570079610178606E-002  0.299999994858471     
 Design variables:  1.250004190300355E-003  1.250002959026392E-003
  9.999998625884623E-003  9.999998645629008E-003  1.000000068372112E-002
  1.000000283786119E-002  1.000000446795362E-002  9.999928206572715E-003
  9.999878013369420E-003  6.325735776958804E-003  9.999966315204355E-003
  9.999995485087157E-003  1.250004868527788E-003  1.250004477183378E-003
  6.570079610178606E-002  0.299999994858471     
 Mean drag value and variance:  1.660723223876979E-003  0.000000000000000E+000
   33  0.1660723E-02  0.2984859E-04  0.4683478E-08  0.3309010E-06  0.1000000E-10
 
 The solution was found.
 
 The final value of the objective function is   1.660723223876979E-003
 
 The optimal values of X are:
 
 X  (           1 ) =   1.250000000000000E-003
 X  (           2 ) =   1.250000000000000E-003
 X  (           3 ) =   9.999998625884623E-003
 X  (           4 ) =   9.999998645629008E-003
 X  (           5 ) =   1.000000000000000E-002
 X  (           6 ) =   1.000000000000000E-002
 X  (           7 ) =   1.000000000000000E-002
 X  (           8 ) =   9.999928206572715E-003
 X  (           9 ) =   9.999878013369420E-003
 X  (          10 ) =   6.325735776958804E-003
 X  (          11 ) =   9.999966315204355E-003
 X  (          12 ) =   9.999995485087157E-003
 X  (          13 ) =   1.250000000000000E-003
 X  (          14 ) =   1.250000000000000E-003
 X  (          15 ) =    3.76437832728191     
 X  (          16 ) =   0.300000000000000     
 
 The multipliers for the equality constraints are:
 
 LAM(           1 ) =   4.064207781723097E-003
 
 Mean drag and its variance:  1.660723223876979E-003  0.000000000000000E+000
