 
 D =  0.000000000000000E+000  0.000000000000000E+000  0.000000000000000E+000
  0.000000000000000E+000  0.000000000000000E+000  0.000000000000000E+000
  0.000000000000000E+000  0.000000000000000E+000  0.000000000000000E+000
  0.000000000000000E+000  0.000000000000000E+000  0.000000000000000E+000
  0.000000000000000E+000  0.000000000000000E+000   2.05650818452709     
  0.582629850493899     
 
 Objective function f =  0.198204559924780        1.00000000000000     
 
 dfdD_i =   11.9906240328669        9.52475244768170     
   4.75668922011484        3.83108882760273        3.30852530947418     
   3.04502430352790        2.87281377474947        3.20290414955840     
   3.63154351672616        4.00914164099503        4.49866965000670     
   5.19205468650289        6.38286077576339       0.680279590651338     
   6.98201365801374       0.119995608176988     
 
 D = -1.250000000000000E-003 -1.250000000000000E-003 -2.500000000000000E-003
 -2.500000000000000E-003 -2.500000000000000E-003 -2.500000000000000E-003
 -2.500000000000000E-003 -2.500000000000000E-003 -2.500000000000000E-003
 -2.500000000000000E-003 -2.500000000000000E-003 -2.500000000000000E-003
 -1.250000000000000E-003 -1.250000000000000E-003   2.05650818452709     
  0.582629850493899     
 
 Objective function f =  6.766063015659095E-002   1.00000000000000     
 
 dfdD_i =   12.0907877636967        9.61270937668741     
   4.63652641523380        3.67281981600433        3.17564349594075     
   2.97759091335298        2.88160032643104        3.11702195286984     
   3.56083506333529        3.96033254214135        4.45681434604799     
   5.11553555321289        6.16376412593947       0.495616997763500     
   6.91927826623957       1.773306364133198E-003
 
 D =  0.000000000000000E+000  0.000000000000000E+000  0.000000000000000E+000
  0.000000000000000E+000  0.000000000000000E+000  0.000000000000000E+000
  0.000000000000000E+000  0.000000000000000E+000  0.000000000000000E+000
  0.000000000000000E+000  0.000000000000000E+000  0.000000000000000E+000
  0.000000000000000E+000  0.000000000000000E+000   2.13305739701228     
  0.559897253284592     
 
 Objective function f =  0.204943849540630        1.00000000000000     
 
 dfdD_i =   11.7969131248286        9.30800967138408     
   4.64365446685818        3.73972250399885        3.22899878331154     
   2.97317470275991        2.81016224626352        3.14411137346956     
   3.55759825612729        3.92162808447773        4.39683242001403     
   5.06980131479825        6.26540151127273       0.942384942605002     
   6.83956507785040       9.953043845755793E-002
 
 D = -1.250000000000000E-003 -1.250000000000000E-003 -2.500000000000000E-003
 -2.500000000000000E-003 -2.500000000000000E-003 -2.500000000000000E-003
 -2.500000000000000E-003 -2.500000000000000E-003 -2.500000000000000E-003
 -2.500000000000000E-003 -2.500000000000000E-003 -2.500000000000000E-003
 -1.250000000000000E-003 -1.250000000000000E-003   2.13305739701228     
  0.559897253284592     
 
 Objective function f =  7.685207848399445E-002   1.00000000000000     
 
 dfdD_i =   11.8859098759255        9.38485949233456     
   4.52403360370254        3.58629063044192        3.10188581524332     
   2.90881499165911        2.81659249871143        3.06086172283972     
   3.49001980203633        3.87668060124417        4.35959131529791     
   4.99965209778526        6.05948253208691       0.768605753100711     
   6.78225656281052      -5.365771784106244E-003
 
 D =  0.000000000000000E+000  0.000000000000000E+000  0.000000000000000E+000
  0.000000000000000E+000  0.000000000000000E+000  0.000000000000000E+000
  0.000000000000000E+000  0.000000000000000E+000  0.000000000000000E+000
  0.000000000000000E+000  0.000000000000000E+000  0.000000000000000E+000
  0.000000000000000E+000  0.000000000000000E+000   1.99567161467151     
  0.543135962915970     
 
 Objective function f =  0.187235744891025        1.00000000000000     
 
 dfdD_i =   11.6684963001755        9.15684036461416     
   4.55882155352533        3.67423428757091        3.17771289174749     
   2.93013756157504        2.76882595644868        3.06928906368384     
   3.47651546834556        3.84432660734066        4.32512495511822     
   4.99687634649475        6.20422221872180        1.13963301303199     
   6.76322065277597       6.837426248657508E-002
 
 D = -1.250000000000000E-003 -1.250000000000000E-003 -2.500000000000000E-003
 -2.500000000000000E-003 -2.500000000000000E-003 -2.500000000000000E-003
 -2.500000000000000E-003 -2.500000000000000E-003 -2.500000000000000E-003
 -2.500000000000000E-003 -2.500000000000000E-003 -2.500000000000000E-003
 -1.250000000000000E-003 -1.250000000000000E-003   1.99567161467151     
  0.543135962915970     
 
 Objective function f =  6.095079741441527E-002   1.00000000000000     
 
 dfdD_i =   11.7481416061911        9.22621270786732     
   4.43800616298607        3.52152933024480        3.05188871000140     
   2.86626989076542        2.77399452975195        2.99052900590792     
   3.41301489820527        3.80334624404326        4.29237912958941     
   4.93325962112383        6.01263177467330       0.976085432391551     
   6.71067474414432      -2.678041315606716E-002
 
 D =  0.000000000000000E+000  0.000000000000000E+000  0.000000000000000E+000
  0.000000000000000E+000  0.000000000000000E+000  0.000000000000000E+000
  0.000000000000000E+000  0.000000000000000E+000  0.000000000000000E+000
  0.000000000000000E+000  0.000000000000000E+000  0.000000000000000E+000
  0.000000000000000E+000  0.000000000000000E+000   1.75282786895839     
  0.566128731493575     
 
 Objective function f =  0.159854675073347        1.00000000000000     
 
 dfdD_i =   11.8653573877234        9.36454173589543     
   4.65680510241726        3.75635208737887        3.25534676424313     
   3.00376740275711        2.82896661777040        3.08929053430125     
   3.51334518794619        3.90492576506410        4.41340875291890     
   5.11755794791256        6.32844386486433       0.870594018547524     
   6.90656870773513       6.882984138280523E-002
 
 D = -1.250000000000000E-003 -1.250000000000000E-003 -2.500000000000000E-003
 -2.500000000000000E-003 -2.500000000000000E-003 -2.500000000000000E-003
 -2.500000000000000E-003 -2.500000000000000E-003 -2.500000000000000E-003
 -2.500000000000000E-003 -2.500000000000000E-003 -2.500000000000000E-003
 -1.250000000000000E-003 -1.250000000000000E-003   1.75282786895839     
  0.566128731493575     
 
 Objective function f =  3.147649390940999E-002   1.00000000000000     
 
 dfdD_i =   11.9564282015876        9.44575920015573     
   4.53351878766552        3.59610004418504        3.12109782935730     
   2.93506625270923        2.83631863779217        3.01105078321455     
   3.44950558466191        3.86266480937320        4.37880778002682     
   5.05113035763017        6.13040332029204       0.699400430520704     
   6.85185401456810      -3.793386796846399E-002
 
 D =  0.000000000000000E+000  0.000000000000000E+000  0.000000000000000E+000
  0.000000000000000E+000  0.000000000000000E+000  0.000000000000000E+000
  0.000000000000000E+000  0.000000000000000E+000  0.000000000000000E+000
  0.000000000000000E+000  0.000000000000000E+000  0.000000000000000E+000
  0.000000000000000E+000  0.000000000000000E+000   1.87799363060349     
  0.535590217944680     
 
 Objective function f =  0.172923224468057        1.00000000000000     
 
 dfdD_i =   11.6138612251871        9.09084671461461     
   4.52007188001769        3.64491045688953        3.15608733633091     
   2.91289912918267        2.75110336981032        3.02831595054948     
   3.43397008364176        3.80681852407530        4.29388995891361     
   4.96814146042513        6.18228716241780        1.22996883065552     
   6.73563628907813       5.116956923998650E-002
 
 D = -1.250000000000000E-003 -1.250000000000000E-003 -2.500000000000000E-003
 -2.500000000000000E-003 -2.500000000000000E-003 -2.500000000000000E-003
 -2.500000000000000E-003 -2.500000000000000E-003 -2.500000000000000E-003
 -2.500000000000000E-003 -2.500000000000000E-003 -2.500000000000000E-003
 -1.250000000000000E-003 -1.250000000000000E-003   1.87799363060349     
  0.535590217944680     
 
 Objective function f =  4.744698708689982E-002   1.00000000000000     
 
 dfdD_i =   11.6893255637964        9.15720615387118     
   4.39828388029210        3.49198731795632        3.03051661217006     
   2.84932947212256        2.75621240144219        2.95208787988032     
   3.37257659114740        3.76771250560724        4.26321679742425     
   4.90762955039087        5.99803294731271        1.07169214099086     
   6.68566391363872      -4.018309029250489E-002
 
 D =  0.000000000000000E+000  0.000000000000000E+000  0.000000000000000E+000
  0.000000000000000E+000  0.000000000000000E+000  0.000000000000000E+000
  0.000000000000000E+000  0.000000000000000E+000  0.000000000000000E+000
  0.000000000000000E+000  0.000000000000000E+000  0.000000000000000E+000
  0.000000000000000E+000  0.000000000000000E+000   2.23894962209022     
  0.574793001196463     
 
 Objective function f =  0.219344827420205        1.00000000000000     
 
 dfdD_i =   11.9112888381995        9.44603118632646     
   4.72314697948345        3.80200365821202        3.27884908941964     
   3.01587354294209        2.85077305316472        3.21580592299260     
   3.63623002978453        3.99711253932648        4.46676083103039     
   5.13985645798027        6.32272710179201       0.769845429460669     
   6.91125806757217       0.128905024768158     
 
 D = -1.250000000000000E-003 -1.250000000000000E-003 -2.500000000000000E-003
 -2.500000000000000E-003 -2.500000000000000E-003 -2.500000000000000E-003
 -2.500000000000000E-003 -2.500000000000000E-003 -2.500000000000000E-003
 -2.500000000000000E-003 -2.500000000000000E-003 -2.500000000000000E-003
 -1.250000000000000E-003 -1.250000000000000E-003   2.23894962209022     
  0.574793001196463     
 
 Objective function f =  8.951390102359130E-002   1.00000000000000     
 
 dfdD_i =   12.0075833515309        9.52916777869750     
   4.60476071451637        3.64806913863202        3.15074546935831     
   2.95132860708690        2.85869127624169        3.12797718360339     
   3.56428954767675        3.94777214977115        4.42462807372476     
   5.06303766877336        6.10302671815836       0.586590517568809     
   6.84814665863111       1.458620173072234E-002
 
 D =  0.000000000000000E+000  0.000000000000000E+000  0.000000000000000E+000
  0.000000000000000E+000  0.000000000000000E+000  0.000000000000000E+000
  0.000000000000000E+000  0.000000000000000E+000  0.000000000000000E+000
  0.000000000000000E+000  0.000000000000000E+000  0.000000000000000E+000
  0.000000000000000E+000  0.000000000000000E+000   2.00000000000000     
  0.560000000000000     
 
 Objective function f =  0.189055325272989        1.00000000000000     
 
 dfdD_i =   11.8040801634515        9.30874872633826     
   4.63796051212754        3.73709536854626        3.23084503902690     
   2.97725524868318        2.81098890178481        3.11832103619893     
   3.53442425175243        3.90756188207972        4.39392189708504     
   5.07667605001291        6.27883144898441       0.941907854764920     
   6.85220490702353       8.671484033482812E-002
 
 D =  0.000000000000000E+000  0.000000000000000E+000  0.000000000000000E+000
  0.000000000000000E+000  0.000000000000000E+000  0.000000000000000E+000
  0.000000000000000E+000  0.000000000000000E+000  0.000000000000000E+000
  0.000000000000000E+000  0.000000000000000E+000  0.000000000000000E+000
  0.000000000000000E+000  0.000000000000000E+000   2.00000000000000     
  0.560000000000000     
 
 Objective function f =  0.295339833660280        1.00000000000000     
 
 dfdD_i =   8.79661445144892        6.23506184468824     
   4.40318019794552        3.90943535759144        3.49175071452129     
   3.10986390119544        2.70715446791653        3.22172804395084     
   3.56619197167500        3.88306609918491        4.23803539246174     
   4.68165417695126        6.41337889416647        8.86071485446588     
   8.52529022687278       0.319893435752474     
 
 D =  0.000000000000000E+000  0.000000000000000E+000  0.000000000000000E+000
  0.000000000000000E+000  0.000000000000000E+000  0.000000000000000E+000
  0.000000000000000E+000  0.000000000000000E+000  0.000000000000000E+000
  0.000000000000000E+000  0.000000000000000E+000  0.000000000000000E+000
  0.000000000000000E+000  0.000000000000000E+000   2.23950157334796     
  0.535092757132144     
 
 Objective function f =  3.505136546285763E-002   1.00000000000000     
 
 dfdD_i =  9.897428484983138E-002  0.170702698149030     
  5.157018446295918E-002  9.993826789156944E-003 -4.225411704087964E-002
 -0.131433326129027      -0.288760740241035       5.769989179961967E-002
 -1.296039199680866E-002  1.509672664665469E-003  4.492772907041988E-002
  8.572318288074435E-002  0.134336620422483       0.280943009700309     
  0.273248406982957      -2.668545829944911E-002
 
 D =  1.250000000000000E-003  1.250000000000000E-003  2.500000000000000E-003
  2.500000000000000E-003 -2.500000000000000E-003 -2.500000000000000E-003
 -2.500000000000000E-003  2.500000000000000E-003 -2.500000000000000E-003
  1.509672664668141E-003  2.500000000000000E-003  2.500000000000000E-003
  1.250000000000000E-003  1.250000000000000E-003   2.23950157334796     
  0.535092757132144     
 
 Objective function f =  3.810865417798162E-002   1.00000000000000     
 
 dfdD_i =  0.135949050457390       0.218942872411677     
  9.372295997993320E-002  2.218913472364293E-002 -6.670996521051051E-002
 -0.179107606391988      -0.332288623354275       4.980616968842188E-002
 -8.662088748254797E-003  2.053516047605749E-002  7.644436059331124E-002
  0.121920052747181       0.162598511639643       0.308293709368608     
  0.299555798914143      -2.664110144727366E-002
 
 D =  1.250000000000000E-003  1.250000000000000E-003  2.500000000000000E-003
  2.500000000000000E-003 -2.500000000000000E-003 -2.500000000000000E-003
 -2.500000000000000E-003  2.500000000000000E-003 -2.500000000000000E-003
  2.500000000000000E-003  2.500000000000000E-003  2.500000000000000E-003
  1.250000000000000E-003  1.250000000000000E-003   2.23950157334796     
  0.535092757132144     
 
 Objective function f =  3.813395153806060E-002   1.00000000000000     
 
 dfdD_i =  0.136149509441154       0.219192200674699     
  9.399318869233864E-002  2.257134457037137E-002 -6.611751476627033E-002
 -0.178201478258538      -0.330958556039079       5.395697526752688E-002
 -9.598848368413965E-005  3.056794940271279E-002  8.459146628985587E-002
  0.125510904738259       0.157831813266405       0.306424059028772     
  0.298469557029586      -2.635240351576140E-002
 
 D =  0.000000000000000E+000  0.000000000000000E+000  0.000000000000000E+000
  0.000000000000000E+000  0.000000000000000E+000  0.000000000000000E+000
  0.000000000000000E+000  0.000000000000000E+000  0.000000000000000E+000
  0.000000000000000E+000  0.000000000000000E+000  0.000000000000000E+000
  0.000000000000000E+000  0.000000000000000E+000   2.00294329426373     
  0.563969124468751     
 
 Objective function f =  3.331056497322131E-002   1.00000000000000     
 
 dfdD_i =  7.296765457568032E-002  0.152658057700695     
  4.643654224593796E-002  8.692363093873048E-003 -4.002249795421942E-002
 -0.125664624426450      -0.278848248445510       7.729372860895414E-002
  5.479056292804462E-003  1.235934949963744E-002  4.811867308125978E-002
  8.387822391779934E-002  0.126396472266340       0.272691402666671     
  0.242951224032517      -2.011904728498597E-002
 
 D =  1.250000000000000E-003  1.250000000000000E-003  2.500000000000000E-003
  2.500000000000000E-003 -2.500000000000000E-003 -2.500000000000000E-003
 -2.500000000000000E-003  2.500000000000000E-003  2.500000000000000E-003
  2.500000000000000E-003  2.500000000000000E-003  2.500000000000000E-003
  1.250000000000000E-003  1.250000000000000E-003   2.00294329426373     
  0.563969124468751     
 
 Objective function f =  3.654465503002834E-002   1.00000000000000     
 
 dfdD_i =  0.112438240026137       0.203857308284738     
  9.148072988876654E-002  2.417306884616335E-002 -5.987948264779876E-002
 -0.166336035403205      -0.311942286366125       0.121750314649861     
  7.571399457170877E-002  8.835265554908960E-002  0.113661971445230     
  0.127509118737901       0.133611180351072       0.293757784822557     
  0.261927991132227      -1.649333014373889E-002
 
 D =  0.000000000000000E+000  0.000000000000000E+000  0.000000000000000E+000
  0.000000000000000E+000  0.000000000000000E+000  0.000000000000000E+000
  0.000000000000000E+000  0.000000000000000E+000  0.000000000000000E+000
  0.000000000000000E+000  0.000000000000000E+000  0.000000000000000E+000
  0.000000000000000E+000  0.000000000000000E+000   2.16794669309642     
  0.559074949816822     
 
 Objective function f =  3.413964289746428E-002   1.00000000000000     
 
 dfdD_i =  8.945546785806437E-002  0.164906123424572     
  5.036397772102775E-002  9.595070696933073E-003 -4.159839864394822E-002
 -0.128456692675814      -0.280942671545556       7.060188452375279E-002
 -1.474244407939394E-003  8.279929443080406E-003  4.782286429115607E-002
  8.696000942801703E-002  0.133654012896471       0.275417518372763     
  0.262144757337833      -2.146334874220043E-002
 
 D =  1.250000000000000E-003  1.250000000000000E-003  2.500000000000000E-003
  2.500000000000000E-003 -2.500000000000000E-003 -2.500000000000000E-003
 -2.500000000000000E-003  2.500000000000000E-003 -1.474244407938305E-003
  2.500000000000000E-003  2.500000000000000E-003  2.500000000000000E-003
  1.250000000000000E-003  1.250000000000000E-003   2.16794669309642     
  0.559074949816822     
 
 Objective function f =  3.722445613755629E-002   1.00000000000000     
 
 dfdD_i =  0.127936210105481       0.214841561454544     
  9.381205049634604E-002  2.298261003726057E-002 -6.455757943918795E-002
 -0.173887632586814      -0.321150582291566       7.760864298658970E-002
  2.444450596688449E-002  4.858073983038699E-002  9.465147920699608E-002
  0.129386035022434       0.154406923329964       0.298963864404709     
  0.286276258129402      -2.002067678745735E-002
 
 D =  1.250000000000000E-003  1.250000000000000E-003  2.500000000000000E-003
  2.500000000000000E-003 -2.500000000000000E-003 -2.500000000000000E-003
 -2.500000000000000E-003  2.500000000000000E-003  2.500000000000000E-003
  2.500000000000000E-003  2.500000000000000E-003  2.500000000000000E-003
  1.250000000000000E-003  1.250000000000000E-003   2.16794669309642     
  0.559074949816822     
 
 Objective function f =  3.741060677248911E-002   1.00000000000000     
 
 dfdD_i =  0.128162709659730       0.215463605065662     
  9.502681749832387E-002  2.510247988494370E-002 -6.093422880598050E-002
 -0.168249174001801      -0.313111810328231       0.115977446347422     
  6.930505904298132E-002  8.432948797298194E-002  0.113024609333657     
  0.130078832248536       0.140684648810518       0.297030716974727     
  0.280778114392157      -1.784430858237841E-002
 
 D =  0.000000000000000E+000  0.000000000000000E+000  0.000000000000000E+000
  0.000000000000000E+000  0.000000000000000E+000  0.000000000000000E+000
  0.000000000000000E+000  0.000000000000000E+000  0.000000000000000E+000
  0.000000000000000E+000  0.000000000000000E+000  0.000000000000000E+000
  0.000000000000000E+000  0.000000000000000E+000   1.88007093187002     
  0.572681579381403     
 
 Objective function f =  3.263913386641448E-002   1.00000000000000     
 
 dfdD_i =  6.005298303993971E-002  0.143350343288632     
  4.362159842969757E-002  7.989005201951576E-003 -3.894309156323079E-002
 -0.123356423162564      -0.276010852351747       8.450409101263866E-002
  1.253542698084320E-002  1.648594590394399E-002  4.890559284668494E-002
  8.208378365437681E-002  0.121476448886513       0.270144930673827     
  0.228122671254609      -1.806217056461248E-002
 
 D =  1.250000000000000E-003  1.250000000000000E-003  2.500000000000000E-003
  2.500000000000000E-003 -2.500000000000000E-003 -2.500000000000000E-003
 -2.500000000000000E-003  2.500000000000000E-003  2.500000000000000E-003
  2.500000000000000E-003  2.500000000000000E-003  2.500000000000000E-003
  1.250000000000000E-003  1.250000000000000E-003   1.88007093187002     
  0.572681579381403     
 
 Objective function f =  3.586412657880971E-002   1.00000000000000     
 
 dfdD_i =  0.101338204626575       0.196072399644917     
  8.938627594574164E-002  2.365935585195296E-002 -5.914409106207681E-002
 -0.164732635226781      -0.309861723405545       0.128772280207800     
  8.301130384535688E-002  9.319640322699825E-002  0.115498665914666     
  0.126884748238246       0.129472240987288       0.290457875563052     
  0.248443725483870      -1.410175458663803E-002
 
 D =  0.000000000000000E+000  0.000000000000000E+000  0.000000000000000E+000
  0.000000000000000E+000  0.000000000000000E+000  0.000000000000000E+000
  0.000000000000000E+000  0.000000000000000E+000  0.000000000000000E+000
  0.000000000000000E+000  0.000000000000000E+000  0.000000000000000E+000
  0.000000000000000E+000  0.000000000000000E+000   1.75215201049402     
  0.549304665624280     
 
 Objective function f =  3.261825115422475E-002   1.00000000000000     
 
 dfdD_i =  5.075983884767718E-002  0.135011404569963     
  4.037161370484998E-002  7.895678905055948E-003 -3.679738259362094E-002
 -0.122164536933337      -0.281414064626364       7.711813879576875E-002
  6.951031043635245E-003  1.296411780003313E-002  4.541852254739098E-002
  7.649261012028800E-002  0.113045266275787       0.271719903756080     
  0.216646262378556      -2.252258645102818E-002
 
 D =  1.250000000000000E-003  1.250000000000000E-003  2.500000000000000E-003
  2.500000000000000E-003 -2.500000000000000E-003 -2.500000000000000E-003
 -2.500000000000000E-003  2.500000000000000E-003  2.500000000000000E-003
  2.500000000000000E-003  2.500000000000000E-003  2.500000000000000E-003
  1.250000000000000E-003  1.250000000000000E-003   1.75215201049402     
  0.549304665624280     
 
 Objective function f =  3.572107566250272E-002   1.00000000000000     
 
 dfdD_i =  9.020284342075056E-002  0.185886500723219     
  8.506632670828976E-002  2.261044660672713E-002 -5.817908778484398E-002
 -0.165029882479177      -0.316689079039412       0.117250060772211     
  7.246106700406602E-002  8.502505884427471E-002  0.108215278410491     
  0.118350112177218       0.119694461121320       0.293332326647450     
  0.236495638322329      -1.980911795228318E-002
 
 D =  0.000000000000000E+000  0.000000000000000E+000  0.000000000000000E+000
  0.000000000000000E+000  0.000000000000000E+000  0.000000000000000E+000
  0.000000000000000E+000  0.000000000000000E+000  0.000000000000000E+000
  0.000000000000000E+000  0.000000000000000E+000  0.000000000000000E+000
  0.000000000000000E+000  0.000000000000000E+000   1.91884041932258     
  0.583515155535711     
 
 Objective function f =  3.261129022586779E-002   1.00000000000000     
 
 dfdD_i =  6.275083925930612E-002  0.146173026334767     
  4.479344071173195E-002  7.990242192397017E-003 -3.972053822906387E-002
 -0.123603340929770      -0.273455962805575       8.949090205780046E-002
  1.642638793036521E-002  1.880005490090979E-002  5.058417870486070E-002
  8.431034249118974E-002  0.124662022354950       0.269276897907704     
  0.231672312797876      -1.576954447960554E-002
 
 D =  1.250000000000000E-003  1.250000000000000E-003  2.500000000000000E-003
  2.500000000000000E-003 -2.500000000000000E-003 -2.500000000000000E-003
 -2.500000000000000E-003  2.500000000000000E-003  2.500000000000000E-003
  2.500000000000000E-003  2.500000000000000E-003  2.500000000000000E-003
  1.250000000000000E-003  1.250000000000000E-003   1.91884041932258     
  0.583515155535711     
 
 Objective function f =  3.589667601572241E-002   1.00000000000000     
 
 dfdD_i =  0.105241129061398       0.200047718543785     
  9.121524129562021E-002  2.415994763126025E-002 -5.943753194802374E-002
 -0.164437604290422      -0.306801455123089       0.135806392955576     
  8.943981664191546E-002  9.794182165276047E-002  0.119181972406271     
  0.130657994520054       0.133396700531408       0.288914339426589     
  0.252465834966616      -1.113300204445599E-002
 
 D =  0.000000000000000E+000  0.000000000000000E+000  0.000000000000000E+000
  0.000000000000000E+000  0.000000000000000E+000  0.000000000000000E+000
  0.000000000000000E+000  0.000000000000000E+000  0.000000000000000E+000
  0.000000000000000E+000  0.000000000000000E+000  0.000000000000000E+000
  0.000000000000000E+000  0.000000000000000E+000   2.00000000000000     
  0.560000000000000     
 
 Objective function f =  3.337958070280793E-002   1.00000000000000     
 
 dfdD_i =  7.313314343952182E-002  0.152538152191560     
  4.628984101153694E-002  8.718220721232826E-003 -3.991576592131156E-002
 -0.125831767563608      -0.279935833198628       7.546655375683713E-002
  3.947621363163364E-003  1.144896929873515E-002  4.758802444406920E-002
  8.334664905962355E-002  0.125815813128605       0.273246645093323     
  0.243057497296895      -2.094575471793336E-002
 
 D =  0.000000000000000E+000  0.000000000000000E+000  0.000000000000000E+000
  0.000000000000000E+000  0.000000000000000E+000  0.000000000000000E+000
  0.000000000000000E+000  0.000000000000000E+000  0.000000000000000E+000
  0.000000000000000E+000  0.000000000000000E+000  0.000000000000000E+000
  0.000000000000000E+000  0.000000000000000E+000   2.00000000000000     
  0.560000000000000     
 
 Objective function f =  3.765813493427831E-004   1.00000000000000     
 
 dfdD_i =  1.575804896905449E-002  1.107941411715040E-002
  7.433243879742867E-003  6.260224058396774E-003  5.180407398634941E-003
  4.170331555019160E-003  3.157752824408772E-003  6.693202518459513E-003
  7.154589743517330E-003  7.477028913673895E-003  7.871365112542651E-003
  8.455013063891240E-003  1.137334816126492E-002  1.586489926023161E-002
  1.593713886198142E-002  7.387432269764229E-004
 
 D =  0.000000000000000E+000  0.000000000000000E+000  0.000000000000000E+000
  0.000000000000000E+000  0.000000000000000E+000  0.000000000000000E+000
  0.000000000000000E+000  0.000000000000000E+000  0.000000000000000E+000
  0.000000000000000E+000  0.000000000000000E+000  0.000000000000000E+000
  0.000000000000000E+000  0.000000000000000E+000   1.99896215469937     
  0.544350798793071     
 
 Objective function f =  3.372819972916444E-002   1.00000000000000     
 
 dfdD_i =  7.496720611970925E-002  0.153067217920691     
  4.602047972422197E-002  8.848128101015845E-003 -3.968698594110043E-002
 -0.126777693468889      -0.284444120818281       6.862467019425697E-002
 -1.938412271534448E-003  7.930888813628368E-003  4.563159632972226E-002
  8.156320355215878E-002  0.124159909641980       0.275788686758071     
  0.244997961180705      -2.415862306410411E-002
 
 D =  1.250000000000000E-003  1.250000000000000E-003  2.500000000000000E-003
  2.500000000000000E-003 -2.500000000000000E-003 -2.500000000000000E-003
 -2.500000000000000E-003  2.500000000000000E-003 -1.938412271550485E-003
  2.500000000000000E-003  2.500000000000000E-003  2.500000000000000E-003
  1.250000000000000E-003  1.250000000000000E-003   1.99896215469937     
  0.544350798793071     
 
 Objective function f =  3.671605484500588E-002   1.00000000000000     
 
 dfdD_i =  0.112586535250782       0.202063205133116     
  8.891490098139428E-002  2.149992042308528E-002 -6.390519943411692E-002
 -0.174056765400063      -0.326792602686465       7.008323891193416E-002
  1.740928046799446E-002  4.248408568294681E-002  8.859731750300869E-002
  0.122255493043515       0.145838018941831       0.300217295397854     
  0.269184292598536      -2.351885048006742E-002
 
 D =  1.250000000000000E-003  1.250000000000000E-003  2.500000000000000E-003
  2.500000000000000E-003 -2.500000000000000E-003 -2.500000000000000E-003
 -2.500000000000000E-003  2.500000000000000E-003  2.500000000000000E-003
  2.500000000000000E-003  2.500000000000000E-003  2.500000000000000E-003
  1.250000000000000E-003  1.250000000000000E-003   1.99896215469937     
  0.544350798793071     
 
 Objective function f =  3.689919823854119E-002   1.00000000000000     
 
 dfdD_i =  0.112404004266556       0.202410942411258     
  9.008667069565861E-002  2.367790464733086E-002 -6.007238603483589E-002
 -0.167985645043420      -0.318006653090256       0.110674525797729     
  6.520075767846040E-002  8.079969466417962E-002  0.108389255377953     
  0.122824448894353       0.130113736880839       0.298027894721392     
  0.263012944829254      -2.145487759824764E-002
 
 D =  0.000000000000000E+000  0.000000000000000E+000  0.000000000000000E+000
  0.000000000000000E+000  0.000000000000000E+000  0.000000000000000E+000
  0.000000000000000E+000  0.000000000000000E+000  0.000000000000000E+000
  0.000000000000000E+000  0.000000000000000E+000  0.000000000000000E+000
  0.000000000000000E+000  0.000000000000000E+000   2.15693412011046     
  0.563875319000071     
 
 Objective function f =  3.398892103677208E-002   1.00000000000000     
 
 dfdD_i =  8.791287544577089E-002  0.164055102506211     
  5.021725293839054E-002  9.514954287216200E-003 -4.154671810543104E-002
 -0.127982856099848      -0.279495933916881       7.331803459736221E-002
  8.895878160140743E-004  9.666424971272096E-003  4.844536824046146E-002
  8.730019450463307E-002  0.133711693030184       0.274496725514328     
  0.260422459189518      -2.040789286849155E-002
 
 D =  1.250000000000000E-003  1.250000000000000E-003  2.500000000000000E-003
  2.500000000000000E-003 -2.500000000000000E-003 -2.500000000000000E-003
 -2.500000000000000E-003  2.500000000000000E-003  8.895878159925753E-004
  2.500000000000000E-003  2.500000000000000E-003  2.500000000000000E-003
  1.250000000000000E-003  1.250000000000000E-003   2.15693412011046     
  0.563875319000071     
 
 Objective function f =  3.717240579065554E-002   1.00000000000000     
 
 dfdD_i =  0.126875514220138       0.214705978019411     
  9.458816055848888E-002  2.426879803946582E-002 -6.230501621896185E-002
 -0.170030654016024      -0.314889389452933       0.103550445355582     
  5.404508785065971E-002  7.184291741035047E-002  0.106845716040542     
  0.130768889940099       0.146558624726437       0.296593575558017     
  0.281360299362939      -1.750699414265135E-002
 
 D =  1.250000000000000E-003  1.250000000000000E-003  2.500000000000000E-003
  2.500000000000000E-003 -2.500000000000000E-003 -2.500000000000000E-003
 -2.500000000000000E-003  2.500000000000000E-003  2.500000000000000E-003
  2.500000000000000E-003  2.500000000000000E-003  2.500000000000000E-003
  1.250000000000000E-003  1.250000000000000E-003   2.15693412011046     
  0.563875319000071     
 
 Objective function f =  3.727420632715694E-002   1.00000000000000     
 
 dfdD_i =  0.127230644502742       0.215154363236745     
  9.516120014651730E-002  2.518443244661503E-002 -6.079830981062130E-002
 -0.167725469248543      -0.311635764047209       0.119222388405307     
  7.239419290559822E-002  8.648189070888118E-002  0.114352141125295     
  0.131030918184099       0.141086185451300       0.295800318529742     
  0.279389186260987      -1.655290826138629E-002
 
 D =  0.000000000000000E+000  0.000000000000000E+000  0.000000000000000E+000
  0.000000000000000E+000  0.000000000000000E+000  0.000000000000000E+000
  0.000000000000000E+000  0.000000000000000E+000  0.000000000000000E+000
  0.000000000000000E+000  0.000000000000000E+000  0.000000000000000E+000
  0.000000000000000E+000  0.000000000000000E+000   1.79175674700241     
  0.582486437630004     
 
 Objective function f =  3.212979843079571E-002   1.00000000000000     
 
 dfdD_i =  5.030834519979973E-002  0.136529110069589     
  4.164002261913185E-002  7.383620717440151E-003 -3.835877384650007E-002
 -0.121705327922811      -0.273282888071900       9.144037790380678E-002
  1.910197988774166E-002  2.033573685683711E-002  4.992551472528732E-002
  8.115980289866181E-002  0.118281655854760       0.268138427112170     
  0.217156182169930      -1.583094389878512E-002
 
 D =  1.250000000000000E-003  1.250000000000000E-003  2.500000000000000E-003
  2.500000000000000E-003 -2.500000000000000E-003 -2.500000000000000E-003
 -2.500000000000000E-003  2.500000000000000E-003  2.500000000000000E-003
  2.500000000000000E-003  2.500000000000000E-003  2.500000000000000E-003
  1.250000000000000E-003  1.250000000000000E-003   1.79175674700241     
  0.582486437630004     
 
 Objective function f =  3.536356317393598E-002   1.00000000000000     
 
 dfdD_i =  9.340175699534875E-002  0.190824655265676     
  8.818972217017598E-002  2.334704450281512E-002 -5.872651350446904E-002
 -0.163542126682515      -0.307650940107591       0.136102984903016     
  9.046762308841053E-002  9.831192404188324E-002  0.117945911307104     
  0.127350622619078       0.127092634303253       0.287632648181051     
  0.238695364592101      -1.141530353225744E-002
 
 D =  0.000000000000000E+000  0.000000000000000E+000  0.000000000000000E+000
  0.000000000000000E+000  0.000000000000000E+000  0.000000000000000E+000
  0.000000000000000E+000  0.000000000000000E+000  0.000000000000000E+000
  0.000000000000000E+000  0.000000000000000E+000  0.000000000000000E+000
  0.000000000000000E+000  0.000000000000000E+000   2.25564695096078     
  0.539557249675726     
 
 Objective function f =  3.501138896261565E-002   1.00000000000000     
 
 dfdD_i =  9.997540295181569E-002  0.171696031737583     
  5.204877950037774E-002  1.008593446165046E-002 -4.239955849307080E-002
 -0.131295344416930      -0.287400138058195       5.906651853916723E-002
 -1.190499691469865E-002  2.137038579096969E-003  4.546731477201847E-002
  8.655678042470105E-002  0.135536779661532       0.280227611079843     
  0.274394186406493      -2.578713509945184E-002
 
 D =  1.250000000000000E-003  1.250000000000000E-003  2.500000000000000E-003
  2.500000000000000E-003 -2.500000000000000E-003 -2.500000000000000E-003
 -2.500000000000000E-003  2.500000000000000E-003 -2.500000000000000E-003
  2.137038579102679E-003  2.500000000000000E-003  2.500000000000000E-003
  1.250000000000000E-003  1.250000000000000E-003   2.25564695096078     
  0.539557249675726     
 
 Objective function f =  3.809199269276097E-002   1.00000000000000     
 
 dfdD_i =  0.137185107448220       0.220233738996662     
  9.445650386520520E-002  2.260229357742577E-002 -6.635377623985365E-002
 -0.178210956252346      -0.329901560688384       5.399505722306377E-002
 -1.893099807587799E-003  2.787705058039195E-002  8.254530600778166E-002
  0.125410928661203       0.160875777778752       0.306162278494394     
  0.300005473517977      -2.545983300839403E-002
 
 D =  1.250000000000000E-003  1.250000000000000E-003  2.500000000000000E-003
  2.500000000000000E-003 -2.500000000000000E-003 -2.500000000000000E-003
 -2.500000000000000E-003  2.500000000000000E-003 -2.500000000000000E-003
  2.500000000000000E-003  2.500000000000000E-003  2.500000000000000E-003
  1.250000000000000E-003  1.250000000000000E-003   2.25564695096078     
  0.539557249675726     
 
 Objective function f =  3.810278441795557E-002   1.00000000000000     
 
 dfdD_i =  0.137275863868572       0.220337417545768     
  9.456115861116543E-002  2.274909235005015E-002 -6.612802800227459E-002
 -0.177869667840866      -0.329406995547148       5.553323963756399E-002
  1.276396528930276E-003  3.158967401295609E-002  8.556342402359110E-002
  0.126749434884078       0.159137231416585       0.305475140059047     
  0.299614454786256      -2.535138683491459E-002
 
 D =  0.000000000000000E+000  0.000000000000000E+000  0.000000000000000E+000
  0.000000000000000E+000  0.000000000000000E+000  0.000000000000000E+000
  0.000000000000000E+000  0.000000000000000E+000  0.000000000000000E+000
  0.000000000000000E+000  0.000000000000000E+000  0.000000000000000E+000
  0.000000000000000E+000  0.000000000000000E+000   1.85830484724217     
  0.578695308397389     
 
 Objective function f =  3.244838155042103E-002   1.00000000000000     
 
 dfdD_i =  5.726529975080637E-002  0.141613832464074     
  4.319885835920430E-002  7.776213114030960E-003 -3.891839399191904E-002
 -0.122826317939657      -0.274429826444925       8.808381171367545E-002
  1.573897764468637E-002  1.837690005567654E-002  4.966286334792318E-002
  8.229154836628752E-002  0.121107972659482       0.269211323618266     
  0.225094469289349      -1.674452307971159E-002
 
 D =  1.250000000000000E-003  1.250000000000000E-003  2.500000000000000E-003
  2.500000000000000E-003 -2.500000000000000E-003 -2.500000000000000E-003
 -2.500000000000000E-003  2.500000000000000E-003  2.500000000000000E-003
  2.500000000000000E-003  2.500000000000000E-003  2.500000000000000E-003
  1.250000000000000E-003  1.250000000000000E-003   1.85830484724217     
  0.578695308397389     
 
 Objective function f =  3.569030313666202E-002   1.00000000000000     
 
 dfdD_i =  9.946117423383097E-002  0.195150662869227     
  8.938703299520474E-002  2.366383704814695E-002 -5.906277094900451E-002
 -0.164232068899351      -0.308337544993893       0.132957755190885     
  8.710457733391222E-002  9.608416380377162E-002  0.117213969878983     
  0.127936350292421       0.129563071936666       0.289081122018399     
  0.245951748600113      -1.247086820864127E-002
 
 D =  0.000000000000000E+000  0.000000000000000E+000  0.000000000000000E+000
  0.000000000000000E+000  0.000000000000000E+000  0.000000000000000E+000
  0.000000000000000E+000  0.000000000000000E+000  0.000000000000000E+000
  0.000000000000000E+000  0.000000000000000E+000  0.000000000000000E+000
  0.000000000000000E+000  0.000000000000000E+000   2.02956765085748     
  0.552048242628489     
 
 Objective function f =  3.367948785759427E-002   1.00000000000000     
 
 dfdD_i =  7.693795575815897E-002  0.154964469613275     
  4.686274545983306E-002  8.927356773811439E-003 -4.011016417567963E-002
 -0.126775045676006      -0.282349590003285       7.106552258831754E-002
 -2.904475110606548E-005  9.100059274843624E-003  4.665028603866275E-002
  8.310019042741758E-002  0.126370967735303       0.274875281179578     
  0.247379555389183      -2.265814010375693E-002
 
 D =  1.250000000000000E-003  1.250000000000000E-003  2.500000000000000E-003
  2.500000000000000E-003 -2.500000000000000E-003 -2.500000000000000E-003
 -2.500000000000000E-003  2.500000000000000E-003 -2.904475021216731E-005
  2.500000000000000E-003  2.500000000000000E-003  2.500000000000000E-003
  1.250000000000000E-003  1.250000000000000E-003   2.02956765085748     
  0.552048242628489     
 
 Objective function f =  3.674409781554937E-002   1.00000000000000     
 
 dfdD_i =  0.114659008176242       0.204371314865835     
  9.044627272764184E-002  2.269365970628874E-002 -6.241826818710056E-002
 -0.171073048068571      -0.320539333113276       9.076104565260543E-002
  4.082554002656258E-002  6.109846934736819E-002  9.906932214954556E-002
  0.124902537464778       0.141543414955386       0.297956700346589     
  0.268741821096546      -2.088536695734416E-002
 
 D =  1.250000000000000E-003  1.250000000000000E-003  2.500000000000000E-003
  2.500000000000000E-003 -2.500000000000000E-003 -2.500000000000000E-003
 -2.500000000000000E-003  2.500000000000000E-003  2.500000000000000E-003
  2.500000000000000E-003  2.500000000000000E-003  2.500000000000000E-003
  1.250000000000000E-003  1.250000000000000E-003   2.02956765085748     
  0.552048242628489     
 
 Objective function f =  3.688235353408197E-002   1.00000000000000     
 
 dfdD_i =  0.114920665032793       0.204843393485033     
  9.123163874753386E-002  2.402494447257060E-002 -6.016236151695565E-002
 -0.167562519208271      -0.315516934180119       0.114307388481631     
  6.853540681647557E-002  8.330541321143423E-002  0.110513901597109     
  0.125244184701554       0.132747790777800       0.296705792899554     
  0.265530138933876      -1.958776725461222E-002
 
 D =  0.000000000000000E+000  0.000000000000000E+000  0.000000000000000E+000
  0.000000000000000E+000  0.000000000000000E+000  0.000000000000000E+000
  0.000000000000000E+000  0.000000000000000E+000  0.000000000000000E+000
  0.000000000000000E+000  0.000000000000000E+000  0.000000000000000E+000
  0.000000000000000E+000  0.000000000000000E+000   2.00000000000000     
  0.560000000000000     
 
 Objective function f =  3.337958070280778E-002   1.00000000000000     
 
 dfdD_i =  7.313314343953486E-002  0.152538152191572     
  4.628984101154859E-002  8.718220721245827E-003 -3.991576592129661E-002
 -0.125831767563591      -0.279935833198609       7.546655375684143E-002
  3.947621363166338E-003  1.144896929873738E-002  4.758802444407147E-002
  8.334664905962651E-002  0.125815813128609       0.273246645093325     
  0.243057497296871      -2.094575471793363E-002
 
 D =  1.228555505627742E-003  8.708255123412887E-004  4.899116139633276E-003
  4.350432663823113E-003  3.886445865632742E-003  3.462270414982252E-003
  3.014862394138285E-003  3.582110691991161E-003  3.965609978879443E-003
  4.318594962384058E-003  4.713950792455426E-003  5.207862267135450E-003
  8.957360248366202E-004  1.237509900000000E-003   3.25586466785464     
  0.526727982379133     
 
 Objective function f =  0.519066397430684        1.00000000000000     
 
 dfdD_i =   11.4174698262215        8.99450648489806     
   4.72257507339819        3.82596627084555        3.23702853664204     
   2.88995367595244        2.68510620166933        3.37869770193657     
   3.67209159299423        3.85317888518406        4.16856758013883     
   4.79100451175411        6.31352768838824        1.61884983779152     
   6.65661106278610       0.302703645007389     
 
 D = -2.144449437225843E-005 -3.791744876587113E-004  2.399116139633276E-003
  1.850432663823113E-003  1.386445865632742E-003  9.622704149822520E-004
  5.148623941382854E-004  1.082110691991161E-003  1.465609978879443E-003
  1.818594962384058E-003  2.213950792455426E-003  2.707862267135450E-003
 -3.542639751633798E-004 -1.249010000000002E-005   3.25586466785464     
  0.526727982379133     
 
 Objective function f =  0.390885856756667        1.00000000000000     
 
 dfdD_i =   11.5309815465338        9.05686120243206     
   4.65667898897462        3.74677404885428        3.18214794907698     
   2.87689255689973        2.71005386703034        3.31784700337788     
   3.65437257236943        3.88006128391359        4.21162864318050     
   4.78600604438582        6.10447646676962        1.43614791964344     
   6.59349512624423       0.206308142417898     
 
 D =  1.228555505627742E-003  8.708255123412887E-004  4.899116139633276E-003
  4.350432663823113E-003  3.886445865632742E-003  3.462270414982252E-003
  3.014862394138285E-003  3.582110691991161E-003  3.965609978879443E-003
  4.318594962384058E-003  4.713950792455426E-003  5.207862267135450E-003
  8.957360248366202E-004  1.237509900000000E-003   3.10030914091949     
  0.577909381913146     
 
 Objective function f =  0.519159720326118        1.00000000000000     
 
 dfdD_i =   11.8171730049383        9.45731048138743     
   4.97166344442404        4.02707455820789        3.40754472810746     
   3.03799400428607        2.80973748554049        3.55994344953834     
   3.86673698616747        4.05029819594723        4.37225627388500     
   5.03378291216703        6.61008108152400        1.09925232430400     
   6.97787084280693       0.429271461780978     
 
 D = -2.144449437225843E-005 -3.791744876587113E-004  2.399116139633276E-003
  1.850432663823113E-003  1.386445865632742E-003  9.622704149822520E-004
  5.148623941382854E-004  1.082110691991161E-003  1.465609978879443E-003
  1.818594962384058E-003  2.213950792455426E-003  2.707862267135450E-003
 -3.542639751633798E-004 -1.249010000000002E-005   3.10030914091949     
  0.577909381913146     
 
 Objective function f =  0.385424404127355        1.00000000000000     
 
 dfdD_i =   11.9380986323976        9.52643844213881     
   4.90485618449915        3.94432121019955        3.34948799766928     
   3.02573297995095        2.84260355492266        3.49124575891745     
   3.84772388838560        4.08215672101852        4.42293818159176     
   5.02857144425716        6.35944135852789       0.882847525019596     
   6.88926775646186       0.299936187426236     
 
 D =  1.228555505627742E-003  8.708255123412887E-004  4.899116139633276E-003
  4.350432663823113E-003  3.886445865632742E-003  3.462270414982252E-003
  3.014862394138285E-003  3.582110691991161E-003  3.965609978879443E-003
  4.318594962384058E-003  4.713950792455426E-003  5.207862267135450E-003
  8.957360248366202E-004  1.237509900000000E-003   3.47856789256396     
  0.573691351115422     
 
 Objective function f =  0.563126761526826        1.00000000000000     
 
 dfdD_i =   11.7675880634468        9.42260296648477     
   4.96470021871233        4.01592879727433        3.38927583635396     
   3.01792583525393        2.80014224833075        3.64650930053634     
   3.93830376444079        4.08521768916598        4.36378346275746     
   4.98661066153298        6.54113761945952        1.14001109079615     
   6.90976660943082       0.462838839566831     
 
 D = -2.144449437225843E-005 -3.791744876587113E-004  2.399116139633276E-003
  1.850432663823113E-003  1.386445865632742E-003  9.622704149822520E-004
  5.148623941382854E-004  1.082110691991161E-003  1.465609978879443E-003
  1.818594962384058E-003  2.213950792455426E-003  2.707862267135450E-003
 -3.542639751633798E-004 -1.249010000000002E-005   3.47856789256396     
  0.573691351115422     
 
 Objective function f =  0.429374141207164        1.00000000000000     
 
 dfdD_i =   11.8876122834736        9.48971950322368     
   4.89952947871056        3.93634297145523        3.33431158305665     
   3.00665999516824        2.83008408036365        3.57263922698733     
   3.91643004106540        4.11503565449068        4.41182143982932     
   4.97719297534188        6.28135929740327       0.920602331992850     
   6.81796642407814       0.332332961708895     
 
 D =  1.228555505627742E-003  8.708255123412887E-004  4.899116139633276E-003
  4.350432663823113E-003  3.886445865632742E-003  3.462270414982252E-003
  3.014862394138285E-003  3.582110691991161E-003  3.965609978879443E-003
  4.318594962384058E-003  4.713950792455426E-003  5.207862267135450E-003
  8.957360248366202E-004  1.237509900000000E-003   3.37340685056259     
  0.561247738891853     
 
 Objective function f =  0.545099598798180        1.00000000000000     
 
 dfdD_i =   11.6767138690345        9.30460233914994     
   4.89399141800704        3.96007495277017        3.34442843919937     
   2.97944864627697        2.76359198222220        3.54829631885368     
   3.84428975770929        4.00718743630124        4.30348458381374     
   4.93254410146564        6.48120553416251        1.26354158833506     
   6.84452016091660       0.408668814237797     
 
 D = -2.144449437225843E-005 -3.791744876587113E-004  2.399116139633276E-003
  1.850432663823113E-003  1.386445865632742E-003  9.622704149822520E-004
  5.148623941382854E-004  1.082110691991161E-003  1.465609978879443E-003
  1.818594962384058E-003  2.213950792455426E-003  2.707862267135450E-003
 -3.542639751633798E-004 -1.249010000000002E-005   3.37340685056259     
  0.561247738891853     
 
 Objective function f =  0.413059885766597        1.00000000000000     
 
 dfdD_i =   11.7889926975241        9.36613430178403     
   4.82714498691715        3.88012937754552        3.29025241340331     
   2.96993689169039        2.79575468846194        3.48618860110478     
   3.82841147572674        4.03872670974189        4.35112834595799     
   4.92461563732694        6.23567199878889        1.05508408112811     
   6.75301352449502       0.289113900738798     
 
 D =  1.228555505627742E-003  8.708255123412887E-004  4.899116139633276E-003
  4.350432663823113E-003  3.886445865632742E-003  3.462270414982252E-003
  3.014862394138285E-003  3.582110691991161E-003  3.965609978879443E-003
  4.318594962384058E-003  4.713950792455426E-003  5.207862267135450E-003
  8.957360248366202E-004  1.237509900000000E-003   3.53177392901733     
  0.551457095205511     
 
 Objective function f =  0.559934267014776        1.00000000000000     
 
 dfdD_i =   11.5797797518498        9.20653180564531     
   4.84829833332543        3.92363870566357        3.31332853454438     
   2.95398146774944        2.74720207685256        3.55496173907550     
   3.84028872113586        3.98815967922140        4.26743731365044     
   4.87602769033615        6.40430502179572        1.35960844020062     
   6.75133407453771       0.395686667712521     
 
 D = -2.144449437225843E-005 -3.791744876587113E-004  2.399116139633276E-003
  1.850432663823113E-003  1.386445865632742E-003  9.622704149822520E-004
  5.148623941382854E-004  1.082110691991161E-003  1.465609978879443E-003
  1.818594962384058E-003  2.213950792455426E-003  2.707862267135450E-003
 -3.542639751633798E-004 -1.249010000000002E-005   3.53177392901733     
  0.551457095205511     
 
 Objective function f =  0.428812930947241        1.00000000000000     
 
 dfdD_i =   11.7005643440199        9.27273400030262     
   4.78403475792069        3.84586955495787        3.25995114883551     
   2.94277865690294        2.77464334910526        3.48608663149985     
   3.81935696287374        4.01515801869080        4.31081987336511     
   4.86532677359643        6.16316875747604        1.15562866205818     
   6.67235555116480       0.282665021122925     
 
 D =  1.228555505627742E-003  8.708255123412887E-004  4.899116139633276E-003
  4.350432663823113E-003  3.886445865632742E-003  3.462270414982252E-003
  3.014862394138285E-003  3.582110691991161E-003  3.965609978879443E-003
  4.318594962384058E-003  4.713950792455426E-003  5.207862267135450E-003
  8.957360248366202E-004  1.237509900000000E-003   3.60726148089194     
  0.540108659037490     
 
 Objective function f =  0.564429726426146        1.00000000000000     
 
 dfdD_i =   11.4868848815861        9.10270160703945     
   4.79516600954507        3.88131624687895        3.27773636451871     
   2.92372859304536        2.72324712367406        3.52642792108249     
   3.80633798492888        3.94928110436306        4.22268167288540     
   4.81941787115781        6.33364612290508        1.47329859958404     
   6.67254234499437       0.370626875294768     
 
 D = -2.144449437225843E-005 -3.791744876587113E-004  2.399116139633276E-003
  1.850432663823113E-003  1.386445865632742E-003  9.622704149822520E-004
  5.148623941382854E-004  1.082110691991161E-003  1.465609978879443E-003
  1.818594962384058E-003  2.213950792455426E-003  2.707862267135450E-003
 -3.542639751633798E-004 -1.249010000000002E-005   3.60726148089194     
  0.540108659037490     
 
 Objective function f =  0.434453294964730        1.00000000000000     
 
 dfdD_i =   11.6062838681600        9.16758036733269     
   4.73174798487445        3.80504422234265        3.22571263961344     
   2.91289728898086        2.74939186317900        3.45834771361996     
   3.78515770679737        3.97500388829285        4.26424734027126     
   4.80822257479380        6.09984737049891        1.27621383651967     
   6.59851678524724       0.264037976627885     
 
 D =  1.228555505627742E-003  8.708255123412887E-004  4.899116139633276E-003
  4.350432663823113E-003  3.886445865632742E-003  3.462270414982252E-003
  3.014862394138285E-003  3.582110691991161E-003  3.965609978879443E-003
  4.318594962384058E-003  4.713950792455426E-003  5.207862267135450E-003
  8.957360248366202E-004  1.237509900000000E-003   3.39703184360016     
  0.553776585175937     
 
 Objective function f =  0.544930602315120        1.00000000000000     
 
 dfdD_i =   11.6083516178220        9.22879283148308     
   4.85491081342052        3.92995176834766        3.32076842270937     
   2.96105133238518        2.75007119003390        3.52753903177963     
   3.81841043449194        3.97876985507679        4.27244533752268     
   4.89429081153954        6.43191780358467        1.33830383229514     
   6.78300151978884       0.388585634241969     
 
 D =  1.228555505627742E-003  8.708255123412887E-004  4.899116139633276E-003
  4.350432663823113E-003  3.886445865632742E-003  3.462270414982252E-003
  3.014862394138285E-003  3.582110691991161E-003  3.965609978879443E-003
  4.318594962384058E-003  4.713950792455426E-003  5.207862267135450E-003
  8.957360248366202E-004  1.237509900000000E-003   3.49263544261986     
  0.574297243422393     
 
 Objective function f =  4.508065412691954E-002   1.00000000000000     
 
 dfdD_i =  0.248251392818717       0.272003807962057     
  0.176943706784097       0.134891134593913       6.664774715870256E-002
 -4.302499685604022E-002 -0.212720690770186       0.176796618532373     
  0.142393371290763       0.172169887213704       0.211522470756953     
  0.227035846149392       0.189343635446461       0.283879788347164     
  0.430042801085043      -6.136693147884703E-004
 
 D =  2.478555505627741E-003  2.120825512341289E-003  7.399116139633276E-003
  6.850432663823113E-003  6.386445865632742E-003  9.622704149822520E-004
  5.148623941382854E-004  6.082110691991161E-003  6.465609978879443E-003
  6.818594962384059E-003  7.213950792455426E-003  7.707862267135450E-003
  2.145736024836620E-003  2.487509900000000E-003   3.49263544261986     
  0.574297243422393     
 
 Objective function f =  5.103459553505411E-002   1.00000000000000     
 
 dfdD_i =  0.289325591034371       0.311438567565057     
  0.232838629723342       0.181783960554037       9.148082190742624E-002
 -4.053593552412868E-002 -0.220330412160880       0.253305051835270     
  0.252239101424059       0.287786102211130       0.309207128106300     
  0.290290271432718       0.196803030391891       0.304076665432928     
  0.449653165474221       1.471819013137945E-002
 
 D =  1.228555505627742E-003  8.708255123412887E-004  4.899116139633276E-003
  4.350432663823113E-003  3.886445865632742E-003  3.462270414982252E-003
  3.014862394138285E-003  3.582110691991161E-003  3.965609978879443E-003
  4.318594962384058E-003  4.713950792455426E-003  5.207862267135450E-003
  8.957360248366202E-004  1.237509900000000E-003   3.30672065260598     
  0.564479733831821     
 
 Objective function f =  4.375615672558404E-002   1.00000000000000     
 
 dfdD_i =  0.226224685620909       0.252775363615063     
  0.168618937746122       0.130730539706328       6.555777965863802E-002
 -4.374092288957827E-002 -0.217402622797417       0.168358442779640     
  0.136038243956213       0.167478800106420       0.206446842267337     
  0.219324014968894       0.176276083049351       0.284451455708397     
  0.405901579716996      -5.822276924067851E-003
 
 D =  2.478555505627741E-003  2.120825512341289E-003  7.399116139633276E-003
  6.850432663823113E-003  6.386445865632742E-003  9.622704149822520E-004
  5.148623941382854E-004  6.082110691991161E-003  6.465609978879443E-003
  6.818594962384059E-003  7.213950792455426E-003  7.707862267135450E-003
  2.145736024836620E-003  2.487509900000000E-003   3.30672065260598     
  0.564479733831821     
 
 Objective function f =  4.950772839066839E-002   1.00000000000000     
 
 dfdD_i =  0.265532554291240       0.290462044545346     
  0.223604884940837       0.176714774439489       8.922065259312685E-002
 -4.277534687401329E-002 -0.226690662296744       0.238626418322913     
  0.238755626546083       0.276943066285771       0.299938749273899     
  0.280195035013667       0.182498380681924       0.304917705333080     
  0.425020518202719       7.239297181178772E-003
 
 D =  1.228555505627742E-003  8.708255123412887E-004  4.899116139633276E-003
  4.350432663823113E-003  3.886445865632742E-003  3.462270414982252E-003
  3.014862394138285E-003  3.582110691991161E-003  3.965609978879443E-003
  4.318594962384058E-003  4.713950792455426E-003  5.207862267135450E-003
  8.957360248366202E-004  1.237509900000000E-003   3.23684481298641     
  0.551596045236819     
 
 Objective function f =  4.337699483867880E-002   1.00000000000000     
 
 dfdD_i =  0.216194000452515       0.242760641582879     
  0.163607317853380       0.127575489781735       6.355300618643418E-002
 -4.636817520595599E-002 -0.223637507231722       0.156146128514823     
  0.125131021304901       0.159301796592067       0.199876242296324     
  0.212432128111231       0.168233886708253       0.287680279592505     
  0.396498213073466      -1.114551745064400E-002
 
 D =  2.478555505627741E-003  2.120825512341289E-003  7.399116139633276E-003
  6.850432663823113E-003  6.386445865632742E-003  9.622704149822520E-004
  5.148623941382854E-004  6.082110691991161E-003  6.465609978879443E-003
  6.818594962384059E-003  7.213950792455426E-003  7.707862267135450E-003
  2.145736024836620E-003  2.487509900000000E-003   3.23684481298641     
  0.551596045236819     
 
 Objective function f =  4.895118421517735E-002   1.00000000000000     
 
 dfdD_i =  0.253413453990215       0.278514782810816     
  0.217518708920609       0.172541340597111       8.608543935851284E-002
 -4.668445548431536E-002 -0.234207148911945       0.221668324927480     
  0.222131511425302       0.263361274051490       0.289134478561229     
  0.270428473559982       0.173166586623275       0.308743028396749     
  0.414780487076821      -7.986058348408154E-005
 
 D =  1.228555505627742E-003  8.708255123412887E-004  4.899116139633276E-003
  4.350432663823113E-003  3.886445865632742E-003  3.462270414982252E-003
  3.014862394138285E-003  3.582110691991161E-003  3.965609978879443E-003
  4.318594962384058E-003  4.713950792455426E-003  5.207862267135450E-003
  8.957360248366202E-004  1.237509900000000E-003   3.53360835364976     
  0.535441835355982     
 
 Objective function f =  4.573806883771860E-002   1.00000000000000     
 
 dfdD_i =  0.240811564307203       0.259588285699313     
  0.168543816177304       0.127466303915451       5.890489460378231E-002
 -5.401411387534127E-002 -0.232141734494115       0.133689547841767     
  0.102475945245585       0.143356459063047       0.191901130676076     
  0.210851843513239       0.175910378184580       0.298182782269202     
  0.428595954260768      -1.673323759403783E-002
 
 D =  2.478555505627741E-003  2.120825512341289E-003  7.399116139633276E-003
  6.850432663823113E-003  6.386445865632742E-003  9.622704149822520E-004
  5.148623941382854E-004  6.082110691991161E-003  6.465609978879443E-003
  6.818594962384059E-003  7.213950792455426E-003  7.707862267135450E-003
  2.145736024836620E-003  2.487509900000000E-003   3.53360835364976     
  0.535441835355982     
 
 Objective function f =  5.122994351956624E-002   1.00000000000000     
 
 dfdD_i =  0.273427454933826       0.291744864880325     
  0.220543878699035       0.171053665694844       8.077407132645312E-002
 -5.413840308417611E-002 -0.241732794466178       0.200427537534088     
  0.199039887640633       0.245263004514182       0.277945353192176     
  0.265437961310325       0.178532391943710       0.320349699568948     
  0.442753582990072      -7.151212171809473E-003
 
 D =  1.228555505627742E-003  8.708255123412887E-004  4.899116139633276E-003
  4.350432663823113E-003  3.886445865632742E-003  3.462270414982252E-003
  3.014862394138285E-003  3.582110691991161E-003  3.965609978879443E-003
  4.318594962384058E-003  4.713950792455426E-003  5.207862267135450E-003
  8.957360248366202E-004  1.237509900000000E-003   3.63843627972684     
  0.561636362675378     
 
 Objective function f =  4.623249841812060E-002   1.00000000000000     
 
 dfdD_i =  0.257136353809638       0.276823502163123     
  0.177536286045426       0.133512580445553       6.335976955042835E-002
 -4.787904503145800E-002 -0.218814377384379       0.158485003483038     
  0.124251884018429       0.159110121251538       0.203985543014549     
  0.223264013885911       0.190171298327093       0.290272492086466     
  0.442702235900503      -5.916083329173358E-003
 
 D =  2.478555505627741E-003  2.120825512341289E-003  7.399116139633276E-003
  6.850432663823113E-003  6.386445865632742E-003  9.622704149822520E-004
  5.148623941382854E-004  6.082110691991161E-003  6.465609978879443E-003
  6.818594962384059E-003  7.213950792455426E-003  7.707862267135450E-003
  2.145736024836620E-003  2.487509900000000E-003   3.63843627972684     
  0.561636362675378     
 
 Objective function f =  5.205072101127548E-002   1.00000000000000     
 
 dfdD_i =  0.294321538826502       0.313089099021352     
  0.231688607322182       0.179040846525878       8.725914281489894E-002
 -4.583975898060011E-002 -0.226405678071848       0.233470535817361     
  0.231114998132835       0.270874393651550       0.297845474870748     
  0.283365053538673       0.195794818807081       0.311326301849746     
  0.459377358440034       7.517302080708471E-003
 
 D =  1.228555505627742E-003  8.708255123412887E-004  4.899116139633276E-003
  4.350432663823113E-003  3.886445865632742E-003  3.462270414982252E-003
  3.014862394138285E-003  3.582110691991161E-003  3.965609978879443E-003
  4.318594962384058E-003  4.713950792455426E-003  5.207862267135450E-003
  8.957360248366202E-004  1.237509900000000E-003   3.18138986148007     
  0.533057025260679     
 
 Objective function f =  4.326525602603550E-002   1.00000000000000     
 
 dfdD_i =  0.207639905668207       0.233340394518744     
  0.158529929481146       0.124120189537975       6.093231205257083E-002
 -5.024028770256599E-002 -0.232431672091384       0.140855090260169     
  0.111097165028660       0.148706739921647       0.191521182150445     
  0.204090626131490       0.159701568535857       0.293204075395833     
  0.389937474493204      -1.778598601277057E-002
 
 D =  2.478555505627741E-003  2.120825512341289E-003  7.399116139633276E-003
  6.850432663823113E-003  6.386445865632742E-003  9.622704149822520E-004
  5.148623941382854E-004  6.082110691991161E-003  6.465609978879443E-003
  6.818594962384059E-003  7.213950792455426E-003  7.707862267135450E-003
  2.145736024836620E-003  2.487509900000000E-003   3.18138986148007     
  0.533057025260679     
 
 Objective function f =  4.864067798944523E-002   1.00000000000000     
