 Calc con  0.000000000000000E+000  0.000000000000000E+000
  0.000000000000000E+000  0.000000000000000E+000  0.000000000000000E+000
  0.000000000000000E+000  0.000000000000000E+000  0.000000000000000E+000
  0.000000000000000E+000  0.000000000000000E+000  0.000000000000000E+000
  0.000000000000000E+000  0.000000000000000E+000  0.000000000000000E+000
  3.490658503988659E-002  0.560000000000000     
 Design variables:  0.000000000000000E+000  0.000000000000000E+000
  0.000000000000000E+000  0.000000000000000E+000  0.000000000000000E+000
  0.000000000000000E+000  0.000000000000000E+000  0.000000000000000E+000
  0.000000000000000E+000  0.000000000000000E+000  0.000000000000000E+000
  0.000000000000000E+000  0.000000000000000E+000  0.000000000000000E+000
  3.490658503988659E-002  0.560000000000000     
 Constraint value, mean lift and its standard deviation:  0.750251327999887     
  0.164709041152046       1.496036915193333E-002
 Calc obj  0.000000000000000E+000  0.000000000000000E+000
  0.000000000000000E+000  0.000000000000000E+000  0.000000000000000E+000
  0.000000000000000E+000  0.000000000000000E+000  0.000000000000000E+000
  0.000000000000000E+000  0.000000000000000E+000  0.000000000000000E+000
  0.000000000000000E+000  0.000000000000000E+000  0.000000000000000E+000
  3.490658503988659E-002  0.560000000000000     
 Design variables:  0.000000000000000E+000  0.000000000000000E+000
  0.000000000000000E+000  0.000000000000000E+000  0.000000000000000E+000
  0.000000000000000E+000  0.000000000000000E+000  0.000000000000000E+000
  0.000000000000000E+000  0.000000000000000E+000  0.000000000000000E+000
  0.000000000000000E+000  0.000000000000000E+000  0.000000000000000E+000
  3.490658503988659E-002  0.560000000000000     
 Mean drag value and variance:  6.590389440955764E-004  1.824926963080300E-009
 
 iter    objective      ||grad||        inf_pr          inf_du         lg(mu)
    0  0.6590408E-03  0.0000000E+00  0.7602513E+00  0.9958772E+00  0.1000000E+01
 Calc con  1.228554618527248E-003  8.708349564139569E-004
  4.899518097930156E-003  4.351092439507826E-003  3.887401804425873E-003
  3.463517480063339E-003  3.016369556645441E-003  3.581285645569379E-003
  3.964923544750118E-003  4.318127032651164E-003  4.713698076354501E-003
  5.207797476246098E-003  8.957483070185419E-004  1.237509900000000E-003
  6.748484075330144E-002  0.554994493518523     
 Design variables:  1.228554618527248E-003  8.708349564139569E-004
  4.899518097930156E-003  4.351092439507826E-003  3.887401804425873E-003
  3.463517480063339E-003  3.016369556645441E-003  3.581285645569379E-003
  3.964923544750118E-003  4.318127032651164E-003  4.713698076354501E-003
  5.207797476246098E-003  8.957483070185419E-004  1.237509900000000E-003
  6.748484075330144E-002  0.554994493518523     
 Constraint value, mean lift and its standard deviation:  0.283652795513119     
  0.633105199721358       1.675799523447633E-002
 Calc obj  1.228554618527248E-003  8.708349564139569E-004
  4.899518097930156E-003  4.351092439507826E-003  3.887401804425873E-003
  3.463517480063339E-003  3.016369556645441E-003  3.581285645569379E-003
  3.964923544750118E-003  4.318127032651164E-003  4.713698076354501E-003
  5.207797476246098E-003  8.957483070185419E-004  1.237509900000000E-003
  6.748484075330144E-002  0.554994493518523     
 Design variables:  1.228554618527248E-003  8.708349564139569E-004
  4.899518097930156E-003  4.351092439507826E-003  3.887401804425873E-003
  3.463517480063339E-003  3.016369556645441E-003  3.581285645569379E-003
  3.964923544750118E-003  4.318127032651164E-003  4.713698076354501E-003
  5.207797476246098E-003  8.957483070185419E-004  1.237509900000000E-003
  6.748484075330144E-002  0.554994493518523     
 Mean drag value and variance:  2.604872363239399E-003  1.313031521223161E-008
    1  0.2604885E-02  0.5641581E-01  0.3220375E+00  0.1136532E+01  0.5304384E-01
 Calc con  1.093704765199663E-003  8.020998766873024E-004
  6.300052315902064E-003  5.734437072176076E-003  5.220182671554121E-003
  4.722883710828770E-003  4.172704721126748E-003  4.792247438536303E-003
  5.237378153374011E-003  5.630916936480180E-003  6.051840311284700E-003
  6.544706944578972E-003  8.230078562611546E-004  1.100572566025288E-003
  6.967529367740903E-002  0.570143058742088     
 Design variables:  1.093704765199663E-003  8.020998766873024E-004
  6.300052315902064E-003  5.734437072176076E-003  5.220182671554121E-003
  4.722883710828770E-003  4.172704721126748E-003  4.792247438536303E-003
  5.237378153374011E-003  5.630916936480180E-003  6.051840311284700E-003
  6.544706944578972E-003  8.230078562611546E-004  1.100572566025288E-003
  6.967529367740903E-002  0.570143058742088     
 Constraint value, mean lift and its standard deviation:  0.206773452433155     
  0.711185027075475       1.795847950863061E-002
 Calc obj  1.093704765199663E-003  8.020998766873024E-004
  6.300052315902064E-003  5.734437072176076E-003  5.220182671554121E-003
  4.722883710828770E-003  4.172704721126748E-003  4.792247438536303E-003
  5.237378153374011E-003  5.630916936480180E-003  6.051840311284700E-003
  6.544706944578972E-003  8.230078562611546E-004  1.100572566025288E-003
  6.967529367740903E-002  0.570143058742088     
 Design variables:  1.093704765199663E-003  8.020998766873024E-004
  6.300052315902064E-003  5.734437072176076E-003  5.220182671554121E-003
  4.722883710828770E-003  4.172704721126748E-003  4.792247438536303E-003
  5.237378153374011E-003  5.630916936480180E-003  6.051840311284700E-003
  6.544706944578972E-003  8.230078562611546E-004  1.100572566025288E-003
  6.967529367740903E-002  0.570143058742088     
 Mean drag value and variance:  3.100127006076158E-003  2.041845688170442E-008
    2  0.3100147E-02  0.1074619E+00  0.2071573E+00  0.8049744E+01  0.1580936E-01
 Calc con  1.114579867590916E-003  9.340643142590960E-004
  9.742502033858529E-003  9.724451875151481E-003  9.682721776837702E-003
  9.600558315294517E-003  9.431732530359603E-003  9.525573524772808E-003
  9.625387405887762E-003  9.663474395731781E-003  9.677844034918889E-003
  9.684361696176928E-003  9.436784534317913E-004  1.116076153779798E-003
  6.968420672207987E-002  0.623467872722782     
 Design variables:  1.114579867590916E-003  9.340643142590960E-004
  9.742502033858529E-003  9.724451875151481E-003  9.682721776837702E-003
  9.600558315294517E-003  9.431732530359603E-003  9.525573524772808E-003
  9.625387405887762E-003  9.663474395731781E-003  9.677844034918889E-003
  9.684361696176928E-003  9.436784534317913E-004  1.116076153779798E-003
  6.968420672207987E-002  0.623467872722782     
 Constraint value, mean lift and its standard deviation: -1.976978510911980E-002
  0.952342585553923       3.257280044480344E-002
 Calc obj  1.114579867590916E-003  9.340643142590960E-004
  9.742502033858529E-003  9.724451875151481E-003  9.682721776837702E-003
  9.600558315294517E-003  9.431732530359603E-003  9.525573524772808E-003
  9.625387405887762E-003  9.663474395731781E-003  9.677844034918889E-003
  9.684361696176928E-003  9.436784534317913E-004  1.116076153779798E-003
  6.968420672207987E-002  0.623467872722782     
 Design variables:  1.114579867590916E-003  9.340643142590960E-004
  9.742502033858529E-003  9.724451875151481E-003  9.682721776837702E-003
  9.600558315294517E-003  9.431732530359603E-003  9.525573524772808E-003
  9.625387405887762E-003  9.663474395731781E-003  9.677844034918889E-003
  9.684361696176928E-003  9.436784534317913E-004  1.116076153779798E-003
  6.968420672207987E-002  0.623467872722782     
 Mean drag value and variance:  2.045558045724483E-002  4.099945607687256E-005
    3  0.2049658E-01  0.5332481E-01  0.1865535E-01  0.1246101E+02  0.1803494E-02
 Calc con  9.641010996625157E-004  8.076163288487659E-004
  9.387064602364898E-003  9.315827115087490E-003  9.229321468833570E-003
  9.112592426954428E-003  8.923911927769979E-003  9.044884740816122E-003
  9.180589715862181E-003  9.301694491237049E-003  9.408046776470624E-003
  9.470867127831241E-003  8.256094535295746E-004  9.589625603966688E-004
  6.952814233996811E-002  0.602826843932197     
 Design variables:  9.641010996625157E-004  8.076163288487659E-004
  9.387064602364898E-003  9.315827115087490E-003  9.229321468833570E-003
  9.112592426954428E-003  8.923911927769979E-003  9.044884740816122E-003
  9.180589715862181E-003  9.301694491237049E-003  9.408046776470624E-003
  9.470867127831241E-003  8.256094535295746E-004  9.589625603966688E-004
  6.952814233996811E-002  0.602826843932197     
 Constraint value, mean lift and its standard deviation:  2.558072566800834E-002
  0.895292161191029       2.087288685903726E-002
 Calc obj  9.641010996625157E-004  8.076163288487659E-004
  9.387064602364898E-003  9.315827115087490E-003  9.229321468833570E-003
  9.112592426954428E-003  8.923911927769979E-003  9.044884740816122E-003
  9.180589715862181E-003  9.301694491237049E-003  9.408046776470624E-003
  9.470867127831241E-003  8.256094535295746E-004  9.589625603966688E-004
  6.952814233996811E-002  0.602826843932197     
 Design variables:  9.641010996625157E-004  8.076163288487659E-004
  9.387064602364898E-003  9.315827115087490E-003  9.229321468833570E-003
  9.112592426954428E-003  8.923911927769979E-003  9.044884740816122E-003
  9.180589715862181E-003  9.301694491237049E-003  9.408046776470624E-003
  9.470867127831241E-003  8.256094535295746E-004  9.589625603966688E-004
  6.952814233996811E-002  0.602826843932197     
 Mean drag value and variance:  9.092451359750873E-003  1.274316762853956E-005
    4  0.9105195E-02  0.2064103E-01  0.2834025E-01  0.4397450E+01  0.3607788E-02
 Calc con  1.090559632302328E-003  9.849169766914532E-004
  9.673434263991705E-003  9.626319701776008E-003  9.572773954627106E-003
  9.505657309665296E-003  9.402479373566069E-003  9.511346997362854E-003
  9.615879487810178E-003  9.711242774715355E-003  9.762658073535446E-003
  9.775145133495533E-003  9.994041577032356E-004  1.081938646729788E-003
  6.965952977877801E-002  0.606916860661427     
 Design variables:  1.090559632302328E-003  9.849169766914532E-004
  9.673434263991705E-003  9.626319701776008E-003  9.572773954627106E-003
  9.505657309665296E-003  9.402479373566069E-003  9.511346997362854E-003
  9.615879487810178E-003  9.711242774715355E-003  9.762658073535446E-003
  9.775145133495533E-003  9.994041577032356E-004  1.081938646729788E-003
  6.965952977877801E-002  0.606916860661427     
 Constraint value, mean lift and its standard deviation: -7.713802859982410E-004
  0.923292147071719       2.252076678572099E-002
 Calc obj  1.090559632302328E-003  9.849169766914532E-004
  9.673434263991705E-003  9.626319701776008E-003  9.572773954627106E-003
  9.505657309665296E-003  9.402479373566069E-003  9.511346997362854E-003
  9.615879487810178E-003  9.711242774715355E-003  9.762658073535446E-003
  9.775145133495533E-003  9.994041577032356E-004  1.081938646729788E-003
  6.965952977877801E-002  0.606916860661427     
 Design variables:  1.090559632302328E-003  9.849169766914532E-004
  9.673434263991705E-003  9.626319701776008E-003  9.572773954627106E-003
  9.505657309665296E-003  9.402479373566069E-003  9.511346997362854E-003
  9.615879487810178E-003  9.711242774715355E-003  9.762658073535446E-003
  9.775145133495533E-003  9.994041577032356E-004  1.081938646729788E-003
  6.965952977877801E-002  0.606916860661427     
 Mean drag value and variance:  1.233052931069464E-002  2.142259884273411E-005
    5  0.1235195E-01  0.4090017E-02  0.6012901E-03  0.1515466E+01  0.3429519E-03
 Calc con  1.152271254629503E-003  1.088644431573740E-003
  9.798850952850423E-003  9.769504659748927E-003  9.736491636350975E-003
  9.695531449254013E-003  9.632812480998700E-003  9.542574853661882E-003
  9.644473319007139E-003  9.786003473214764E-003  9.858945900807914E-003
  9.879139076764935E-003  1.101698923881290E-003  1.147279099739087E-003
  6.971083445828792E-002  0.601928021951682     
 Design variables:  1.152271254629503E-003  1.088644431573740E-003
  9.798850952850423E-003  9.769504659748927E-003  9.736491636350975E-003
  9.695531449254013E-003  9.632812480998700E-003  9.542574853661882E-003
  9.644473319007139E-003  9.786003473214764E-003  9.858945900807914E-003
  9.879139076764935E-003  1.101698923881290E-003  1.147279099739087E-003
  6.971083445828792E-002  0.601928021951682     
 Constraint value, mean lift and its standard deviation:  2.744388829951025E-004
  0.921757804843435       2.203224372643014E-002
 Calc obj  1.152271254629503E-003  1.088644431573740E-003
  9.798850952850423E-003  9.769504659748927E-003  9.736491636350975E-003
  9.695531449254013E-003  9.632812480998700E-003  9.542574853661882E-003
  9.644473319007139E-003  9.786003473214764E-003  9.858945900807914E-003
  9.879139076764935E-003  1.101698923881290E-003  1.147279099739087E-003
  6.971083445828792E-002  0.601928021951682     
 Design variables:  1.152271254629503E-003  1.088644431573740E-003
  9.798850952850423E-003  9.769504659748927E-003  9.736491636350975E-003
  9.695531449254013E-003  9.632812480998700E-003  9.542574853661882E-003
  9.644473319007139E-003  9.786003473214764E-003  9.858945900807914E-003
  9.879139076764935E-003  1.101698923881290E-003  1.147279099739087E-003
  6.971083445828792E-002  0.601928021951682     
 Mean drag value and variance:  1.007865655073669E-002  1.472512554398072E-005
    6  0.1009338E-01  0.4988839E-02  0.1059651E-02  0.8153390E+00  0.1823143E-04
 Calc con  1.158319617301696E-003  1.119539824319149E-003
  9.776079231347165E-003  9.739210162746849E-003  9.702278153570778E-003
  9.664198743164053E-003  9.618615527785231E-003  9.952206222054245E-003
  9.870271705718671E-003  9.819352080719433E-003  9.864921971861352E-003
  9.878999300248176E-003  1.131221995242987E-003  1.155709071697573E-003
  6.969662314106778E-002  0.600688997277988     
 Design variables:  1.158319617301696E-003  1.119539824319149E-003
  9.776079231347165E-003  9.739210162746849E-003  9.702278153570778E-003
  9.664198743164053E-003  9.618615527785231E-003  9.952206222054245E-003
  9.870271705718671E-003  9.819352080719433E-003  9.864921971861352E-003
  9.878999300248176E-003  1.131221995242987E-003  1.155709071697573E-003
  6.969662314106778E-002  0.600688997277988     
 Constraint value, mean lift and its standard deviation:  1.326818588991251E-002
  0.927309136949326       4.057732283923819E-002
 Calc obj  1.158319617301696E-003  1.119539824319149E-003
  9.776079231347165E-003  9.739210162746849E-003  9.702278153570778E-003
  9.664198743164053E-003  9.618615527785231E-003  9.952206222054245E-003
  9.870271705718671E-003  9.819352080719433E-003  9.864921971861352E-003
  9.878999300248176E-003  1.131221995242987E-003  1.155709071697573E-003
  6.969662314106778E-002  0.600688997277988     
 Design variables:  1.158319617301696E-003  1.119539824319149E-003
  9.776079231347165E-003  9.739210162746849E-003  9.702278153570778E-003
  9.664198743164053E-003  9.618615527785231E-003  9.952206222054245E-003
  9.870271705718671E-003  9.819352080719433E-003  9.864921971861352E-003
  9.878999300248176E-003  1.131221995242987E-003  1.155709071697573E-003
  6.969662314106778E-002  0.600688997277988     
 Mean drag value and variance:  1.020995930425795E-002  1.460695453392077E-005
 Calc con  1.181889015724898E-003  1.158226788784478E-003
  9.824155548355178E-003  9.794151628524539E-003  9.764973082762949E-003
  9.736414610430282E-003  9.704914588252393E-003  9.496117812984303E-003
  9.543425131066582E-003  9.826395096556336E-003  9.896881189278665E-003
  9.913351098288207E-003  1.168058772254502E-003  1.179381623296416E-003
  6.971474412092531E-002  0.610622776227405     
 Design variables:  1.181889015724898E-003  1.158226788784478E-003
  9.824155548355178E-003  9.794151628524539E-003  9.764973082762949E-003
  9.736414610430282E-003  9.704914588252393E-003  9.496117812984303E-003
  9.543425131066582E-003  9.826395096556336E-003  9.896881189278665E-003
  9.913351098288207E-003  1.168058772254502E-003  1.179381623296416E-003
  6.971474412092531E-002  0.610622776227405     
 Constraint value, mean lift and its standard deviation: -1.586471154728121E-002
  0.938024556586361       2.215984503908018E-002
 Calc obj  1.181889015724898E-003  1.158226788784478E-003
  9.824155548355178E-003  9.794151628524539E-003  9.764973082762949E-003
  9.736414610430282E-003  9.704914588252393E-003  9.496117812984303E-003
  9.543425131066582E-003  9.826395096556336E-003  9.896881189278665E-003
  9.913351098288207E-003  1.168058772254502E-003  1.179381623296416E-003
  6.971474412092531E-002  0.610622776227405     
 Design variables:  1.181889015724898E-003  1.158226788784478E-003
  9.824155548355178E-003  9.794151628524539E-003  9.764973082762949E-003
  9.736414610430282E-003  9.704914588252393E-003  9.496117812984303E-003
  9.543425131066582E-003  9.826395096556336E-003  9.896881189278665E-003
  9.913351098288207E-003  1.168058772254502E-003  1.179381623296416E-003
  6.971474412092531E-002  0.610622776227405     
 Mean drag value and variance:  1.376576879091417E-002  2.408057554848173E-005
 Calc con  1.155295435965599E-003  1.104092127946444E-003
  9.787465092098794E-003  9.754357411247888E-003  9.719384894960876E-003
  9.679865096209033E-003  9.625714004391966E-003  9.747390537858064E-003
  9.757372512362906E-003  9.802677776967099E-003  9.861933936334633E-003
  9.879069188506555E-003  1.116460459562139E-003  1.151494085718330E-003
  6.970372879967784E-002  0.601308509614835     
 Design variables:  1.155295435965599E-003  1.104092127946444E-003
  9.787465092098794E-003  9.754357411247888E-003  9.719384894960876E-003
  9.679865096209033E-003  9.625714004391966E-003  9.747390537858064E-003
  9.757372512362906E-003  9.802677776967099E-003  9.861933936334633E-003
  9.879069188506555E-003  1.116460459562139E-003  1.151494085718330E-003
  6.970372879967784E-002  0.601308509614835     
 Constraint value, mean lift and its standard deviation: -1.433300393392855E-003
  0.923586251952517       2.215295155912455E-002
 Calc obj  1.155295435965599E-003  1.104092127946444E-003
  9.787465092098794E-003  9.754357411247888E-003  9.719384894960876E-003
  9.679865096209033E-003  9.625714004391966E-003  9.747390537858064E-003
  9.757372512362906E-003  9.802677776967099E-003  9.861933936334633E-003
  9.879069188506555E-003  1.116460459562139E-003  1.151494085718330E-003
  6.970372879967784E-002  0.601308509614835     
 Design variables:  1.155295435965599E-003  1.104092127946444E-003
  9.787465092098794E-003  9.754357411247888E-003  9.719384894960876E-003
  9.679865096209033E-003  9.625714004391966E-003  9.747390537858064E-003
  9.757372512362906E-003  9.802677776967099E-003  9.861933936334633E-003
  9.879069188506555E-003  1.116460459562139E-003  1.151494085718330E-003
  6.970372879967784E-002  0.601308509614835     
 Mean drag value and variance:  1.028794997737666E-002  1.343031420192876E-005
    7  0.1030138E-01  0.1239025E-02  0.6077691E-03  0.2446917E+00  0.2345509E-03
 Calc con  1.184907019417620E-003  1.149470596989018E-003
  9.857448644474768E-003  9.835950208237201E-003  9.813609950644297E-003
  9.788921350725205E-003  9.756107182934459E-003  9.802729274133398E-003
  9.827632447600491E-003  9.871896634163014E-003  9.911277421921596E-003
  9.920431949579913E-003  1.158366381032107E-003  1.182770629897433E-003
  6.973655751465163E-002  0.597800851131078     
 Design variables:  1.184907019417620E-003  1.149470596989018E-003
  9.857448644474768E-003  9.835950208237201E-003  9.813609950644297E-003
  9.788921350725205E-003  9.756107182934459E-003  9.802729274133398E-003
  9.827632447600491E-003  9.871896634163014E-003  9.911277421921596E-003
  9.920431949579913E-003  1.158366381032107E-003  1.182770629897433E-003
  6.973655751465163E-002  0.597800851131078     
 Constraint value, mean lift and its standard deviation: -1.549098115548153E-003
  0.923714331993389       2.216523387784064E-002
 Calc obj  1.184907019417620E-003  1.149470596989018E-003
  9.857448644474768E-003  9.835950208237201E-003  9.813609950644297E-003
  9.788921350725205E-003  9.756107182934459E-003  9.802729274133398E-003
  9.827632447600491E-003  9.871896634163014E-003  9.911277421921596E-003
  9.920431949579913E-003  1.158366381032107E-003  1.182770629897433E-003
  6.973655751465163E-002  0.597800851131078     
 Design variables:  1.184907019417620E-003  1.149470596989018E-003
  9.857448644474768E-003  9.835950208237201E-003  9.813609950644297E-003
  9.788921350725205E-003  9.756107182934459E-003  9.802729274133398E-003
  9.827632447600491E-003  9.871896634163014E-003  9.911277421921596E-003
  9.920431949579913E-003  1.158366381032107E-003  1.182770629897433E-003
  6.973655751465163E-002  0.597800851131078     
 Mean drag value and variance:  9.122553640553279E-003  1.212074169812742E-005
    8  0.9134674E-02  0.3507658E-02  0.1014494E-02  0.1741543E+00  0.7874966E-05
 Calc con  1.208314793719439E-003  1.194656982594309E-003
  9.879482864189932E-003  9.855632365666922E-003  9.831551977158211E-003
  9.806828837924123E-003  9.777252230332517E-003  9.983088138301378E-003
  9.975582459467527E-003  9.942775400269423E-003  9.926707437876710E-003
  9.925162767358222E-003  1.202301742233573E-003  1.209574961574455E-003
  6.976280488348589E-002  0.594600706810634     
 Design variables:  1.208314793719439E-003  1.194656982594309E-003
  9.879482864189932E-003  9.855632365666922E-003  9.831551977158211E-003
  9.806828837924123E-003  9.777252230332517E-003  9.983088138301378E-003
  9.975582459467527E-003  9.942775400269423E-003  9.926707437876710E-003
  9.925162767358222E-003  1.202301742233573E-003  1.209574961574455E-003
  6.976280488348589E-002  0.594600706810634     
 Constraint value, mean lift and its standard deviation:  3.264707099323243E-003
  0.919126279609513       2.239098670883632E-002
 Calc obj  1.208314793719439E-003  1.194656982594309E-003
  9.879482864189932E-003  9.855632365666922E-003  9.831551977158211E-003
  9.806828837924123E-003  9.777252230332517E-003  9.983088138301378E-003
  9.975582459467527E-003  9.942775400269423E-003  9.926707437876710E-003
  9.925162767358222E-003  1.202301742233573E-003  1.209574961574455E-003
  6.976280488348589E-002  0.594600706810634     
 Design variables:  1.208314793719439E-003  1.194656982594309E-003
  9.879482864189932E-003  9.855632365666922E-003  9.831551977158211E-003
  9.806828837924123E-003  9.777252230332517E-003  9.983088138301378E-003
  9.975582459467527E-003  9.942775400269423E-003  9.926707437876710E-003
  9.925162767358222E-003  1.202301742233573E-003  1.209574961574455E-003
  6.976280488348589E-002  0.594600706810634     
 Mean drag value and variance:  8.648361335802894E-003  9.835164794501548E-006
 Calc con  1.211878551833279E-003  1.200191792644938E-003
  9.887526141604304E-003  9.865036707101160E-003  9.842443848531841E-003
  9.819384986239625E-003  9.791904317896975E-003  9.905733217451411E-003
  9.936418113538154E-003  9.942299392216030E-003  9.935625618596747E-003
  9.935176398302435E-003  1.207300051785833E-003  1.212746372350429E-003
  6.974985048935901E-002  0.597267994047335     
 Design variables:  1.211878551833279E-003  1.200191792644938E-003
  9.887526141604304E-003  9.865036707101160E-003  9.842443848531841E-003
  9.819384986239625E-003  9.791904317896975E-003  9.905733217451411E-003
  9.936418113538154E-003  9.942299392216030E-003  9.935625618596747E-003
  9.935176398302435E-003  1.207300051785833E-003  1.212746372350429E-003
  6.974985048935901E-002  0.597267994047335     
 Constraint value, mean lift and its standard deviation:  7.277795424849222E-003
  0.918308237283442       2.558603270829166E-002
 Calc obj  1.211878551833279E-003  1.200191792644938E-003
  9.887526141604304E-003  9.865036707101160E-003  9.842443848531841E-003
  9.819384986239625E-003  9.791904317896975E-003  9.905733217451411E-003
  9.936418113538154E-003  9.942299392216030E-003  9.935625618596747E-003
  9.935176398302435E-003  1.207300051785833E-003  1.212746372350429E-003
  6.974985048935901E-002  0.597267994047335     
 Design variables:  1.211878551833279E-003  1.200191792644938E-003
  9.887526141604304E-003  9.865036707101160E-003  9.842443848531841E-003
  9.819384986239625E-003  9.791904317896975E-003  9.905733217451411E-003
  9.936418113538154E-003  9.942299392216030E-003  9.935625618596747E-003
  9.935176398302435E-003  1.207300051785833E-003  1.212746372350429E-003
  6.974985048935901E-002  0.597267994047335     
 Mean drag value and variance:  9.203386398781212E-003  1.197195268444491E-005
 Calc con  1.196610906568530E-003  1.172063789791663E-003
  9.868465754332350E-003  9.845791286952062E-003  9.822580963901253E-003
  9.797875094324664E-003  9.766679706633488E-003  9.892908706217387E-003
  9.901607453534009E-003  9.907336017216219E-003  9.918992429899154E-003
  9.922797358469067E-003  1.180334061632840E-003  1.196172795735944E-003
  6.974968119906876E-002  0.596200778970856     
 Design variables:  1.196610906568530E-003  1.172063789791663E-003
  9.868465754332350E-003  9.845791286952062E-003  9.822580963901253E-003
  9.797875094324664E-003  9.766679706633488E-003  9.892908706217387E-003
  9.901607453534009E-003  9.907336017216219E-003  9.918992429899154E-003
  9.922797358469067E-003  1.180334061632840E-003  1.196172795735944E-003
  6.974968119906876E-002  0.596200778970856     
 Constraint value, mean lift and its standard deviation: -5.170711418505669E-004
  0.922145965920633       2.162889477878199E-002
 Calc obj  1.196610906568530E-003  1.172063789791663E-003
  9.868465754332350E-003  9.845791286952062E-003  9.822580963901253E-003
  9.797875094324664E-003  9.766679706633488E-003  9.892908706217387E-003
  9.901607453534009E-003  9.907336017216219E-003  9.918992429899154E-003
  9.922797358469067E-003  1.180334061632840E-003  1.196172795735944E-003
  6.974968119906876E-002  0.596200778970856     
 Design variables:  1.196610906568530E-003  1.172063789791663E-003
  9.868465754332350E-003  9.845791286952062E-003  9.822580963901253E-003
  9.797875094324664E-003  9.766679706633488E-003  9.892908706217387E-003
  9.901607453534009E-003  9.907336017216219E-003  9.918992429899154E-003
  9.922797358469067E-003  1.180334061632840E-003  1.196172795735944E-003
  6.974968119906876E-002  0.596200778970856     
 Mean drag value and variance:  8.740495330609109E-003  1.103421966896211E-005
    9  0.8751530E-02  0.3200144E-02  0.3772043E-05  0.5726051E+00  0.1167407E-03
 Calc con  1.238636918178165E-003  1.232600782229246E-003
  9.973733370493221E-003  9.968941025053416E-003  9.963889949743236E-003
  9.958363181417887E-003  9.951235839784314E-003  9.998938987062174E-003
  9.990283494669039E-003  9.979205904843563E-003  9.976310140886905E-003
  9.978359827651440E-003  1.235531571704420E-003  1.239143728880196E-003
  6.980194612023868E-002  0.591546719012943     
 Design variables:  1.238636918178165E-003  1.232600782229246E-003
  9.973733370493221E-003  9.968941025053416E-003  9.963889949743236E-003
  9.958363181417887E-003  9.951235839784314E-003  9.998938987062174E-003
  9.990283494669039E-003  9.979205904843563E-003  9.976310140886905E-003
  9.978359827651440E-003  1.235531571704420E-003  1.239143728880196E-003
  6.980194612023868E-002  0.591546719012943     
 Constraint value, mean lift and its standard deviation:  1.009094677105714E-004
  0.921499543474678       2.160045294238821E-002
 Calc obj  1.238636918178165E-003  1.232600782229246E-003
  9.973733370493221E-003  9.968941025053416E-003  9.963889949743236E-003
  9.958363181417887E-003  9.951235839784314E-003  9.998938987062174E-003
  9.990283494669039E-003  9.979205904843563E-003  9.976310140886905E-003
  9.978359827651440E-003  1.235531571704420E-003  1.239143728880196E-003
  6.980194612023868E-002  0.591546719012943     
 Design variables:  1.238636918178165E-003  1.232600782229246E-003
  9.973733370493221E-003  9.968941025053416E-003  9.963889949743236E-003
  9.958363181417887E-003  9.951235839784314E-003  9.998938987062174E-003
  9.990283494669039E-003  9.979205904843563E-003  9.976310140886905E-003
  9.978359827651440E-003  1.235531571704420E-003  1.239143728880196E-003
  6.980194612023868E-002  0.591546719012943     
 Mean drag value and variance:  7.442577926480743E-003  7.767625871493177E-006
   10  0.7450346E-02  0.4907537E-02  0.1992752E-03  0.1510010E+00  0.4794777E-05
 Calc con  1.248337459994311E-003  1.247442810329414E-003
  9.996106238848577E-003  9.995381712262264E-003  9.994620505063032E-003
  9.993794421519743E-003  9.992740664759088E-003  9.999745956029071E-003
  9.998709716995950E-003  9.997601379952689E-003  9.997145268546830E-003
  9.997028031314978E-003  1.247811894427544E-003  1.248397680668988E-003
  6.981271144306976E-002  0.590664392580823     
 Design variables:  1.248337459994311E-003  1.247442810329414E-003
  9.996106238848577E-003  9.995381712262264E-003  9.994620505063032E-003
  9.993794421519743E-003  9.992740664759088E-003  9.999745956029071E-003
  9.998709716995950E-003  9.997601379952689E-003  9.997145268546830E-003
  9.997028031314978E-003  1.247811894427544E-003  1.248397680668988E-003
  6.981271144306976E-002  0.590664392580823     
 Constraint value, mean lift and its standard deviation:  2.106093680738774E-004
  0.921729321536135       2.193993090420882E-002
 Calc obj  1.248337459994311E-003  1.247442810329414E-003
  9.996106238848577E-003  9.995381712262264E-003  9.994620505063032E-003
  9.993794421519743E-003  9.992740664759088E-003  9.999745956029071E-003
  9.998709716995950E-003  9.997601379952689E-003  9.997145268546830E-003
  9.997028031314978E-003  1.247811894427544E-003  1.248397680668988E-003
  6.981271144306976E-002  0.590664392580823     
 Design variables:  1.248337459994311E-003  1.247442810329414E-003
  9.996106238848577E-003  9.995381712262264E-003  9.994620505063032E-003
  9.993794421519743E-003  9.992740664759088E-003  9.999745956029071E-003
  9.998709716995950E-003  9.997601379952689E-003  9.997145268546830E-003
  9.997028031314978E-003  1.247811894427544E-003  1.248397680668988E-003
  6.981271144306976E-002  0.590664392580823     
 Mean drag value and variance:  7.505364921895319E-003  7.433703082460180E-006
 Calc con  1.248423616473044E-003  1.247574723169755E-003
  9.996303432028635E-003  9.995614204259377E-003  9.994890228718785E-003
  9.994104887617173E-003  9.993103190705848E-003  9.999749730606106E-003
  9.998756153267948E-003  9.997760987789487E-003  9.997380425723894E-003
  9.997243196985469E-003  1.247919879346382E-003  1.248477408007084E-003
  6.981276692289123E-002  0.590822387693819     
 Design variables:  1.248423616473044E-003  1.247574723169755E-003
  9.996303432028635E-003  9.995614204259377E-003  9.994890228718785E-003
  9.994104887617173E-003  9.993103190705848E-003  9.999749730606106E-003
  9.998756153267948E-003  9.997760987789487E-003  9.997380425723894E-003
  9.997243196985469E-003  1.247919879346382E-003  1.248477408007084E-003
  6.981276692289123E-002  0.590822387693819     
 Constraint value, mean lift and its standard deviation:  3.443472693427443E-004
  0.921966690790600       2.231103805994240E-002
 Calc obj  1.248423616473044E-003  1.247574723169755E-003
  9.996303432028635E-003  9.995614204259377E-003  9.994890228718785E-003
  9.994104887617173E-003  9.993103190705848E-003  9.999749730606106E-003
  9.998756153267948E-003  9.997760987789487E-003  9.997380425723894E-003
  9.997243196985469E-003  1.247919879346382E-003  1.248477408007084E-003
  6.981276692289123E-002  0.590822387693819     
 Design variables:  1.248423616473044E-003  1.247574723169755E-003
  9.996303432028635E-003  9.995614204259377E-003  9.994890228718785E-003
  9.994104887617173E-003  9.993103190705848E-003  9.999749730606106E-003
  9.998756153267948E-003  9.997760987789487E-003  9.997380425723894E-003
  9.997243196985469E-003  1.247919879346382E-003  1.248477408007084E-003
  6.981276692289123E-002  0.590822387693819     
 Mean drag value and variance:  7.558768830360618E-003  7.760018227676056E-006
 Calc con  1.243487189086238E-003  1.240021796279330E-003
  9.984919804670899E-003  9.982161368657840E-003  9.979255227403134E-003
  9.976078801468816E-003  9.971988252271701E-003  9.999342471545622E-003
  9.994496605832496E-003  9.988403642398126E-003  9.986727704716867E-003
  9.987693929483208E-003  1.241671733065982E-003  1.243770704774592E-003
  6.980732878165423E-002  0.591105555796883     
 Design variables:  1.243487189086238E-003  1.240021796279330E-003
  9.984919804670899E-003  9.982161368657840E-003  9.979255227403134E-003
  9.976078801468816E-003  9.971988252271701E-003  9.999342471545622E-003
  9.994496605832496E-003  9.988403642398126E-003  9.986727704716867E-003
  9.987693929483208E-003  1.241671733065982E-003  1.243770704774592E-003
  6.980732878165423E-002  0.591105555796883     
 Constraint value, mean lift and its standard deviation:  9.558751453919191E-004
  0.921147026743912       2.210290188930370E-002
 Calc obj  1.243487189086238E-003  1.240021796279330E-003
  9.984919804670899E-003  9.982161368657840E-003  9.979255227403134E-003
  9.976078801468816E-003  9.971988252271701E-003  9.999342471545622E-003
  9.994496605832496E-003  9.988403642398126E-003  9.986727704716867E-003
  9.987693929483208E-003  1.241671733065982E-003  1.243770704774592E-003
  6.980732878165423E-002  0.591105555796883     
 Design variables:  1.243487189086238E-003  1.240021796279330E-003
  9.984919804670899E-003  9.982161368657840E-003  9.979255227403134E-003
  9.976078801468816E-003  9.971988252271701E-003  9.999342471545622E-003
  9.994496605832496E-003  9.988403642398126E-003  9.986727704716867E-003
  9.987693929483208E-003  1.241671733065982E-003  1.243770704774592E-003
  6.980732878165423E-002  0.591105555796883     
 Mean drag value and variance:  7.529863157431649E-003  8.103922765173294E-006
 Calc con  1.241062053632201E-003  1.236311289254288E-003
  9.979326587582061E-003  9.975551196855628E-003  9.971572588573185E-003
  9.967220991443352E-003  9.961612046028008E-003  9.999140729303899E-003
  9.992390050250767E-003  9.983804773620843E-003  9.981518922801887E-003
  9.983026878567324E-003  1.238601652385201E-003  1.241457216827394E-003
  6.980463745094645E-002  0.591326137404913     
 Design variables:  1.241062053632201E-003  1.236311289254288E-003
  9.979326587582061E-003  9.975551196855628E-003  9.971572588573185E-003
  9.967220991443352E-003  9.961612046028008E-003  9.999140729303899E-003
  9.992390050250767E-003  9.983804773620843E-003  9.981518922801887E-003
  9.983026878567324E-003  1.238601652385201E-003  1.241457216827394E-003
  6.980463745094645E-002  0.591326137404913     
 Constraint value, mean lift and its standard deviation:  2.092076323368802E-004
  0.921704196703747       2.191340433608378E-002
 Calc obj  1.241062053632201E-003  1.236311289254288E-003
  9.979326587582061E-003  9.975551196855628E-003  9.971572588573185E-003
  9.967220991443352E-003  9.961612046028008E-003  9.999140729303899E-003
  9.992390050250767E-003  9.983804773620843E-003  9.981518922801887E-003
  9.983026878567324E-003  1.238601652385201E-003  1.241457216827394E-003
  6.980463745094645E-002  0.591326137404913     
 Design variables:  1.241062053632201E-003  1.236311289254288E-003
  9.979326587582061E-003  9.975551196855628E-003  9.971572588573185E-003
  9.967220991443352E-003  9.961612046028008E-003  9.999140729303899E-003
  9.992390050250767E-003  9.983804773620843E-003  9.981518922801887E-003
  9.983026878567324E-003  1.238601652385201E-003  1.241457216827394E-003
  6.980463745094645E-002  0.591326137404913     
 Mean drag value and variance:  7.901236715524283E-003  7.900757340147723E-006
 Calc con  1.239849485905183E-003  1.234456035741767E-003
  9.976529979037640E-003  9.972246110954522E-003  9.967731269158210E-003
  9.962792086430619E-003  9.956423942906162E-003  9.999039858183036E-003
  9.991336772459903E-003  9.981505339232203E-003  9.978914531844395E-003
  9.980693353109383E-003  1.237066612044810E-003  1.240300472853796E-003
  6.980329178559257E-002  0.591436428208928     
 Design variables:  1.239849485905183E-003  1.234456035741767E-003
  9.976529979037640E-003  9.972246110954522E-003  9.967731269158210E-003
  9.962792086430619E-003  9.956423942906162E-003  9.999039858183036E-003
  9.991336772459903E-003  9.981505339232203E-003  9.978914531844395E-003
  9.980693353109383E-003  1.237066612044810E-003  1.240300472853796E-003
  6.980329178559257E-002  0.591436428208928     
 Constraint value, mean lift and its standard deviation:  1.317017904783568E-002
  0.922359950276734       3.553012932456977E-002
 Calc obj  1.239849485905183E-003  1.234456035741767E-003
  9.976529979037640E-003  9.972246110954522E-003  9.967731269158210E-003
  9.962792086430619E-003  9.956423942906162E-003  9.999039858183036E-003
  9.991336772459903E-003  9.981505339232203E-003  9.978914531844395E-003
  9.980693353109383E-003  1.237066612044810E-003  1.240300472853796E-003
  6.980329178559257E-002  0.591436428208928     
 Design variables:  1.239849485905183E-003  1.234456035741767E-003
  9.976529979037640E-003  9.972246110954522E-003  9.967731269158210E-003
  9.962792086430619E-003  9.956423942906162E-003  9.999039858183036E-003
  9.991336772459903E-003  9.981505339232203E-003  9.978914531844395E-003
  9.980693353109383E-003  1.237066612044810E-003  1.240300472853796E-003
  6.980329178559257E-002  0.591436428208928     
 Mean drag value and variance:  7.694280326746896E-003  7.995484972637306E-006
 Calc con  1.239243202041674E-003  1.233528408985506E-003
  9.975131674765431E-003  9.970593568003970E-003  9.965810609450723E-003
  9.960577633924253E-003  9.953829891345238E-003  9.998989422622605E-003
  9.990810133564471E-003  9.980355622037883E-003  9.977612336365651E-003
  9.979526590380410E-003  1.236299091874615E-003  1.239722100866996E-003
  6.980261895291563E-002  0.591491573610935     
 Design variables:  1.239243202041674E-003  1.233528408985506E-003
  9.975131674765431E-003  9.970593568003970E-003  9.965810609450723E-003
  9.960577633924253E-003  9.953829891345238E-003  9.998989422622605E-003
  9.990810133564471E-003  9.980355622037883E-003  9.977612336365651E-003
  9.979526590380410E-003  1.236299091874615E-003  1.239722100866996E-003
  6.980261895291563E-002  0.591491573610935     
 Constraint value, mean lift and its standard deviation: -1.396740211645334E-003
  0.922817816316891       2.142107610524573E-002
 Calc obj  1.239243202041674E-003  1.233528408985506E-003
  9.975131674765431E-003  9.970593568003970E-003  9.965810609450723E-003
  9.960577633924253E-003  9.953829891345238E-003  9.998989422622605E-003
  9.990810133564471E-003  9.980355622037883E-003  9.977612336365651E-003
  9.979526590380410E-003  1.236299091874615E-003  1.239722100866996E-003
  6.980261895291563E-002  0.591491573610935     
 Design variables:  1.239243202041674E-003  1.233528408985506E-003
  9.975131674765431E-003  9.970593568003970E-003  9.965810609450723E-003
  9.960577633924253E-003  9.953829891345238E-003  9.998989422622605E-003
  9.990810133564471E-003  9.980355622037883E-003  9.977612336365651E-003
  9.979526590380410E-003  1.236299091874615E-003  1.239722100866996E-003
  6.980261895291563E-002  0.591491573610935     
 Mean drag value and variance:  7.555798734965715E-003  8.276740879085830E-006
 Calc con  1.238940060109919E-003  1.233064595607376E-003
  9.974432522629327E-003  9.969767296528693E-003  9.964850279596978E-003
  9.959470407671070E-003  9.952532865564776E-003  9.998964204842389E-003
  9.990546814116754E-003  9.979780763440723E-003  9.976961238626278E-003
  9.978943209015925E-003  1.235915331789517E-003  1.239432914873596E-003
  6.980228253657715E-002  0.591519146311939     
 Design variables:  1.238940060109919E-003  1.233064595607376E-003
  9.974432522629327E-003  9.969767296528693E-003  9.964850279596978E-003
  9.959470407671070E-003  9.952532865564776E-003  9.998964204842389E-003
  9.990546814116754E-003  9.979780763440723E-003  9.976961238626278E-003
  9.978943209015925E-003  1.235915331789517E-003  1.239432914873596E-003
  6.980228253657715E-002  0.591519146311939     
 Constraint value, mean lift and its standard deviation:  1.080165760557261E-003
  0.920650950600600       2.173111636115722E-002
 Calc obj  1.238940060109919E-003  1.233064595607376E-003
  9.974432522629327E-003  9.969767296528693E-003  9.964850279596978E-003
  9.959470407671070E-003  9.952532865564776E-003  9.998964204842389E-003
  9.990546814116754E-003  9.979780763440723E-003  9.976961238626278E-003
  9.978943209015925E-003  1.235915331789517E-003  1.239432914873596E-003
  6.980228253657715E-002  0.591519146311939     
 Design variables:  1.238940060109919E-003  1.233064595607376E-003
  9.974432522629327E-003  9.969767296528693E-003  9.964850279596978E-003
  9.959470407671070E-003  9.952532865564776E-003  9.998964204842389E-003
  9.990546814116754E-003  9.979780763440723E-003  9.976961238626278E-003
  9.978943209015925E-003  1.235915331789517E-003  1.239432914873596E-003
  6.980228253657715E-002  0.591519146311939     
 Mean drag value and variance:  7.607017847095160E-003  7.860936203563338E-006
 Calc con  1.238788489144042E-003  1.232832688918311E-003
  9.974082946561274E-003  9.969354160791054E-003  9.964370114670107E-003
  9.958916794544479E-003  9.951884352674545E-003  9.998951595952281E-003
  9.990415154392897E-003  9.979493334142144E-003  9.976635689756591E-003
  9.978651518333683E-003  1.235723451746969E-003  1.239288321876896E-003
  6.980211432840792E-002  0.591532932662441     
 Design variables:  1.238788489144042E-003  1.232832688918311E-003
  9.974082946561274E-003  9.969354160791054E-003  9.964370114670107E-003
  9.958916794544479E-003  9.951884352674545E-003  9.998951595952281E-003
  9.990415154392897E-003  9.979493334142144E-003  9.976635689756591E-003
  9.978651518333683E-003  1.235723451746969E-003  1.239288321876896E-003
  6.980211432840792E-002  0.591532932662441     
 Constraint value, mean lift and its standard deviation:  5.537664017011661E-004
  0.921324708672084       2.187847507378530E-002
 Calc obj  1.238788489144042E-003  1.232832688918311E-003
  9.974082946561274E-003  9.969354160791054E-003  9.964370114670107E-003
  9.958916794544479E-003  9.951884352674545E-003  9.998951595952281E-003
  9.990415154392897E-003  9.979493334142144E-003  9.976635689756591E-003
  9.978651518333683E-003  1.235723451746969E-003  1.239288321876896E-003
  6.980211432840792E-002  0.591532932662441     
 Design variables:  1.238788489144042E-003  1.232832688918311E-003
  9.974082946561274E-003  9.969354160791054E-003  9.964370114670107E-003
  9.958916794544479E-003  9.951884352674545E-003  9.998951595952281E-003
  9.990415154392897E-003  9.979493334142144E-003  9.976635689756591E-003
  9.978651518333683E-003  1.235723451746969E-003  1.239288321876896E-003
  6.980211432840792E-002  0.591532932662441     
 Mean drag value and variance:  7.657473894458223E-003  8.101842915765611E-006
 Calc con  1.238712703661103E-003  1.232716735573778E-003
  9.973908158527247E-003  9.969147592922235E-003  9.964130032206671E-003
  9.958639987981183E-003  9.951560096229429E-003  9.998945291507228E-003
  9.990349324530969E-003  9.979349619492853E-003  9.976472915321747E-003
  9.978505672992561E-003  1.235627511725694E-003  1.239216025378547E-003
  6.980203022432330E-002  0.591539825837692     
 Design variables:  1.238712703661103E-003  1.232716735573778E-003
  9.973908158527247E-003  9.969147592922235E-003  9.964130032206671E-003
  9.958639987981183E-003  9.951560096229429E-003  9.998945291507228E-003
  9.990349324530969E-003  9.979349619492853E-003  9.976472915321747E-003
  9.978505672992561E-003  1.235627511725694E-003  1.239216025378547E-003
  6.980203022432330E-002  0.591539825837692     
 Constraint value, mean lift and its standard deviation:  4.611623111043794E-004
  0.921610050243677       2.207121255478151E-002
 Calc obj  1.238712703661103E-003  1.232716735573778E-003
  9.973908158527247E-003  9.969147592922235E-003  9.964130032206671E-003
  9.958639987981183E-003  9.951560096229429E-003  9.998945291507228E-003
  9.990349324530969E-003  9.979349619492853E-003  9.976472915321747E-003
  9.978505672992561E-003  1.235627511725694E-003  1.239216025378547E-003
  6.980203022432330E-002  0.591539825837692     
 Design variables:  1.238712703661103E-003  1.232716735573778E-003
  9.973908158527247E-003  9.969147592922235E-003  9.964130032206671E-003
  9.958639987981183E-003  9.951560096229429E-003  9.998945291507228E-003
  9.990349324530969E-003  9.979349619492853E-003  9.976472915321747E-003
  9.978505672992561E-003  1.235627511725694E-003  1.239216025378547E-003
  6.980203022432330E-002  0.591539825837692     
 Mean drag value and variance:  8.049690255507050E-003  1.012103592486248E-005
 Calc con  1.238674810919634E-003  1.232658758901512E-003
  9.973820764510234E-003  9.969044308987826E-003  9.964009990974954E-003
  9.958501584699535E-003  9.951397968006872E-003  9.998942139284700E-003
  9.990316409600004E-003  9.979277762168207E-003  9.976391528104327E-003
  9.978432750322000E-003  1.235579541715057E-003  1.239179877129371E-003
  6.980198817228099E-002  0.591543272425317     
 Design variables:  1.238674810919634E-003  1.232658758901512E-003
  9.973820764510234E-003  9.969044308987826E-003  9.964009990974954E-003
  9.958501584699535E-003  9.951397968006872E-003  9.998942139284700E-003
  9.990316409600004E-003  9.979277762168207E-003  9.976391528104327E-003
  9.978432750322000E-003  1.235579541715057E-003  1.239179877129371E-003
  6.980198817228099E-002  0.591543272425317     
 Constraint value, mean lift and its standard deviation:  5.465123481369558E-004
  0.921369149300570       2.191566164870706E-002
 Calc obj  1.238674810919634E-003  1.232658758901512E-003
  9.973820764510234E-003  9.969044308987826E-003  9.964009990974954E-003
  9.958501584699535E-003  9.951397968006872E-003  9.998942139284700E-003
  9.990316409600004E-003  9.979277762168207E-003  9.976391528104327E-003
  9.978432750322000E-003  1.235579541715057E-003  1.239179877129371E-003
  6.980198817228099E-002  0.591543272425317     
 Design variables:  1.238674810919634E-003  1.232658758901512E-003
  9.973820764510234E-003  9.969044308987826E-003  9.964009990974954E-003
  9.958501584699535E-003  9.951397968006872E-003  9.998942139284700E-003
  9.990316409600004E-003  9.979277762168207E-003  9.976391528104327E-003
  9.978432750322000E-003  1.235579541715057E-003  1.239179877129371E-003
  6.980198817228099E-002  0.591543272425317     
 Mean drag value and variance:  7.653045345685591E-003  8.199201730222988E-006
 Calc con  1.238655864548899E-003  1.232629770565379E-003
  9.973777067501728E-003  9.968992667020620E-003  9.963949970359095E-003
  9.958432383058711E-003  9.951316903895594E-003  9.998940563173438E-003
  9.990299952134522E-003  9.979241833505886E-003  9.976350834495615E-003
  9.978396288986720E-003  1.235555556709739E-003  1.239161803004784E-003
  6.980196714625984E-002  0.591544995719130     
 Design variables:  1.238655864548899E-003  1.232629770565379E-003
  9.973777067501728E-003  9.968992667020620E-003  9.963949970359095E-003
  9.958432383058711E-003  9.951316903895594E-003  9.998940563173438E-003
  9.990299952134522E-003  9.979241833505886E-003  9.976350834495615E-003
  9.978396288986720E-003  1.235555556709739E-003  1.239161803004784E-003
  6.980196714625984E-002  0.591544995719130     
 Constraint value, mean lift and its standard deviation: -4.830327772230233E-004
  0.922109553292071       2.162652051484840E-002
 Calc obj  1.238655864548899E-003  1.232629770565379E-003
  9.973777067501728E-003  9.968992667020620E-003  9.963949970359095E-003
  9.958432383058711E-003  9.951316903895594E-003  9.998940563173438E-003
  9.990299952134522E-003  9.979241833505886E-003  9.976350834495615E-003
  9.978396288986720E-003  1.235555556709739E-003  1.239161803004784E-003
  6.980196714625984E-002  0.591544995719130     
 Design variables:  1.238655864548899E-003  1.232629770565379E-003
  9.973777067501728E-003  9.968992667020620E-003  9.963949970359095E-003
  9.958432383058711E-003  9.951316903895594E-003  9.998940563173438E-003
  9.990299952134522E-003  9.979241833505886E-003  9.976350834495615E-003
  9.978396288986720E-003  1.235555556709739E-003  1.239161803004784E-003
  6.980196714625984E-002  0.591544995719130     
 Mean drag value and variance:  7.633661791076490E-003  8.218709187360918E-006
 Calc con  1.238646391363532E-003  1.232615276397312E-003
  9.973755218997475E-003  9.968966846037019E-003  9.963919960051165E-003
  9.958397782238299E-003  9.951276371839953E-003  9.998939775117805E-003
  9.990291723401780E-003  9.979223869174724E-003  9.976330487691261E-003
  9.978378058319080E-003  1.235543564207079E-003  1.239152765942490E-003
  6.980195663324926E-002  0.591545857366036     
 Design variables:  1.238646391363532E-003  1.232615276397312E-003
  9.973755218997475E-003  9.968966846037019E-003  9.963919960051165E-003
  9.958397782238299E-003  9.951276371839953E-003  9.998939775117805E-003
  9.990291723401780E-003  9.979223869174724E-003  9.976330487691261E-003
  9.978378058319080E-003  1.235543564207079E-003  1.239152765942490E-003
  6.980195663324926E-002  0.591545857366036     
 Constraint value, mean lift and its standard deviation: -1.480639518838662E-003
  0.924437820369280       2.295718085044111E-002
 Calc obj  1.238646391363532E-003  1.232615276397312E-003
  9.973755218997475E-003  9.968966846037019E-003  9.963919960051165E-003
  9.958397782238299E-003  9.951276371839953E-003  9.998939775117805E-003
  9.990291723401780E-003  9.979223869174724E-003  9.976330487691261E-003
  9.978378058319080E-003  1.235543564207079E-003  1.239152765942490E-003
  6.980195663324926E-002  0.591545857366036     
 Design variables:  1.238646391363532E-003  1.232615276397312E-003
  9.973755218997475E-003  9.968966846037019E-003  9.963919960051165E-003
  9.958397782238299E-003  9.951276371839953E-003  9.998939775117805E-003
  9.990291723401780E-003  9.979223869174724E-003  9.976330487691261E-003
  9.978378058319080E-003  1.235543564207079E-003  1.239152765942490E-003
  6.980195663324926E-002  0.591545857366036     
 Mean drag value and variance:  7.614022041767672E-003  8.444041065187379E-006
 Calc con  1.238641654770848E-003  1.232608029313279E-003
  9.973744294745348E-003  9.968953935545217E-003  9.963904954897200E-003
  9.958380481828092E-003  9.951256105812134E-003  9.998939381089990E-003
  9.990287609035409E-003  9.979214887009143E-003  9.976320314289083E-003
  9.978368942985259E-003  1.235537567955750E-003  1.239148247411343E-003
  6.980195137674397E-002  0.591546288189489     
 Design variables:  1.238641654770848E-003  1.232608029313279E-003
  9.973744294745348E-003  9.968953935545217E-003  9.963904954897200E-003
  9.958380481828092E-003  9.951256105812134E-003  9.998939381089990E-003
  9.990287609035409E-003  9.979214887009143E-003  9.976320314289083E-003
  9.978368942985259E-003  1.235537567955750E-003  1.239148247411343E-003
  6.980195137674397E-002  0.591546288189489     
 Constraint value, mean lift and its standard deviation:  3.009158904777529E-005
  0.921640066556138       2.167015814518615E-002
 Calc obj  1.238641654770848E-003  1.232608029313279E-003
  9.973744294745348E-003  9.968953935545217E-003  9.963904954897200E-003
  9.958380481828092E-003  9.951256105812134E-003  9.998939381089990E-003
  9.990287609035409E-003  9.979214887009143E-003  9.976320314289083E-003
  9.978368942985259E-003  1.235537567955750E-003  1.239148247411343E-003
  6.980195137674397E-002  0.591546288189489     
 Design variables:  1.238641654770848E-003  1.232608029313279E-003
  9.973744294745348E-003  9.968953935545217E-003  9.963904954897200E-003
  9.958380481828092E-003  9.951256105812134E-003  9.998939381089990E-003
  9.990287609035409E-003  9.979214887009143E-003  9.976320314289083E-003
  9.978368942985259E-003  1.235537567955750E-003  1.239148247411343E-003
  6.980195137674397E-002  0.591546288189489     
 Mean drag value and variance:  7.680264812049166E-003  8.221789417468631E-006
   11  0.7688487E-02  0.8823264E-03  0.1284163E-03  0.2526037E+00  0.9051848E-07
 Calc con  1.249588766894767E-003  1.249422156347880E-003
  9.998932232727823E-003  9.998770502995788E-003  9.998610120053840E-003
  9.998444276818586E-003  9.998241661178695E-003  9.996793014116222E-003
  9.998046035065137E-003  9.999386836475338E-003  9.999773103142892E-003
  9.999673533615512E-003  1.249396624835279E-003  1.249539887299001E-003
  6.981243760149772E-002  0.590489558839997     
 Design variables:  1.249588766894767E-003  1.249422156347880E-003
  9.998932232727823E-003  9.998770502995788E-003  9.998610120053840E-003
  9.998444276818586E-003  9.998241661178695E-003  9.996793014116222E-003
  9.998046035065137E-003  9.999386836475338E-003  9.999773103142892E-003
  9.999673533615512E-003  1.249396624835279E-003  1.249539887299001E-003
  6.981243760149772E-002  0.590489558839997     
 Constraint value, mean lift and its standard deviation:  1.005435589592669E-003
  0.920991444415009       2.199688000460144E-002
 Calc obj  1.249588766894767E-003  1.249422156347880E-003
  9.998932232727823E-003  9.998770502995788E-003  9.998610120053840E-003
  9.998444276818586E-003  9.998241661178695E-003  9.996793014116222E-003
  9.998046035065137E-003  9.999386836475338E-003  9.999773103142892E-003
  9.999673533615512E-003  1.249396624835279E-003  1.249539887299001E-003
  6.981243760149772E-002  0.590489558839997     
 Design variables:  1.249588766894767E-003  1.249422156347880E-003
  9.998932232727823E-003  9.998770502995788E-003  9.998610120053840E-003
  9.998444276818586E-003  9.998241661178695E-003  9.996793014116222E-003
  9.998046035065137E-003  9.999386836475338E-003  9.999773103142892E-003
  9.999673533615512E-003  1.249396624835279E-003  1.249539887299001E-003
  6.981243760149772E-002  0.590489558839997     
 Mean drag value and variance:  7.469855974458053E-003  7.399002965989299E-006
   12  0.7477255E-02  0.1058718E-02  0.1010223E-02  0.1731566E+00  0.2354080E-05
 Calc con  1.249256550830413E-003  1.248883088837791E-003
  9.998225938304225E-003  9.997918521817717E-003  9.997600653950592E-003
  9.997258928982336E-003  9.996824588493802E-003  9.998324920157372E-003
  9.998501749402304E-003  9.998675891686655E-003  9.998801621255153E-003
  9.998864248795650E-003  1.249014994509318E-003  1.249256274558208E-003
  6.981236047810670E-002  0.591266080427061     
 Design variables:  1.249256550830413E-003  1.248883088837791E-003
  9.998225938304225E-003  9.997918521817717E-003  9.997600653950592E-003
  9.997258928982336E-003  9.996824588493802E-003  9.998324920157372E-003
  9.998501749402304E-003  9.998675891686655E-003  9.998801621255153E-003
  9.998864248795650E-003  1.249014994509318E-003  1.249256274558208E-003
  6.981236047810670E-002  0.591266080427061     
 Constraint value, mean lift and its standard deviation: -5.403799059413086E-004
  0.922162569491588       2.162218958564704E-002
 Calc obj  1.249256550830413E-003  1.248883088837791E-003
  9.998225938304225E-003  9.997918521817717E-003  9.997600653950592E-003
  9.997258928982336E-003  9.996824588493802E-003  9.998324920157372E-003
  9.998501749402304E-003  9.998675891686655E-003  9.998801621255153E-003
  9.998864248795650E-003  1.249014994509318E-003  1.249256274558208E-003
  6.981236047810670E-002  0.591266080427061     
 Design variables:  1.249256550830413E-003  1.248883088837791E-003
  9.998225938304225E-003  9.997918521817717E-003  9.997600653950592E-003
  9.997258928982336E-003  9.996824588493802E-003  9.998324920157372E-003
  9.998501749402304E-003  9.998675891686655E-003  9.998801621255153E-003
  9.998864248795650E-003  1.249014994509318E-003  1.249256274558208E-003
  6.981236047810670E-002  0.591266080427061     
 Mean drag value and variance:  7.434175732806660E-003  9.246668016749128E-006
   13  0.7443422E-02  0.7765216E-03  0.5335601E-03  0.1110365E+00  0.1321762E-05
 Calc con  1.249992988017425E-003  1.249984548950837E-003
  9.999970976543196E-003  9.999964644406382E-003  9.999958200696173E-003
  9.999951401804645E-003  9.999943059070359E-003  9.999980749888457E-003
  9.999974979307952E-003  9.999971452191097E-003  9.999974129298617E-003
  9.999980052492741E-003  1.249988118949271E-003  1.249993378150285E-003
  6.981315799804769E-002  0.590803788286303     
 Design variables:  1.249992988017425E-003  1.249984548950837E-003
  9.999970976543196E-003  9.999964644406382E-003  9.999958200696173E-003
  9.999951401804645E-003  9.999943059070359E-003  9.999980749888457E-003
  9.999974979307952E-003  9.999971452191097E-003  9.999974129298617E-003
  9.999980052492741E-003  1.249988118949271E-003  1.249993378150285E-003
  6.981315799804769E-002  0.590803788286303     
 Constraint value, mean lift and its standard deviation: -6.170645063509339E-005
  0.921617778426091       2.155607197545593E-002
 Calc obj  1.249992988017425E-003  1.249984548950837E-003
  9.999970976543196E-003  9.999964644406382E-003  9.999958200696173E-003
  9.999951401804645E-003  9.999943059070359E-003  9.999980749888457E-003
  9.999974979307952E-003  9.999971452191097E-003  9.999974129298617E-003
  9.999980052492741E-003  1.249988118949271E-003  1.249993378150285E-003
  6.981315799804769E-002  0.590803788286303     
 Design variables:  1.249992988017425E-003  1.249984548950837E-003
  9.999970976543196E-003  9.999964644406382E-003  9.999958200696173E-003
  9.999951401804645E-003  9.999943059070359E-003  9.999980749888457E-003
  9.999974979307952E-003  9.999971452191097E-003  9.999974129298617E-003
  9.999980052492741E-003  1.249988118949271E-003  1.249993378150285E-003
  6.981315799804769E-002  0.590803788286303     
 Mean drag value and variance:  7.711881966725782E-003  7.642494786368065E-006
   14  0.7719524E-02  0.4622921E-03  0.6156586E-04  0.8611317E-01  0.2800412E-07
 Calc con  1.250009776365512E-003  1.250009666242449E-003
  1.000000947794227E-002  1.000000939180572E-002  1.000000930390512E-002
  1.000000921038548E-002  1.000000909286874E-002  1.000000946908977E-002
  1.000000945302484E-002  1.000000948116126E-002  1.000000957612461E-002
  1.000000965573369E-002  1.250009709830357E-003  1.250009777044355E-003
  6.981317836361738E-002  0.590755469811978     
 Design variables:  1.250009776365512E-003  1.250009666242449E-003
  1.000000947794227E-002  1.000000939180572E-002  1.000000930390512E-002
  1.000000921038548E-002  1.000000909286874E-002  1.000000946908977E-002
  1.000000945302484E-002  1.000000948116126E-002  1.000000957612461E-002
  1.000000965573369E-002  1.250009709830357E-003  1.250009777044355E-003
  6.981317836361738E-002  0.590755469811978     
 Constraint value, mean lift and its standard deviation: -2.805246304040596E-004
  0.922205709900718       2.192518527031429E-002
 Calc obj  1.250009776365512E-003  1.250009666242449E-003
  1.000000947794227E-002  1.000000939180572E-002  1.000000930390512E-002
  1.000000921038548E-002  1.000000909286874E-002  1.000000946908977E-002
  1.000000945302484E-002  1.000000948116126E-002  1.000000957612461E-002
  1.000000965573369E-002  1.250009709830357E-003  1.250009777044355E-003
  6.981317836361738E-002  0.590755469811978     
 Design variables:  1.250009776365512E-003  1.250009666242449E-003
  1.000000947794227E-002  1.000000939180572E-002  1.000000930390512E-002
  1.000000921038548E-002  1.000000909286874E-002  1.000000946908977E-002
  1.000000945302484E-002  1.000000948116126E-002  1.000000957612461E-002
  1.000000965573369E-002  1.250009709830357E-003  1.250009777044355E-003
  6.981317836361738E-002  0.590755469811978     
 Mean drag value and variance:  7.542931322561699E-003  7.568087819394815E-006
   15  0.7550499E-02  0.4831847E-04  0.2805326E-03  0.1480745E+00  0.3907803E-09
 
 The solution was found.
 
 The final value of the objective function is   7.550499410381093E-003
 
 The optimal values of X are:
 
 X  (           1 ) =   1.250000000000000E-003
 X  (           2 ) =   1.250000000000000E-003
 X  (           3 ) =   1.000000000000000E-002
 X  (           4 ) =   1.000000000000000E-002
 X  (           5 ) =   1.000000000000000E-002
 X  (           6 ) =   1.000000000000000E-002
 X  (           7 ) =   1.000000000000000E-002
 X  (           8 ) =   1.000000000000000E-002
 X  (           9 ) =   1.000000000000000E-002
 X  (          10 ) =   1.000000000000000E-002
 X  (          11 ) =   1.000000000000000E-002
 X  (          12 ) =   1.000000000000000E-002
 X  (          13 ) =   1.250000000000000E-003
 X  (          14 ) =   1.250000000000000E-003
 X  (          15 ) =    4.00000000000000     
 X  (          16 ) =   0.590755469811978     
 
 The multipliers for the equality constraints are:
 
 LAM(           1 ) =   0.194967337518666     
 
 Mean drag and its variance:  7.542931322561699E-003  7.568087819394815E-006
