 Calc con  0.000000000000000E+000  0.000000000000000E+000
  0.000000000000000E+000  0.000000000000000E+000  0.000000000000000E+000
  0.000000000000000E+000  0.000000000000000E+000  0.000000000000000E+000
  0.000000000000000E+000  0.000000000000000E+000  0.000000000000000E+000
  0.000000000000000E+000  0.000000000000000E+000  0.000000000000000E+000
  3.490658503988659E-002  0.560000000000000     
 Design variables:  0.000000000000000E+000  0.000000000000000E+000
  0.000000000000000E+000  0.000000000000000E+000  0.000000000000000E+000
  0.000000000000000E+000  0.000000000000000E+000  0.000000000000000E+000
  0.000000000000000E+000  0.000000000000000E+000  0.000000000000000E+000
  0.000000000000000E+000  0.000000000000000E+000  0.000000000000000E+000
  3.490658503988659E-002  0.560000000000000     
 Constraint value, mean lift and its standard deviation:  0.319782738039197     
  0.295438204627496       1.522094266669299E-002
 Calc obj  0.000000000000000E+000  0.000000000000000E+000
  0.000000000000000E+000  0.000000000000000E+000  0.000000000000000E+000
  0.000000000000000E+000  0.000000000000000E+000  0.000000000000000E+000
  0.000000000000000E+000  0.000000000000000E+000  0.000000000000000E+000
  0.000000000000000E+000  0.000000000000000E+000  0.000000000000000E+000
  3.490658503988659E-002  0.560000000000000     
 Design variables:  0.000000000000000E+000  0.000000000000000E+000
  0.000000000000000E+000  0.000000000000000E+000  0.000000000000000E+000
  0.000000000000000E+000  0.000000000000000E+000  0.000000000000000E+000
  0.000000000000000E+000  0.000000000000000E+000  0.000000000000000E+000
  0.000000000000000E+000  0.000000000000000E+000  0.000000000000000E+000
  3.490658503988659E-002  0.560000000000000     
 Mean drag value and variance:  3.774906935187113E-004  8.319719836962252E-010
 
 iter    objective      ||grad||        inf_pr          inf_du         lg(mu)
    0  0.3774915E-03  0.0000000E+00  0.3297827E+00  0.9960043E+00  0.1000000E+01
 Calc con  9.261276974573244E-004  6.564977490987246E-004
  3.694706021163954E-003  3.282094074188900E-003  2.933479311081443E-003
  2.614856175306727E-003  2.278598358416551E-003  2.697109227615069E-003
  2.986746331372509E-003  3.253692413159617E-003  3.552566383028147E-003
  3.925628788264082E-003  6.752873030946996E-004  9.328813175268594E-004
  5.948016394649085E-002  0.559015760414392     
 Design variables:  9.261276974573244E-004  6.564977490987246E-004
  3.694706021163954E-003  3.282094074188900E-003  2.933479311081443E-003
  2.614856175306727E-003  2.278598358416551E-003  2.697109227615069E-003
  2.986746331372509E-003  3.253692413159617E-003  3.552566383028147E-003
  3.925628788264082E-003  6.752873030946996E-004  9.328813175268594E-004
  5.948016394649085E-002  0.559015760414392     
 Constraint value, mean lift and its standard deviation: -3.439164591312029E-002
  0.651359511538163       1.696786562504258E-002
 Calc obj  9.261276974573244E-004  6.564977490987246E-004
  3.694706021163954E-003  3.282094074188900E-003  2.933479311081443E-003
  2.614856175306727E-003  2.278598358416551E-003  2.697109227615069E-003
  2.986746331372509E-003  3.253692413159617E-003  3.552566383028147E-003
  3.925628788264082E-003  6.752873030946996E-004  9.328813175268594E-004
  5.948016394649085E-002  0.559015760414392     
 Design variables:  9.261276974573244E-004  6.564977490987246E-004
  3.694706021163954E-003  3.282094074188900E-003  2.933479311081443E-003
  2.614856175306727E-003  2.278598358416551E-003  2.697109227615069E-003
  2.986746331372509E-003  3.253692413159617E-003  3.552566383028147E-003
  3.925628788264082E-003  6.752873030946996E-004  9.328813175268594E-004
  5.948016394649085E-002  0.559015760414392     
 Mean drag value and variance:  1.409328107751808E-003  5.088320712890611E-009
    1  0.1409333E-02  0.2457358E-01  0.1628290E-02  0.7130183E-01  0.2446684E-01
 Calc con  9.156427217992918E-004  6.490938431905945E-004
  3.670766624678856E-003  3.261329449897784E-003  2.915588461601583E-003
  2.599674628478629E-003  2.266157453587461E-003  2.679001856414445E-003
  2.967248416821824E-003  3.233126788128075E-003  3.530552649013186E-003
  3.901439580647341E-003  6.676938309458096E-004  9.223265064013002E-004
  5.945647486940615E-002  0.559112735135519     
 Design variables:  9.156427217992918E-004  6.490938431905945E-004
  3.670766624678856E-003  3.261329449897784E-003  2.915588461601583E-003
  2.599674628478629E-003  2.266157453587461E-003  2.679001856414445E-003
  2.967248416821824E-003  3.233126788128075E-003  3.530552649013186E-003
  3.901439580647341E-003  6.676938309458096E-004  9.223265064013002E-004
  5.945647486940615E-002  0.559112735135519     
 Constraint value, mean lift and its standard deviation: -3.319133885925247E-002
  0.650182796332044       1.699145747279168E-002
 Calc obj  9.156427217992918E-004  6.490938431905945E-004
  3.670766624678856E-003  3.261329449897784E-003  2.915588461601583E-003
  2.599674628478629E-003  2.266157453587461E-003  2.679001856414445E-003
  2.967248416821824E-003  3.233126788128075E-003  3.530552649013186E-003
  3.901439580647341E-003  6.676938309458096E-004  9.223265064013002E-004
  5.945647486940615E-002  0.559112735135519     
 Design variables:  9.156427217992918E-004  6.490938431905945E-004
  3.670766624678856E-003  3.261329449897784E-003  2.915588461601583E-003
  2.599674628478629E-003  2.266157453587461E-003  2.679001856414445E-003
  2.967248416821824E-003  3.233126788128075E-003  3.530552649013186E-003
  3.901439580647341E-003  6.676938309458096E-004  9.223265064013002E-004
  5.945647486940615E-002  0.559112735135519     
 Mean drag value and variance:  1.404759467416258E-003  5.077702439128527E-009
    2  0.1404765E-02  0.4491287E-03  0.2114579E-04  0.1251630E-02  0.2894065E-03
 Calc con  8.620226311696053E-004  6.107771378376676E-004
  3.564322273561783E-003  3.198514042934937E-003  2.904828079732344E-003
  2.642289028344060E-003  2.357404649281635E-003  2.329941305363930E-003
  2.650022463468604E-003  2.962644714636092E-003  3.300941806087673E-003
  3.707361741896702E-003  6.284936358406171E-004  8.683846389313475E-004
  5.871939935827663E-002  0.555534103075482     
 Design variables:  8.620226311696053E-004  6.107771378376676E-004
  3.564322273561783E-003  3.198514042934937E-003  2.904828079732344E-003
  2.642289028344060E-003  2.357404649281635E-003  2.329941305363930E-003
  2.650022463468604E-003  2.962644714636092E-003  3.300941806087673E-003
  3.707361741896702E-003  6.284936358406171E-004  8.683846389313475E-004
  5.871939935827663E-002  0.555534103075482     
 Constraint value, mean lift and its standard deviation: -1.693319055573523E-002
  0.633641689322306       1.670849876657070E-002
 Calc obj  8.620226311696053E-004  6.107771378376676E-004
  3.564322273561783E-003  3.198514042934937E-003  2.904828079732344E-003
  2.642289028344060E-003  2.357404649281635E-003  2.329941305363930E-003
  2.650022463468604E-003  2.962644714636092E-003  3.300941806087673E-003
  3.707361741896702E-003  6.284936358406171E-004  8.683846389313475E-004
  5.871939935827663E-002  0.555534103075482     
 Design variables:  8.620226311696053E-004  6.107771378376676E-004
  3.564322273561783E-003  3.198514042934937E-003  2.904828079732344E-003
  2.642289028344060E-003  2.357404649281635E-003  2.329941305363930E-003
  2.650022463468604E-003  2.962644714636092E-003  3.300941806087673E-003
  3.707361741896702E-003  6.284936358406171E-004  8.683846389313475E-004
  5.871939935827663E-002  0.555534103075482     
 Mean drag value and variance:  1.336236262307182E-003  4.604471529097589E-009
    3  0.1336241E-02  0.1648908E-01  0.2097859E-03  0.8439188E-03  0.1901619E-04
 Calc con  7.197943874014524E-004  5.255804795023552E-004
  4.941108492647570E-003  4.775641075623751E-003  4.827292821716782E-003
  4.957039357396727E-003  5.028618899808915E-003 -1.644924173348347E-004
  7.944653951017671E-004  2.156488275989868E-003  3.431577572006936E-003
  4.623035808062214E-003  5.492660584307556E-004  7.279205965970630E-004
  5.727048172216474E-002  0.531232506935978     
 Design variables:  7.197943874014524E-004  5.255804795023552E-004
  4.941108492647570E-003  4.775641075623751E-003  4.827292821716782E-003
  4.957039357396727E-003  5.028618899808915E-003 -1.644924173348347E-004
  7.944653951017671E-004  2.156488275989868E-003  3.431577572006936E-003
  4.623035808062214E-003  5.492660584307556E-004  7.279205965970630E-004
  5.727048172216474E-002  0.531232506935978     
 Constraint value, mean lift and its standard deviation: -2.107780314053086E-003
  0.617830410729143       1.572263041509040E-002
 Calc obj  7.197943874014524E-004  5.255804795023552E-004
  4.941108492647570E-003  4.775641075623751E-003  4.827292821716782E-003
  4.957039357396727E-003  5.028618899808915E-003 -1.644924173348347E-004
  7.944653951017671E-004  2.156488275989868E-003  3.431577572006936E-003
  4.623035808062214E-003  5.492660584307556E-004  7.279205965970630E-004
  5.727048172216474E-002  0.531232506935978     
 Design variables:  7.197943874014524E-004  5.255804795023552E-004
  4.941108492647570E-003  4.775641075623751E-003  4.827292821716782E-003
  4.957039357396727E-003  5.028618899808915E-003 -1.644924173348347E-004
  7.944653951017671E-004  2.156488275989868E-003  3.431577572006936E-003
  4.623035808062214E-003  5.492660584307556E-004  7.279205965970630E-004
  5.727048172216474E-002  0.531232506935978     
 Mean drag value and variance:  1.244537777502968E-003  3.755264043874190E-009
    4  0.1244542E-02  0.2430160E-01  0.1481406E-02  0.9289027E-03  0.3784785E-05
 Calc con  5.168932428117358E-004  4.212829967497812E-004
  7.223644634026955E-003  6.571201292695365E-003  6.937331457093426E-003
  7.875759154105993E-003  9.013968242008879E-003 -1.832265043383617E-004
  4.438201681847814E-003  6.569337832943646E-003  5.651336426352625E-003
  5.962883194534625E-003  4.275355545038429E-004  5.210017002202662E-004
  6.581017231621442E-002  0.266275109070806     
 Design variables:  5.168932428117358E-004  4.212829967497812E-004
  7.223644634026955E-003  6.571201292695365E-003  6.937331457093426E-003
  7.875759154105993E-003  9.013968242008879E-003 -1.832265043383617E-004
  4.438201681847814E-003  6.569337832943646E-003  5.651336426352625E-003
  5.962883194534625E-003  4.275355545038429E-004  5.210017002202662E-004
  6.581017231621442E-002  0.266275109070806     
 Constraint value, mean lift and its standard deviation: -4.620739180723164E-002
  0.658641500881375       1.243410907414378E-002
 Calc obj  5.168932428117358E-004  4.212829967497812E-004
  7.223644634026955E-003  6.571201292695365E-003  6.937331457093426E-003
  7.875759154105993E-003  9.013968242008879E-003 -1.832265043383617E-004
  4.438201681847814E-003  6.569337832943646E-003  5.651336426352625E-003
  5.962883194534625E-003  4.275355545038429E-004  5.210017002202662E-004
  6.581017231621442E-002  0.266275109070806     
 Design variables:  5.168932428117358E-004  4.212829967497812E-004
  7.223644634026955E-003  6.571201292695365E-003  6.937331457093426E-003
  7.875759154105993E-003  9.013968242008879E-003 -1.832265043383617E-004
  4.438201681847814E-003  6.569337832943646E-003  5.651336426352625E-003
  5.962883194534625E-003  4.275355545038429E-004  5.210017002202662E-004
  6.581017231621442E-002  0.266275109070806     
 Mean drag value and variance:  1.118972531557398E-003  2.147871655284867E-009
    5  0.1118975E-02  0.2649574E+00  0.4549237E-01  0.2632437E-02  0.2615626E-05
 Calc con  4.057709427061424E-004  3.334749668392324E-004
  6.608267739333314E-003  5.800802996612928E-003  6.296538187565220E-003
  7.445148285756360E-003  8.625103948203240E-003  9.861130193230309E-003
  9.985368892776281E-003  7.277319553139694E-003  5.443892847251098E-003
  5.114317945876859E-003  3.244576363642999E-004  4.044732585297365E-004
  6.261210408830291E-002  0.165438400118914     
 Design variables:  4.057709427061424E-004  3.334749668392324E-004
  6.608267739333314E-003  5.800802996612928E-003  6.296538187565220E-003
  7.445148285756360E-003  8.625103948203240E-003  9.861130193230309E-003
  9.985368892776281E-003  7.277319553139694E-003  5.443892847251098E-003
  5.114317945876859E-003  3.244576363642999E-004  4.044732585297365E-004
  6.261210408830291E-002  0.165438400118914     
 Constraint value, mean lift and its standard deviation: -4.239602412609111E-002
  0.654558563357873       1.216253923178157E-002
 Calc obj  4.057709427061424E-004  3.334749668392324E-004
  6.608267739333314E-003  5.800802996612928E-003  6.296538187565220E-003
  7.445148285756360E-003  8.625103948203240E-003  9.861130193230309E-003
  9.985368892776281E-003  7.277319553139694E-003  5.443892847251098E-003
  5.114317945876859E-003  3.244576363642999E-004  4.044732585297365E-004
  6.261210408830291E-002  0.165438400118914     
 Design variables:  4.057709427061424E-004  3.334749668392324E-004
  6.608267739333314E-003  5.800802996612928E-003  6.296538187565220E-003
  7.445148285756360E-003  8.625103948203240E-003  9.861130193230309E-003
  9.985368892776281E-003  7.277319553139694E-003  5.443892847251098E-003
  5.114317945876859E-003  3.244576363642999E-004  4.044732585297365E-004
  6.261210408830291E-002  0.165438400118914     
 Mean drag value and variance:  9.148076293747837E-004  1.616035329267912E-009
    6  0.9148092E-03  0.5161605E+00  0.4145897E-01  0.4852878E-02  0.5525228E-05
 Calc con  2.789100994055273E-004  2.165115202731154E-004
  5.483725661894903E-003  4.499304806625379E-003  4.839989251710254E-003
  6.108001947201118E-003  7.451979630683744E-003  5.376662783254375E-003
  6.955154151138657E-003  6.564285248021111E-003  5.570579978929250E-003
  5.081281666391817E-003  2.084558200922493E-004  2.754102378010424E-004
  6.891148065408069E-002  0.100317554652199     
 Design variables:  2.789100994055273E-004  2.165115202731154E-004
  5.483725661894903E-003  4.499304806625379E-003  4.839989251710254E-003
  6.108001947201118E-003  7.451979630683744E-003  5.376662783254375E-003
  6.955154151138657E-003  6.564285248021111E-003  5.570579978929250E-003
  5.081281666391817E-003  2.084558200922493E-004  2.754102378010424E-004
  6.891148065408069E-002  0.100317554652199     
 Constraint value, mean lift and its standard deviation: -3.682608192003822E-002
  0.648824635166506       1.199855324646759E-002
 Calc obj  2.789100994055273E-004  2.165115202731154E-004
  5.483725661894903E-003  4.499304806625379E-003  4.839989251710254E-003
  6.108001947201118E-003  7.451979630683744E-003  5.376662783254375E-003
  6.955154151138657E-003  6.564285248021111E-003  5.570579978929250E-003
  5.081281666391817E-003  2.084558200922493E-004  2.754102378010424E-004
  6.891148065408069E-002  0.100317554652199     
 Design variables:  2.789100994055273E-004  2.165115202731154E-004
  5.483725661894903E-003  4.499304806625379E-003  4.839989251710254E-003
  6.108001947201118E-003  7.451979630683744E-003  5.376662783254375E-003
  6.955154151138657E-003  6.564285248021111E-003  5.570579978929250E-003
  5.081281666391817E-003  2.084558200922493E-004  2.754102378010424E-004
  6.891148065408069E-002  0.100317554652199     
 Mean drag value and variance:  7.852724533036876E-004  9.893865676247371E-010
    7  0.7852734E-03  0.3437445E+00  0.3503393E-01  0.2264074E-02  0.1581762E-04
 Calc con  1.559101364449881E-004  1.290662603286167E-004
  4.977207029600610E-003  4.288925399933211E-003  4.808919034126519E-003
  6.069952823546608E-003  7.234493475420363E-003  5.018128373393439E-003
  6.218061408769995E-003  5.709807614542797E-003  4.742771279897574E-003
  4.419466162957843E-003  1.347014279336857E-004  1.532494889256851E-004
  6.666472004273782E-002  0.110164515437459     
 Design variables:  1.559101364449881E-004  1.290662603286167E-004
  4.977207029600610E-003  4.288925399933211E-003  4.808919034126519E-003
  6.069952823546608E-003  7.234493475420363E-003  5.018128373393439E-003
  6.218061408769995E-003  5.709807614542797E-003  4.742771279897574E-003
  4.419466162957843E-003  1.347014279336857E-004  1.532494889256851E-004
  6.666472004273782E-002  0.110164515437459     
 Constraint value, mean lift and its standard deviation: -4.803640707112715E-003
  0.616805628054993       1.200198734788070E-002
 Calc obj  1.559101364449881E-004  1.290662603286167E-004
  4.977207029600610E-003  4.288925399933211E-003  4.808919034126519E-003
  6.069952823546608E-003  7.234493475420363E-003  5.018128373393439E-003
  6.218061408769995E-003  5.709807614542797E-003  4.742771279897574E-003
  4.419466162957843E-003  1.347014279336857E-004  1.532494889256851E-004
  6.666472004273782E-002  0.110164515437459     
 Design variables:  1.559101364449881E-004  1.290662603286167E-004
  4.977207029600610E-003  4.288925399933211E-003  4.808919034126519E-003
  6.069952823546608E-003  7.234493475420363E-003  5.018128373393439E-003
  6.218061408769995E-003  5.709807614542797E-003  4.742771279897574E-003
  4.419466162957843E-003  1.347014279336857E-004  1.532494889256851E-004
  6.666472004273782E-002  0.110164515437459     
 Mean drag value and variance:  7.348353281372859E-004  9.771279693020541E-010
    8  0.7348363E-03  0.9846961E-02  0.5379174E-04  0.9788937E-02  0.7390714E-05
 Calc con  3.520201832729623E-004  2.765825623979563E-004
  8.454211989015664E-003  8.699428733345197E-003  9.014885372631742E-003
  8.990807437665161E-003  8.940459386515786E-003  8.149745194380484E-003
  7.751351028794664E-003  7.517830398236096E-003  7.739820160420981E-003
  8.734917477179461E-003  3.072104585486813E-004  3.471810125480497E-004
  5.194318889703806E-002  0.108966405527469     
 Design variables:  3.520201832729623E-004  2.765825623979563E-004
  8.454211989015664E-003  8.699428733345197E-003  9.014885372631742E-003
  8.990807437665161E-003  8.940459386515786E-003  8.149745194380484E-003
  7.751351028794664E-003  7.517830398236096E-003  7.739820160420981E-003
  8.734917477179461E-003  3.072104585486813E-004  3.471810125480497E-004
  5.194318889703806E-002  0.108966405527469     
 Constraint value, mean lift and its standard deviation: -2.618411535740463E-004
  0.612262314043651       1.200047289007692E-002
 Calc obj  3.520201832729623E-004  2.765825623979563E-004
  8.454211989015664E-003  8.699428733345197E-003  9.014885372631742E-003
  8.990807437665161E-003  8.940459386515786E-003  8.149745194380484E-003
  7.751351028794664E-003  7.517830398236096E-003  7.739820160420981E-003
  8.734917477179461E-003  3.072104585486813E-004  3.471810125480497E-004
  5.194318889703806E-002  0.108966405527469     
 Design variables:  3.520201832729623E-004  2.765825623979563E-004
  8.454211989015664E-003  8.699428733345197E-003  9.014885372631742E-003
  8.990807437665161E-003  8.940459386515786E-003  8.149745194380484E-003
  7.751351028794664E-003  7.517830398236096E-003  7.739820160420981E-003
  8.734917477179461E-003  3.072104585486813E-004  3.471810125480497E-004
  5.194318889703806E-002  0.108966405527469     
 Mean drag value and variance:  6.912641069392798E-004  9.065590190071392E-010
    9  0.6912650E-03  0.1472153E-01  0.2811397E-03  0.7620574E-03  0.2450717E-05
 Calc con  6.860746935115964E-004  5.772050711197697E-004
  8.919978156337625E-003  9.015768761573711E-003  9.236395345595521E-003
  9.350855378936047E-003  9.465197406668917E-003  7.801871081086312E-003
  7.343724073380129E-003  7.056870937080319E-003  7.545374441132302E-003
  8.792940791481985E-003  6.611145256404402E-004  6.703043798575283E-004
  5.078742295295167E-002  0.100834490900017     
 Design variables:  6.860746935115964E-004  5.772050711197697E-004
  8.919978156337625E-003  9.015768761573711E-003  9.236395345595521E-003
  9.350855378936047E-003  9.465197406668917E-003  7.801871081086312E-003
  7.343724073380129E-003  7.056870937080319E-003  7.545374441132302E-003
  8.792940791481985E-003  6.611145256404402E-004  6.703043798575283E-004
  5.078742295295167E-002  0.100834490900017     
 Constraint value, mean lift and its standard deviation: -4.020398563417092E-004
  0.612372758138901       1.197071828255911E-002
 Calc obj  6.860746935115964E-004  5.772050711197697E-004
  8.919978156337625E-003  9.015768761573711E-003  9.236395345595521E-003
  9.350855378936047E-003  9.465197406668917E-003  7.801871081086312E-003
  7.343724073380129E-003  7.056870937080319E-003  7.545374441132302E-003
  8.792940791481985E-003  6.611145256404402E-004  6.703043798575283E-004
  5.078742295295167E-002  0.100834490900017     
 Design variables:  6.860746935115964E-004  5.772050711197697E-004
  8.919978156337625E-003  9.015768761573711E-003  9.236395345595521E-003
  9.350855378936047E-003  9.465197406668917E-003  7.801871081086312E-003
  7.343724073380129E-003  7.056870937080319E-003  7.545374441132302E-003
  8.792940791481985E-003  6.611145256404402E-004  6.703043798575283E-004
  5.078742295295167E-002  0.100834490900017     
 Mean drag value and variance:  6.749843117487532E-004  7.865911818755673E-010
   10  0.6749851E-03  0.8131915E-02  0.4197372E-04  0.5599385E-03  0.7157174E-06
 Calc con  1.072829226524749E-003  1.038774294777283E-003
  9.674200189156627E-003  9.690806634654065E-003  9.781222583508348E-003
  9.853309970345997E-003  9.905458625451301E-003  7.248381434089815E-003
  6.366819229181839E-003  5.743673558964347E-003  7.825454077114059E-003
  9.453919229730511E-003  1.075406069861206E-003  1.059256332384721E-003
  4.893681656743143E-002  0.100203304542420     
 Design variables:  1.072829226524749E-003  1.038774294777283E-003
  9.674200189156627E-003  9.690806634654065E-003  9.781222583508348E-003
  9.853309970345997E-003  9.905458625451301E-003  7.248381434089815E-003
  6.366819229181839E-003  5.743673558964347E-003  7.825454077114059E-003
  9.453919229730511E-003  1.075406069861206E-003  1.059256332384721E-003
  4.893681656743143E-002  0.100203304542420     
 Constraint value, mean lift and its standard deviation: -1.268076599057200E-004
  0.612071189011589       1.194438135168349E-002
 Calc obj  1.072829226524749E-003  1.038774294777283E-003
  9.674200189156627E-003  9.690806634654065E-003  9.781222583508348E-003
  9.853309970345997E-003  9.905458625451301E-003  7.248381434089815E-003
  6.366819229181839E-003  5.743673558964347E-003  7.825454077114059E-003
  9.453919229730511E-003  1.075406069861206E-003  1.059256332384721E-003
  4.893681656743143E-002  0.100203304542420     
 Design variables:  1.072829226524749E-003  1.038774294777283E-003
  9.674200189156627E-003  9.690806634654065E-003  9.781222583508348E-003
  9.853309970345997E-003  9.905458625451301E-003  7.248381434089815E-003
  6.366819229181839E-003  5.743673558964347E-003  7.825454077114059E-003
  9.453919229730511E-003  1.075406069861206E-003  1.059256332384721E-003
  4.893681656743143E-002  0.100203304542420     
 Mean drag value and variance:  6.677824812776218E-004  7.664411545551174E-010
   11  0.6677832E-03  0.1850606E-02  0.4225646E-04  0.1292061E-03  0.1350156E-06
 Calc con  1.236301497698955E-003  1.236841428391736E-003
  9.966426937924136E-003  9.960955605944339E-003  9.973515080909382E-003
  9.984741605627956E-003  9.991483729275122E-003  7.753781091166356E-003
  6.398657459103657E-003  4.778902860379608E-003  8.603096404643054E-003
  9.897794152867425E-003  1.236083180837080E-003  1.236001298901934E-003
  4.749212239052274E-002  0.100007133050991     
 Design variables:  1.236301497698955E-003  1.236841428391736E-003
  9.966426937924136E-003  9.960955605944339E-003  9.973515080909382E-003
  9.984741605627956E-003  9.991483729275122E-003  7.753781091166356E-003
  6.398657459103657E-003  4.778902860379608E-003  8.603096404643054E-003
  9.897794152867425E-003  1.236083180837080E-003  1.236001298901934E-003
  4.749212239052274E-002  0.100007133050991     
 Constraint value, mean lift and its standard deviation: -6.554235060804783E-006
  0.611949459412623       1.194290517756202E-002
 Calc obj  1.236301497698955E-003  1.236841428391736E-003
  9.966426937924136E-003  9.960955605944339E-003  9.973515080909382E-003
  9.984741605627956E-003  9.991483729275122E-003  7.753781091166356E-003
  6.398657459103657E-003  4.778902860379608E-003  8.603096404643054E-003
  9.897794152867425E-003  1.236083180837080E-003  1.236001298901934E-003
  4.749212239052274E-002  0.100007133050991     
 Design variables:  1.236301497698955E-003  1.236841428391736E-003
  9.966426937924136E-003  9.960955605944339E-003  9.973515080909382E-003
  9.984741605627956E-003  9.991483729275122E-003  7.753781091166356E-003
  6.398657459103657E-003  4.778902860379608E-003  8.603096404643054E-003
  9.897794152867425E-003  1.236083180837080E-003  1.236001298901934E-003
  4.749212239052274E-002  0.100007133050991     
 Mean drag value and variance:  6.650839687145699E-004  7.680157538776125E-010
   12  0.6650847E-03  0.1444694E-02  0.1388294E-05  0.4184059E-04  0.1048506E-07
 Calc con  1.247907973390332E-003  1.247544147412083E-003
  9.995720973967110E-003  9.995726279575966E-003  9.996552439762857E-003
  9.997482554956102E-003  9.998204148153358E-003  7.953544987683411E-003
  6.532990508981175E-003  3.480508214802918E-003  9.796144141127868E-003
  9.991319105695472E-003  1.248006779653715E-003  1.247958915607874E-003
  4.720833411987522E-002  0.100002030867375     
 Design variables:  1.247907973390332E-003  1.247544147412083E-003
  9.995720973967110E-003  9.995726279575966E-003  9.996552439762857E-003
  9.997482554956102E-003  9.998204148153358E-003  7.953544987683411E-003
  6.532990508981175E-003  3.480508214802918E-003  9.796144141127868E-003
  9.991319105695472E-003  1.248006779653715E-003  1.247958915607874E-003
  4.720833411987522E-002  0.100002030867375     
 Constraint value, mean lift and its standard deviation:  1.671869056824732E-007
  0.611945840503205       1.194600769011081E-002
 Calc obj  1.247907973390332E-003  1.247544147412083E-003
  9.995720973967110E-003  9.995726279575966E-003  9.996552439762857E-003
  9.997482554956102E-003  9.998204148153358E-003  7.953544987683411E-003
  6.532990508981175E-003  3.480508214802918E-003  9.796144141127868E-003
  9.991319105695472E-003  1.248006779653715E-003  1.247958915607874E-003
  4.720833411987522E-002  0.100002030867375     
 Design variables:  1.247907973390332E-003  1.247544147412083E-003
  9.995720973967110E-003  9.995726279575966E-003  9.996552439762857E-003
  9.997482554956102E-003  9.998204148153358E-003  7.953544987683411E-003
  6.532990508981175E-003  3.480508214802918E-003  9.796144141127868E-003
  9.991319105695472E-003  1.248006779653715E-003  1.247958915607874E-003
  4.720833411987522E-002  0.100002030867375     
 Mean drag value and variance:  6.647812920167526E-004  7.662777528184989E-010
   13  0.6647821E-03  0.1298395E-02  0.1725805E-05  0.4016783E-04  0.3086598E-08
 Calc con  1.243624231328418E-003  1.242396175880019E-003
  9.985974980539396E-003  9.985797921068313E-003  9.988956591943815E-003
  9.992110294631255E-003  9.994425937400585E-003  9.796884936962361E-003
  8.390156975670722E-003 -1.668443903275540E-003  9.978559163041760E-003
  9.974634149344262E-003  1.243571156791344E-003  1.243398670174286E-003
  4.812107621561918E-002  0.100007208287385     
 Design variables:  1.243624231328418E-003  1.242396175880019E-003
  9.985974980539396E-003  9.985797921068313E-003  9.988956591943815E-003
  9.992110294631255E-003  9.994425937400585E-003  9.796884936962361E-003
  8.390156975670722E-003 -1.668443903275540E-003  9.978559163041760E-003
  9.974634149344262E-003  1.243571156791344E-003  1.243398670174286E-003
  4.812107621561918E-002  0.100007208287385     
 Constraint value, mean lift and its standard deviation: -4.393189348678161E-005
  0.611985809954254       1.194187806076713E-002
 Calc obj  1.243624231328418E-003  1.242396175880019E-003
  9.985974980539396E-003  9.985797921068313E-003  9.988956591943815E-003
  9.992110294631255E-003  9.994425937400585E-003  9.796884936962361E-003
  8.390156975670722E-003 -1.668443903275540E-003  9.978559163041760E-003
  9.974634149344262E-003  1.243571156791344E-003  1.243398670174286E-003
  4.812107621561918E-002  0.100007208287385     
 Design variables:  1.243624231328418E-003  1.242396175880019E-003
  9.985974980539396E-003  9.985797921068313E-003  9.988956591943815E-003
  9.992110294631255E-003  9.994425937400585E-003  9.796884936962361E-003
  8.390156975670722E-003 -1.668443903275540E-003  9.978559163041760E-003
  9.974634149344262E-003  1.243571156791344E-003  1.243398670174286E-003
  4.812107621561918E-002  0.100007208287385     
 Mean drag value and variance:  6.649683538837883E-004  7.661922866239619E-010
 Calc con  1.243624013616103E-003  1.242395998110739E-003
  9.985974596324309E-003  9.985797489841736E-003  9.988956295219741E-003
  9.992110134584276E-003  9.994425860194644E-003  9.796684331423340E-003
  8.393172134999833E-003 -1.676224351061632E-003  9.978434788687049E-003
  9.974631243497796E-003  1.243570994853176E-003  1.243398495517492E-003
  4.811801136340713E-002  0.100007208335564     
 Design variables:  1.243624013616103E-003  1.242395998110739E-003
  9.985974596324309E-003  9.985797489841736E-003  9.988956295219741E-003
  9.992110134584276E-003  9.994425860194644E-003  9.796684331423340E-003
  8.393172134999833E-003 -1.676224351061632E-003  9.978434788687049E-003
  9.974631243497796E-003  1.243570994853176E-003  1.243398495517492E-003
  4.811801136340713E-002  0.100007208335564     
 Constraint value, mean lift and its standard deviation: -5.222497381152796E-006
  0.611947075132037       1.194185263465559E-002
 Calc obj  1.243624013616103E-003  1.242395998110739E-003
  9.985974596324309E-003  9.985797489841736E-003  9.988956295219741E-003
  9.992110134584276E-003  9.994425860194644E-003  9.796684331423340E-003
  8.393172134999833E-003 -1.676224351061632E-003  9.978434788687049E-003
  9.974631243497796E-003  1.243570994853176E-003  1.243398495517492E-003
  4.811801136340713E-002  0.100007208335564     
 Design variables:  1.243624013616103E-003  1.242395998110739E-003
  9.985974596324309E-003  9.985797489841736E-003  9.988956295219741E-003
  9.992110134584276E-003  9.994425860194644E-003  9.796684331423340E-003
  8.393172134999833E-003 -1.676224351061632E-003  9.978434788687049E-003
  9.974631243497796E-003  1.243570994853176E-003  1.243398495517492E-003
  4.811801136340713E-002  0.100007208335564     
 Mean drag value and variance:  6.649875732219480E-004  7.630114580037693E-010
   14  0.6649883E-03  0.5148952E-02  0.2040489E-06  0.1091824E-03  0.9850878E-08
 Calc con  1.239016764930447E-003  1.236903473479235E-003
  9.975785632590006E-003  9.975514028966256E-003  9.980973137514049E-003
  9.986405853224032E-003  9.990393300707908E-003  7.779481232056337E-003
  7.898580859766455E-003  1.747824635555751E-003  9.775755156892050E-003
  9.956640626921890E-003  1.238868400815626E-003  1.238615463108166E-003
  4.761690281742805E-002  0.100012606144619     
 Design variables:  1.239016764930447E-003  1.236903473479235E-003
  9.975785632590006E-003  9.975514028966256E-003  9.980973137514049E-003
  9.986405853224032E-003  9.990393300707908E-003  7.779481232056337E-003
  7.898580859766455E-003  1.747824635555751E-003  9.775755156892050E-003
  9.956640626921890E-003  1.238868400815626E-003  1.238615463108166E-003
  4.761690281742805E-002  0.100012606144619     
 Constraint value, mean lift and its standard deviation: -2.727228058856286E-005
  0.611970125879876       1.194285359928700E-002
 Calc obj  1.239016764930447E-003  1.236903473479235E-003
  9.975785632590006E-003  9.975514028966256E-003  9.980973137514049E-003
  9.986405853224032E-003  9.990393300707908E-003  7.779481232056337E-003
  7.898580859766455E-003  1.747824635555751E-003  9.775755156892050E-003
  9.956640626921890E-003  1.238868400815626E-003  1.238615463108166E-003
  4.761690281742805E-002  0.100012606144619     
 Design variables:  1.239016764930447E-003  1.236903473479235E-003
  9.975785632590006E-003  9.975514028966256E-003  9.980973137514049E-003
  9.986405853224032E-003  9.990393300707908E-003  7.779481232056337E-003
  7.898580859766455E-003  1.747824635555751E-003  9.775755156892050E-003
  9.956640626921890E-003  1.238868400815626E-003  1.238615463108166E-003
  4.761690281742805E-002  0.100012606144619     
 Mean drag value and variance:  6.649199432727016E-004  7.676668289981104E-010
   15  0.6649207E-03  0.3424049E-02  0.1859840E-04  0.1691108E-04  0.1700126E-07
 Calc con  1.240893097862271E-003  1.239136000540708E-003
  9.979813799186278E-003  9.979531350541230E-003  9.984087055444728E-003
  9.988637067243421E-003  9.991977520805120E-003  7.523871255528980E-003
  8.502410405330483E-003  1.450409986757874E-003  9.828751083086824E-003
  9.963852443638715E-003  1.240722761320946E-003  1.240576324700995E-003
  4.754646462880027E-002  0.100010490474003     
 Design variables:  1.240893097862271E-003  1.239136000540708E-003
  9.979813799186278E-003  9.979531350541230E-003  9.984087055444728E-003
  9.988637067243421E-003  9.991977520805120E-003  7.523871255528980E-003
  8.502410405330483E-003  1.450409986757874E-003  9.828751083086824E-003
  9.963852443638715E-003  1.240722761320946E-003  1.240576324700995E-003
  4.754646462880027E-002  0.100010490474003     
 Constraint value, mean lift and its standard deviation: -7.753766703803844E-006
  0.611949958257043       1.194220449033968E-002
 Calc obj  1.240893097862271E-003  1.239136000540708E-003
  9.979813799186278E-003  9.979531350541230E-003  9.984087055444728E-003
  9.988637067243421E-003  9.991977520805120E-003  7.523871255528980E-003
  8.502410405330483E-003  1.450409986757874E-003  9.828751083086824E-003
  9.963852443638715E-003  1.240722761320946E-003  1.240576324700995E-003
  4.754646462880027E-002  0.100010490474003     
 Design variables:  1.240893097862271E-003  1.239136000540708E-003
  9.979813799186278E-003  9.979531350541230E-003  9.984087055444728E-003
  9.988637067243421E-003  9.991977520805120E-003  7.523871255528980E-003
  8.502410405330483E-003  1.450409986757874E-003  9.828751083086824E-003
  9.963852443638715E-003  1.240722761320946E-003  1.240576324700995E-003
  4.754646462880027E-002  0.100010490474003     
 Mean drag value and variance:  6.648808645880734E-004  7.700627946327226E-010
   16  0.6648816E-03  0.6038295E-03  0.5257529E-06  0.2188565E-04  0.1416557E-07
 Calc con  1.242202603809200E-003  1.240737390355163E-003
  9.982822696453664E-003  9.982642375691617E-003  9.986569440909849E-003
  9.990443023343653E-003  9.993266350019465E-003  6.888493449243684E-003
  9.999977224060246E-003  4.529182845765237E-004  9.848489096898012E-003
  9.969523711576703E-003  1.242077734564733E-003  1.241910401365250E-003
  4.759667366257201E-002  0.100008811616754     
 Design variables:  1.242202603809200E-003  1.240737390355163E-003
  9.982822696453664E-003  9.982642375691617E-003  9.986569440909849E-003
  9.990443023343653E-003  9.993266350019465E-003  6.888493449243684E-003
  9.999977224060246E-003  4.529182845765237E-004  9.848489096898012E-003
  9.969523711576703E-003  1.242077734564733E-003  1.241910401365250E-003
  4.759667366257201E-002  0.100008811616754     
 Constraint value, mean lift and its standard deviation: -6.278661853173148E-006
  0.611948733861708       1.194245519985485E-002
 Calc obj  1.242202603809200E-003  1.240737390355163E-003
  9.982822696453664E-003  9.982642375691617E-003  9.986569440909849E-003
  9.990443023343653E-003  9.993266350019465E-003  6.888493449243684E-003
  9.999977224060246E-003  4.529182845765237E-004  9.848489096898012E-003
  9.969523711576703E-003  1.242077734564733E-003  1.241910401365250E-003
  4.759667366257201E-002  0.100008811616754     
 Design variables:  1.242202603809200E-003  1.240737390355163E-003
  9.982822696453664E-003  9.982642375691617E-003  9.986569440909849E-003
  9.990443023343653E-003  9.993266350019465E-003  6.888493449243684E-003
  9.999977224060246E-003  4.529182845765237E-004  9.848489096898012E-003
  9.969523711576703E-003  1.242077734564733E-003  1.241910401365250E-003
  4.759667366257201E-002  0.100008811616754     
 Mean drag value and variance:  6.647593101150901E-004  7.646267436820241E-010
   17  0.6647601E-03  0.1499867E-02  0.2070024E-06  0.1083949E-04  0.1188302E-07
 Calc con  1.249724437414187E-003  1.249648812863153E-003
  9.999365643916187E-003  9.999329568135158E-003  9.999462846270098E-003
  9.999612385567160E-003  9.999727627033517E-003  6.930497817926544E-003
  9.971657339270915E-003  9.019549383614103E-005  9.995852324046560E-003
  9.998669092574557E-003  1.249707732925117E-003  1.249726209384961E-003
  4.762104764303039E-002  0.100000342239719     
 Design variables:  1.249724437414187E-003  1.249648812863153E-003
  9.999365643916187E-003  9.999329568135158E-003  9.999462846270098E-003
  9.999612385567160E-003  9.999727627033517E-003  6.930497817926544E-003
  9.971657339270915E-003  9.019549383614103E-005  9.995852324046560E-003
  9.998669092574557E-003  1.249707732925117E-003  1.249726209384961E-003
  4.762104764303039E-002  0.100000342239719     
 Constraint value, mean lift and its standard deviation:  4.759766988049474E-007
  0.611942704176414       1.194318015311244E-002
 Calc obj  1.249724437414187E-003  1.249648812863153E-003
  9.999365643916187E-003  9.999329568135158E-003  9.999462846270098E-003
  9.999612385567160E-003  9.999727627033517E-003  6.930497817926544E-003
  9.971657339270915E-003  9.019549383614103E-005  9.995852324046560E-003
  9.998669092574557E-003  1.249707732925117E-003  1.249726209384961E-003
  4.762104764303039E-002  0.100000342239719     
 Design variables:  1.249724437414187E-003  1.249648812863153E-003
  9.999365643916187E-003  9.999329568135158E-003  9.999462846270098E-003
  9.999612385567160E-003  9.999727627033517E-003  6.930497817926544E-003
  9.971657339270915E-003  9.019549383614103E-005  9.995852324046560E-003
  9.998669092574557E-003  1.249707732925117E-003  1.249726209384961E-003
  4.762104764303039E-002  0.100000342239719     
 Mean drag value and variance:  6.644054298155911E-004  7.520756593032482E-010
   18  0.6644062E-03  0.3627228E-03  0.7153159E-06  0.1528209E-03  0.4942561E-09
 Calc con  1.249880389442551E-003  1.249857888308862E-003
  9.999726296015945E-003  9.999726288258976E-003  9.999796142000462E-003
  9.999861125321618E-003  9.999906568250590E-003  6.979068211640545E-003
  9.999802970118862E-003 -7.117051791015439E-004  9.996902260120200E-003
  9.999424357370374E-003  1.249879425935821E-003  1.249875887375570E-003
  4.798064543331025E-002  0.100000124840909     
 Design variables:  1.249880389442551E-003  1.249857888308862E-003
  9.999726296015945E-003  9.999726288258976E-003  9.999796142000462E-003
  9.999861125321618E-003  9.999906568250590E-003  6.979068211640545E-003
  9.999802970118862E-003 -7.117051791015439E-004  9.996902260120200E-003
  9.999424357370374E-003  1.249879425935821E-003  1.249875887375570E-003
  4.798064543331025E-002  0.100000124840909     
 Constraint value, mean lift and its standard deviation: -4.400418589360980E-006
  0.611945992221073       1.194159180248337E-002
 Calc obj  1.249880389442551E-003  1.249857888308862E-003
  9.999726296015945E-003  9.999726288258976E-003  9.999796142000462E-003
  9.999861125321618E-003  9.999906568250590E-003  6.979068211640545E-003
  9.999802970118862E-003 -7.117051791015439E-004  9.996902260120200E-003
  9.999424357370374E-003  1.249879425935821E-003  1.249875887375570E-003
  4.798064543331025E-002  0.100000124840909     
 Design variables:  1.249880389442551E-003  1.249857888308862E-003
  9.999726296015945E-003  9.999726288258976E-003  9.999796142000462E-003
  9.999861125321618E-003  9.999906568250590E-003  6.979068211640545E-003
  9.999802970118862E-003 -7.117051791015439E-004  9.996902260120200E-003
  9.999424357370374E-003  1.249879425935821E-003  1.249875887375570E-003
  4.798064543331025E-002  0.100000124840909     
 Mean drag value and variance:  6.646496724964782E-004  7.685555439402848E-010
 Calc con  1.249880386895593E-003  1.249857885885825E-003
  9.999726290631099E-003  9.999726282596847E-003  9.999796138483379E-003
  9.999861123540068E-003  9.999906567432186E-003  6.978910509319540E-003
  9.999801658396514E-003 -7.125226892028891E-004  9.996902110663975E-003
  9.999424320631977E-003  1.249879423664321E-003  1.249875885220289E-003
  4.798047815130442E-002  0.100000124841285     
 Design variables:  1.249880386895593E-003  1.249857885885825E-003
  9.999726290631099E-003  9.999726282596847E-003  9.999796138483379E-003
  9.999861123540068E-003  9.999906567432186E-003  6.978910509319540E-003
  9.999801658396514E-003 -7.125226892028891E-004  9.996902110663975E-003
  9.999424320631977E-003  1.249879423664321E-003  1.249875885220289E-003
  4.798047815130442E-002  0.100000124841285     
 Constraint value, mean lift and its standard deviation: -3.679808967456746E-006
  0.611939978321975       1.193629851300767E-002
 Calc obj  1.249880386895593E-003  1.249857885885825E-003
  9.999726290631099E-003  9.999726282596847E-003  9.999796138483379E-003
  9.999861123540068E-003  9.999906567432186E-003  6.978910509319540E-003
  9.999801658396514E-003 -7.125226892028891E-004  9.996902110663975E-003
  9.999424320631977E-003  1.249879423664321E-003  1.249875885220289E-003
  4.798047815130442E-002  0.100000124841285     
 Design variables:  1.249880386895593E-003  1.249857885885825E-003
  9.999726290631099E-003  9.999726282596847E-003  9.999796138483379E-003
  9.999861123540068E-003  9.999906567432186E-003  6.978910509319540E-003
  9.999801658396514E-003 -7.125226892028891E-004  9.996902110663975E-003
  9.999424320631977E-003  1.249879423664321E-003  1.249875885220289E-003
  4.798047815130442E-002  0.100000124841285     
 Mean drag value and variance:  6.646733282484507E-004  7.674463754081515E-010
 Calc con  1.249880384773726E-003  1.249857883867196E-003
  9.999726286144992E-003  9.999726277879737E-003  9.999796135553303E-003
  9.999861122055861E-003  9.999906566750375E-003  6.978779127743629E-003
  9.999800565602518E-003 -7.132037556880758E-004  9.996901986152211E-003
  9.999424290025273E-003  1.249879421771937E-003  1.249875883424727E-003
  4.798033878890694E-002  0.100000124841598     
 Design variables:  1.249880384773726E-003  1.249857883867196E-003
  9.999726286144992E-003  9.999726277879737E-003  9.999796135553303E-003
  9.999861122055861E-003  9.999906566750375E-003  6.978779127743629E-003
  9.999800565602518E-003 -7.132037556880758E-004  9.996901986152211E-003
  9.999424290025273E-003  1.249879421771937E-003  1.249875883424727E-003
  4.798033878890694E-002  0.100000124841598     
 Constraint value, mean lift and its standard deviation: -9.804653655475642E-007
  0.611936107708417       1.193512724305158E-002
 Calc obj  1.249880384773726E-003  1.249857883867196E-003
  9.999726286144992E-003  9.999726277879737E-003  9.999796135553303E-003
  9.999861122055861E-003  9.999906566750375E-003  6.978779127743629E-003
  9.999800565602518E-003 -7.132037556880758E-004  9.996901986152211E-003
  9.999424290025273E-003  1.249879421771937E-003  1.249875883424727E-003
  4.798033878890694E-002  0.100000124841598     
 Design variables:  1.249880384773726E-003  1.249857883867196E-003
  9.999726286144992E-003  9.999726277879737E-003  9.999796135553303E-003
  9.999861122055861E-003  9.999906566750375E-003  6.978779127743629E-003
  9.999800565602518E-003 -7.132037556880758E-004  9.996901986152211E-003
  9.999424290025273E-003  1.249879421771937E-003  1.249875883424727E-003
  4.798033878890694E-002  0.100000124841598     
 Mean drag value and variance:  6.646556805903251E-004  7.689851454312659E-010
 Calc con  1.249880384244214E-003  1.249857883363447E-003
  9.999726285025485E-003  9.999726276702581E-003  9.999796134822101E-003
  9.999861121685476E-003  9.999906566580228E-003  6.978746341455064E-003
  9.999800292895641E-003 -7.133737159139160E-004  9.996901955080285E-003
  9.999424282387365E-003  1.249879421299692E-003  1.249875882976645E-003
  4.798030401100336E-002  0.100000124841676     
 Design variables:  1.249880384244214E-003  1.249857883363447E-003
  9.999726285025485E-003  9.999726276702581E-003  9.999796134822101E-003
  9.999861121685476E-003  9.999906566580228E-003  6.978746341455064E-003
  9.999800292895641E-003 -7.133737159139160E-004  9.996901955080285E-003
  9.999424282387365E-003  1.249879421299692E-003  1.249875882976645E-003
  4.798030401100336E-002  0.100000124841676     
 Constraint value, mean lift and its standard deviation:  1.476912183879034E-006
  0.611935753965265       1.193723087744891E-002
 Calc obj  1.249880384244214E-003  1.249857883363447E-003
  9.999726285025485E-003  9.999726276702581E-003  9.999796134822101E-003
  9.999861121685476E-003  9.999906566580228E-003  6.978746341455064E-003
  9.999800292895641E-003 -7.133737159139160E-004  9.996901955080285E-003
  9.999424282387365E-003  1.249879421299692E-003  1.249875882976645E-003
  4.798030401100336E-002  0.100000124841676     
 Design variables:  1.249880384244214E-003  1.249857883363447E-003
  9.999726285025485E-003  9.999726276702581E-003  9.999796134822101E-003
  9.999861121685476E-003  9.999906566580228E-003  6.978746341455064E-003
  9.999800292895641E-003 -7.133737159139160E-004  9.996901955080285E-003
  9.999424282387365E-003  1.249879421299692E-003  1.249875882976645E-003
  4.798030401100336E-002  0.100000124841676     
 Mean drag value and variance:  6.635597964073351E-004  7.457592677457628E-010
   19  0.6635605E-03  0.8019007E-03  0.1559754E-05  0.8482097E-03  0.1796590E-09
 Calc con  1.237718009496011E-003  1.235509892631165E-003
  9.973032138366089E-003  9.972895848743179E-003  9.979261184888248E-003
  9.985366853060958E-003  9.989742999088032E-003  7.448836496754629E-003
  9.222624729049125E-003 -3.400398435589350E-003  9.712312184927690E-003
  9.948799987009656E-003  1.237583257424409E-003  1.237260594373224E-003
  4.972543788625764E-002  0.100013388917022     
 Design variables:  1.237718009496011E-003  1.235509892631165E-003
  9.973032138366089E-003  9.972895848743179E-003  9.979261184888248E-003
  9.985366853060958E-003  9.989742999088032E-003  7.448836496754629E-003
  9.222624729049125E-003 -3.400398435589350E-003  9.712312184927690E-003
  9.948799987009656E-003  1.237583257424409E-003  1.237260594373224E-003
  4.972543788625764E-002  0.100013388917022     
 Constraint value, mean lift and its standard deviation: -5.994536471939232E-005
  0.611977979537552       1.191803417283247E-002
 Calc obj  1.237718009496011E-003  1.235509892631165E-003
  9.973032138366089E-003  9.972895848743179E-003  9.979261184888248E-003
  9.985366853060958E-003  9.989742999088032E-003  7.448836496754629E-003
  9.222624729049125E-003 -3.400398435589350E-003  9.712312184927690E-003
  9.948799987009656E-003  1.237583257424409E-003  1.237260594373224E-003
  4.972543788625764E-002  0.100013388917022     
 Design variables:  1.237718009496011E-003  1.235509892631165E-003
  9.973032138366089E-003  9.972895848743179E-003  9.979261184888248E-003
  9.985366853060958E-003  9.989742999088032E-003  7.448836496754629E-003
  9.222624729049125E-003 -3.400398435589350E-003  9.712312184927690E-003
  9.948799987009656E-003  1.237583257424409E-003  1.237260594373224E-003
  4.972543788625764E-002  0.100013388917022     
 Mean drag value and variance:  6.654063076283233E-004  7.737445501050731E-010
 Calc con  1.237717995262227E-003  1.235509880181592E-003
  9.973032109308187E-003  9.972895820019170E-003  9.979261168379385E-003
  9.985366845127991E-003  9.989742995544610E-003  7.446973670947736E-003
  9.222624645822464E-003 -3.410021923813809E-003  9.712310534629348E-003
  9.948799779159872E-003  1.237583245415343E-003  1.237260581795496E-003
  4.972347059286273E-002  0.100013388918721     
 Design variables:  1.237717995262227E-003  1.235509880181592E-003
  9.973032109308187E-003  9.972895820019170E-003  9.979261168379385E-003
  9.985366845127991E-003  9.989742995544610E-003  7.446973670947736E-003
  9.222624645822464E-003 -3.410021923813809E-003  9.712310534629348E-003
  9.948799779159872E-003  1.237583245415343E-003  1.237260581795496E-003
  4.972347059286273E-002  0.100013388918721     
 Constraint value, mean lift and its standard deviation: -1.068949600654436E-005
  0.611929002691309       1.191831319530238E-002
 Calc obj  1.237717995262227E-003  1.235509880181592E-003
  9.973032109308187E-003  9.972895820019170E-003  9.979261168379385E-003
  9.985366845127991E-003  9.989742995544610E-003  7.446973670947736E-003
  9.222624645822464E-003 -3.410021923813809E-003  9.712310534629348E-003
  9.948799779159872E-003  1.237583245415343E-003  1.237260581795496E-003
  4.972347059286273E-002  0.100013388918721     
 Design variables:  1.237717995262227E-003  1.235509880181592E-003
  9.973032109308187E-003  9.972895820019170E-003  9.979261168379385E-003
  9.985366845127991E-003  9.989742995544610E-003  7.446973670947736E-003
  9.222624645822464E-003 -3.410021923813809E-003  9.712310534629348E-003
  9.948799779159872E-003  1.237583245415343E-003  1.237260581795496E-003
  4.972347059286273E-002  0.100013388918721     
 Mean drag value and variance:  6.652924061596454E-004  7.778478040701222E-010
   20  0.6652932E-03  0.2687025E-02  0.1461496E-05  0.4590375E-03  0.1799462E-07
 Calc con  1.241504058832881E-003  1.239991081422868E-003
  9.981420920212463E-003  9.981550763659332E-003  9.986054439765272E-003
  9.990214237653519E-003  9.993141359945348E-003  7.546802496060280E-003
  9.337886088072905E-003 -3.292332467397944E-003  9.824941269491402E-003
  9.974787771383361E-003  1.240956362429178E-003  1.241043761866091E-003
  4.947319425384269E-002  0.100009233038541     
 Design variables:  1.241504058832881E-003  1.239991081422868E-003
  9.981420920212463E-003  9.981550763659332E-003  9.986054439765272E-003
  9.990214237653519E-003  9.993141359945348E-003  7.546802496060280E-003
  9.337886088072905E-003 -3.292332467397944E-003  9.824941269491402E-003
  9.974787771383361E-003  1.240956362429178E-003  1.241043761866091E-003
  4.947319425384269E-002  0.100009233038541     
 Constraint value, mean lift and its standard deviation: -5.070281468120760E-006
  0.611924425634432       1.191935535296407E-002
 Calc obj  1.241504058832881E-003  1.239991081422868E-003
  9.981420920212463E-003  9.981550763659332E-003  9.986054439765272E-003
  9.990214237653519E-003  9.993141359945348E-003  7.546802496060280E-003
  9.337886088072905E-003 -3.292332467397944E-003  9.824941269491402E-003
  9.974787771383361E-003  1.240956362429178E-003  1.241043761866091E-003
  4.947319425384269E-002  0.100009233038541     
 Design variables:  1.241504058832881E-003  1.239991081422868E-003
  9.981420920212463E-003  9.981550763659332E-003  9.986054439765272E-003
  9.990214237653519E-003  9.993141359945348E-003  7.546802496060280E-003
  9.337886088072905E-003 -3.292332467397944E-003  9.824941269491402E-003
  9.974787771383361E-003  1.240956362429178E-003  1.241043761866091E-003
  4.947319425384269E-002  0.100009233038541     
 Mean drag value and variance:  6.650536799503648E-004  7.752344205006728E-010
   21  0.6650545E-03  0.2502763E-03  0.1312630E-05  0.2084377E-03  0.1251314E-07
 Calc con  1.241564153841376E-003  1.240049108083080E-003
  9.981554714459067E-003  9.981553600363811E-003  9.985918155389666E-003
  9.990065605118120E-003  9.993026096281596E-003  7.731375432214967E-003
  9.650918652618920E-003 -2.819753403473950E-003  1.000000999780934E-002
  9.971755980368136E-003  1.241166442572953E-003  1.241174545130099E-003
  4.893870846398474E-002  0.100009335659650     
 Design variables:  1.241564153841376E-003  1.240049108083080E-003
  9.981554714459067E-003  9.981553600363811E-003  9.985918155389666E-003
  9.990065605118120E-003  9.993026096281596E-003  7.731375432214967E-003
  9.650918652618920E-003 -2.819753403473950E-003  1.000000999780934E-002
  9.971755980368136E-003  1.241166442572953E-003  1.241174545130099E-003
  4.893870846398474E-002  0.100009335659650     
 Constraint value, mean lift and its standard deviation: -2.799730993802291E-004
  0.612012555960074       1.173258286069333E-002
 Calc obj  1.241564153841376E-003  1.240049108083080E-003
  9.981554714459067E-003  9.981553600363811E-003  9.985918155389666E-003
  9.990065605118120E-003  9.993026096281596E-003  7.731375432214967E-003
  9.650918652618920E-003 -2.819753403473950E-003  1.000000999780934E-002
  9.971755980368136E-003  1.241166442572953E-003  1.241174545130099E-003
  4.893870846398474E-002  0.100009335659650     
 Design variables:  1.241564153841376E-003  1.240049108083080E-003
  9.981554714459067E-003  9.981553600363811E-003  9.985918155389666E-003
  9.990065605118120E-003  9.993026096281596E-003  7.731375432214967E-003
  9.650918652618920E-003 -2.819753403473950E-003  1.000000999780934E-002
  9.971755980368136E-003  1.241166442572953E-003  1.241174545130099E-003
  4.893870846398474E-002  0.100009335659650     
 Mean drag value and variance:  6.649650229344792E-004  7.713181178983997E-010
 Calc con  1.241552749358234E-003  1.240038474942844E-003
  9.981530477216260E-003  9.981530987512246E-003  9.985904491710188E-003
  9.990058117357734E-003  9.993021983815647E-003  7.728255164870005E-003
  9.650521404809289E-003 -2.819205311426657E-003  1.000000999780934E-002
  9.971630245105494E-003  1.241159662115491E-003  1.241162878779813E-003
  4.891873979968821E-002  0.100009337363792     
 Design variables:  1.241552749358234E-003  1.240038474942844E-003
  9.981530477216260E-003  9.981530987512246E-003  9.985904491710188E-003
  9.990058117357734E-003  9.993021983815647E-003  7.728255164870005E-003
  9.650521404809289E-003 -2.819205311426657E-003  1.000000999780934E-002
  9.971630245105494E-003  1.241159662115491E-003  1.241162878779813E-003
  4.891873979968821E-002  0.100009337363792     
 Constraint value, mean lift and its standard deviation:  1.448849120032729E-004
  0.611783092088497       1.192797700049998E-002
 Calc obj  1.241552749358234E-003  1.240038474942844E-003
  9.981530477216260E-003  9.981530987512246E-003  9.985904491710188E-003
  9.990058117357734E-003  9.993021983815647E-003  7.728255164870005E-003
  9.650521404809289E-003 -2.819205311426657E-003  1.000000999780934E-002
  9.971630245105494E-003  1.241159662115491E-003  1.241162878779813E-003
  4.891873979968821E-002  0.100009337363792     
 Design variables:  1.241552749358234E-003  1.240038474942844E-003
  9.981530477216260E-003  9.981530987512246E-003  9.985904491710188E-003
  9.990058117357734E-003  9.993021983815647E-003  7.728255164870005E-003
  9.650521404809289E-003 -2.819205311426657E-003  1.000000999780934E-002
  9.971630245105494E-003  1.241159662115491E-003  1.241162878779813E-003
  4.891873979968821E-002  0.100009337363792     
 Mean drag value and variance:  6.646821734663116E-004  7.725384586343220E-010
   22  0.6646829E-03  0.1025419E-02  0.1512793E-03  0.1400978E-03  0.1251314E-07
 Calc con  1.242069187490752E-003  1.240510292484045E-003
  9.982463799883566E-003  9.982203344750135E-003  9.986113240908936E-003
  9.990053085393819E-003  9.992958649136083E-003  7.851650521029976E-003
  9.968425084346184E-003 -1.425185190463608E-003  9.918633323973500E-003
  9.971526585428889E-003  1.241743633833159E-003  1.241767125563718E-003
  4.811084989178943E-002  0.100009214564151     
 Design variables:  1.242069187490752E-003  1.240510292484045E-003
  9.982463799883566E-003  9.982203344750135E-003  9.986113240908936E-003
  9.990053085393819E-003  9.992958649136083E-003  7.851650521029976E-003
  9.968425084346184E-003 -1.425185190463608E-003  9.918633323973500E-003
  9.971526585428889E-003  1.241743633833159E-003  1.241767125563718E-003
  4.811084989178943E-002  0.100009214564151     
 Constraint value, mean lift and its standard deviation: -4.814878463403269E-006
  0.611942956275713       1.193814139724989E-002
 Calc obj  1.242069187490752E-003  1.240510292484045E-003
  9.982463799883566E-003  9.982203344750135E-003  9.986113240908936E-003
  9.990053085393819E-003  9.992958649136083E-003  7.851650521029976E-003
  9.968425084346184E-003 -1.425185190463608E-003  9.918633323973500E-003
  9.971526585428889E-003  1.241743633833159E-003  1.241767125563718E-003
  4.811084989178943E-002  0.100009214564151     
 Design variables:  1.242069187490752E-003  1.240510292484045E-003
  9.982463799883566E-003  9.982203344750135E-003  9.986113240908936E-003
  9.990053085393819E-003  9.992958649136083E-003  7.851650521029976E-003
  9.968425084346184E-003 -1.425185190463608E-003  9.918633323973500E-003
  9.971526585428889E-003  1.241743633833159E-003  1.241767125563718E-003
  4.811084989178943E-002  0.100009214564151     
 Mean drag value and variance:  6.649891591729866E-004  7.676734226049626E-010
   23  0.6649899E-03  0.1394020E-02  0.1557360E-05  0.5393420E-04  0.1251314E-07
 Calc con  1.241790787394093E-003  1.240247911744223E-003
  9.981890333794445E-003  9.981705139418959E-003  9.985852453915284E-003
  9.989935785183443E-003  9.992907574432055E-003  7.488544225553740E-003
  9.814340716835209E-003 -5.668683145743992E-004  9.904809549360804E-003
  9.969870175293969E-003  1.241531756811264E-003  1.241456082439498E-003
  4.791362098502362E-002  0.100009291464649     
 Design variables:  1.241790787394093E-003  1.240247911744223E-003
  9.981890333794445E-003  9.981705139418959E-003  9.985852453915284E-003
  9.989935785183443E-003  9.992907574432055E-003  7.488544225553740E-003
  9.814340716835209E-003 -5.668683145743992E-004  9.904809549360804E-003
  9.969870175293969E-003  1.241531756811264E-003  1.241456082439498E-003
  4.791362098502362E-002  0.100009291464649     
 Constraint value, mean lift and its standard deviation: -4.503686890122358E-006
  0.611945781552155       1.194127786526519E-002
 Calc obj  1.241790787394093E-003  1.240247911744223E-003
  9.981890333794445E-003  9.981705139418959E-003  9.985852453915284E-003
  9.989935785183443E-003  9.992907574432055E-003  7.488544225553740E-003
  9.814340716835209E-003 -5.668683145743992E-004  9.904809549360804E-003
  9.969870175293969E-003  1.241531756811264E-003  1.241456082439498E-003
  4.791362098502362E-002  0.100009291464649     
 Design variables:  1.241790787394093E-003  1.240247911744223E-003
  9.981890333794445E-003  9.981705139418959E-003  9.985852453915284E-003
  9.989935785183443E-003  9.992907574432055E-003  7.488544225553740E-003
  9.814340716835209E-003 -5.668683145743992E-004  9.904809549360804E-003
  9.969870175293969E-003  1.241531756811264E-003  1.241456082439498E-003
  4.791362098502362E-002  0.100009291464649     
 Mean drag value and variance:  6.648751482753974E-004  7.526788936567940E-010
   24  0.6648759E-03  0.8583169E-03  0.1887690E-05  0.4015534E-04  0.1251314E-07
 Calc con  1.242044160586745E-003  1.240486954061528E-003
  9.982369876498609E-003  9.982091442074646E-003  9.986031756364384E-003
  9.990003686701479E-003  9.992933938425930E-003  6.945801714435498E-003
  9.599489635797437E-003  1.078682582101781E-003  9.866102071126499E-003
  9.968915597807179E-003  1.241901507129416E-003  1.241773217564643E-003
  4.743841313731220E-002  0.100010037565308     
 Design variables:  1.242044160586745E-003  1.240486954061528E-003
  9.982369876498609E-003  9.982091442074646E-003  9.986031756364384E-003
  9.990003686701479E-003  9.992933938425930E-003  6.945801714435498E-003
  9.599489635797437E-003  1.078682582101781E-003  9.866102071126499E-003
  9.968915597807179E-003  1.241901507129416E-003  1.241773217564643E-003
  4.743841313731220E-002  0.100010037565308     
 Constraint value, mean lift and its standard deviation: -1.009228252100806E-005
  0.611953369902281       1.194327761976012E-002
 Calc obj  1.242044160586745E-003  1.240486954061528E-003
  9.982369876498609E-003  9.982091442074646E-003  9.986031756364384E-003
  9.990003686701479E-003  9.992933938425930E-003  6.945801714435498E-003
  9.599489635797437E-003  1.078682582101781E-003  9.866102071126499E-003
  9.968915597807179E-003  1.241901507129416E-003  1.241773217564643E-003
  4.743841313731220E-002  0.100010037565308     
 Design variables:  1.242044160586745E-003  1.240486954061528E-003
  9.982369876498609E-003  9.982091442074646E-003  9.986031756364384E-003
  9.990003686701479E-003  9.992933938425930E-003  6.945801714435498E-003
  9.599489635797437E-003  1.078682582101781E-003  9.866102071126499E-003
  9.968915597807179E-003  1.241901507129416E-003  1.241773217564643E-003
  4.743841313731220E-002  0.100010037565308     
 Mean drag value and variance:  6.648074856589104E-004  7.661878977621857E-010
   25  0.6648083E-03  0.1645551E-02  0.3716798E-05  0.1133617E-03  0.1251314E-07
 Calc con  1.241953262290037E-003  1.240402408217520E-003
  9.982198016234999E-003  9.981954467874218E-003  9.985971024704119E-003
  9.989983263906431E-003  9.992928514715813E-003  7.106498581655566E-003
  9.422307527303686E-003  8.103085524654710E-004  9.855763851731855E-003
  9.968700916065106E-003  1.241794663623333E-003  1.241666025613477E-003
  4.759118049673252E-002  0.100009308030592     
 Design variables:  1.241953262290037E-003  1.240402408217520E-003
  9.982198016234999E-003  9.981954467874218E-003  9.985971024704119E-003
  9.989983263906431E-003  9.992928514715813E-003  7.106498581655566E-003
  9.422307527303686E-003  8.103085524654710E-004  9.855763851731855E-003
  9.968700916065106E-003  1.241794663623333E-003  1.241666025613477E-003
  4.759118049673252E-002  0.100009308030592     
 Constraint value, mean lift and its standard deviation: -1.053526118667547E-005
  0.611948363884098       1.193782862291180E-002
 Calc obj  1.241953262290037E-003  1.240402408217520E-003
  9.982198016234999E-003  9.981954467874218E-003  9.985971024704119E-003
  9.989983263906431E-003  9.992928514715813E-003  7.106498581655566E-003
  9.422307527303686E-003  8.103085524654710E-004  9.855763851731855E-003
  9.968700916065106E-003  1.241794663623333E-003  1.241666025613477E-003
  4.759118049673252E-002  0.100009308030592     
 Design variables:  1.241953262290037E-003  1.240402408217520E-003
  9.982198016234999E-003  9.981954467874218E-003  9.985971024704119E-003
  9.989983263906431E-003  9.992928514715813E-003  7.106498581655566E-003
  9.422307527303686E-003  8.103085524654710E-004  9.855763851731855E-003
  9.968700916065106E-003  1.241794663623333E-003  1.241666025613477E-003
  4.759118049673252E-002  0.100009308030592     
 Mean drag value and variance:  6.647566161484063E-004  7.600376825667206E-010
   26  0.6647574E-03  0.2683740E-03  0.4154072E-05  0.4504831E-05  0.1251314E-07
 Calc con  1.241963375912584E-003  1.240411923207861E-003
  9.982214599356991E-003  9.981965644913240E-003  9.985973962322035E-003
  9.989982497820070E-003  9.992926962830828E-003  7.102368572324843E-003
  9.391049490484787E-003  8.776611819828779E-004  9.851542109414349E-003
  9.968612159218685E-003  1.241810809279514E-003  1.241678962601675E-003
  4.757533627606644E-002  0.100009369686878     
 Design variables:  1.241963375912584E-003  1.240411923207861E-003
  9.982214599356991E-003  9.981965644913240E-003  9.985973962322035E-003
  9.989982497820070E-003  9.992926962830828E-003  7.102368572324843E-003
  9.391049490484787E-003  8.776611819828779E-004  9.851542109414349E-003
  9.968612159218685E-003  1.241810809279514E-003  1.241678962601675E-003
  4.757533627606644E-002  0.100009369686878     
 Constraint value, mean lift and its standard deviation: -3.258229950255792E-006
  0.611946465681368       1.194320745141800E-002
 Calc obj  1.241963375912584E-003  1.240411923207861E-003
  9.982214599356991E-003  9.981965644913240E-003  9.985973962322035E-003
  9.989982497820070E-003  9.992926962830828E-003  7.102368572324843E-003
  9.391049490484787E-003  8.776611819828779E-004  9.851542109414349E-003
  9.968612159218685E-003  1.241810809279514E-003  1.241678962601675E-003
  4.757533627606644E-002  0.100009369686878     
 Design variables:  1.241963375912584E-003  1.240411923207861E-003
  9.982214599356991E-003  9.981965644913240E-003  9.985973962322035E-003
  9.989982497820070E-003  9.992926962830828E-003  7.102368572324843E-003
  9.391049490484787E-003  8.776611819828779E-004  9.851542109414349E-003
  9.968612159218685E-003  1.241810809279514E-003  1.241678962601675E-003
  4.757533627606644E-002  0.100009369686878     
 Mean drag value and variance:  6.648310127795021E-004  7.653046718529133E-010
   27  0.6648318E-03  0.6735263E-04  0.3122434E-05  0.4989830E-04  0.1251314E-07
 
 The solution was found.
 
 The final value of the objective function is   6.648317780841740E-004
 
 The optimal values of X are:
 
 X  (           1 ) =   1.241963375912584E-003
 X  (           2 ) =   1.240411923207861E-003
 X  (           3 ) =   9.982214599356991E-003
 X  (           4 ) =   9.981965644913240E-003
 X  (           5 ) =   9.985973962322035E-003
 X  (           6 ) =   9.989982497820070E-003
 X  (           7 ) =   9.992926962830828E-003
 X  (           8 ) =   7.102368572324843E-003
 X  (           9 ) =   9.391049490484787E-003
 X  (          10 ) =   8.776611819828779E-004
 X  (          11 ) =   9.851542109414349E-003
 X  (          12 ) =   9.968612159218685E-003
 X  (          13 ) =   1.241810809279514E-003
 X  (          14 ) =   1.241678962601675E-003
 X  (          15 ) =    2.72586597753425     
 X  (          16 ) =   0.100009369686878     
 
 The multipliers for the equality constraints are:
 
 LAM(           1 ) =   1.958034119556618E-003
 
 Mean drag and its variance:  6.648310127795021E-004  7.653046718529133E-010
 Error setting an option
rank 0 in job 120  cfd2_53490   caused collective abort of all ranks
  exit status of rank 0: return code 174 
