 Calc con  0.000000000000000E+000  0.000000000000000E+000
  0.000000000000000E+000  0.000000000000000E+000  0.000000000000000E+000
  0.000000000000000E+000  0.000000000000000E+000  0.000000000000000E+000
  0.000000000000000E+000  0.000000000000000E+000  0.000000000000000E+000
  0.000000000000000E+000  0.000000000000000E+000  0.000000000000000E+000
  3.490658503988659E-002  0.560000000000000     
 Design variables:  0.000000000000000E+000  0.000000000000000E+000
  0.000000000000000E+000  0.000000000000000E+000  0.000000000000000E+000
  0.000000000000000E+000  0.000000000000000E+000  0.000000000000000E+000
  0.000000000000000E+000  0.000000000000000E+000  0.000000000000000E+000
  0.000000000000000E+000  0.000000000000000E+000  0.000000000000000E+000
  3.490658503988659E-002  0.560000000000000     
 Constraint value, mean lift and its standard deviation:  0.750251327999887     
  0.164709041152046       1.496036915193333E-002
 Calc obj  0.000000000000000E+000  0.000000000000000E+000
  0.000000000000000E+000  0.000000000000000E+000  0.000000000000000E+000
  0.000000000000000E+000  0.000000000000000E+000  0.000000000000000E+000
  0.000000000000000E+000  0.000000000000000E+000  0.000000000000000E+000
  0.000000000000000E+000  0.000000000000000E+000  0.000000000000000E+000
  3.490658503988659E-002  0.560000000000000     
 Design variables:  0.000000000000000E+000  0.000000000000000E+000
  0.000000000000000E+000  0.000000000000000E+000  0.000000000000000E+000
  0.000000000000000E+000  0.000000000000000E+000  0.000000000000000E+000
  0.000000000000000E+000  0.000000000000000E+000  0.000000000000000E+000
  0.000000000000000E+000  0.000000000000000E+000  0.000000000000000E+000
  3.490658503988659E-002  0.560000000000000     
 Mean drag value and variance:  6.590389440955764E-004  1.824926963080300E-009
 
 iter    objective      ||grad||        inf_pr          inf_du         lg(mu)
    0  0.6590408E-03  0.0000000E+00  0.7602513E+00  0.9958772E+00  0.1000000E+01
 Calc con  1.228554618527248E-003  8.708349564139569E-004
  4.899518097930156E-003  4.351092439507826E-003  3.887401804425873E-003
  3.463517480063339E-003  3.016369556645441E-003  3.581285645569379E-003
  3.964923544750118E-003  4.318127032651164E-003  4.713698076354501E-003
  5.207797476246098E-003  8.957483070185419E-004  1.237509900000000E-003
  6.748484075330144E-002  0.554994493518523     
