 Calc con  0.000000000000000E+000  0.000000000000000E+000
  0.000000000000000E+000  0.000000000000000E+000  0.000000000000000E+000
  0.000000000000000E+000  0.000000000000000E+000  0.000000000000000E+000
  0.000000000000000E+000  0.000000000000000E+000  0.000000000000000E+000
  0.000000000000000E+000  0.000000000000000E+000  0.000000000000000E+000
  3.490658503988659E-002  0.650000000000000     
 Design variables:  0.000000000000000E+000  0.000000000000000E+000
  0.000000000000000E+000  0.000000000000000E+000  0.000000000000000E+000
  0.000000000000000E+000  0.000000000000000E+000  0.000000000000000E+000
  0.000000000000000E+000  0.000000000000000E+000  0.000000000000000E+000
  0.000000000000000E+000  0.000000000000000E+000  0.000000000000000E+000
  3.490658503988659E-002  0.650000000000000     
 Constraint value, mean lift and its standard deviation:  0.293179508781150     
  0.324400911563832       1.758042034498183E-002
 Calc obj  0.000000000000000E+000  0.000000000000000E+000
  0.000000000000000E+000  0.000000000000000E+000  0.000000000000000E+000
  0.000000000000000E+000  0.000000000000000E+000  0.000000000000000E+000
  0.000000000000000E+000  0.000000000000000E+000  0.000000000000000E+000
  0.000000000000000E+000  0.000000000000000E+000  0.000000000000000E+000
  3.490658503988659E-002  0.650000000000000     
 Design variables:  0.000000000000000E+000  0.000000000000000E+000
  0.000000000000000E+000  0.000000000000000E+000  0.000000000000000E+000
  0.000000000000000E+000  0.000000000000000E+000  0.000000000000000E+000
  0.000000000000000E+000  0.000000000000000E+000  0.000000000000000E+000
  0.000000000000000E+000  0.000000000000000E+000  0.000000000000000E+000
  3.490658503988659E-002  0.650000000000000     
 Mean drag value and variance:  2.609313848520078E-003  6.170469642385515E-008
 
 iter    objective      ||grad||        inf_pr          inf_du         lg(mu)
    0  0.2609376E-02  0.0000000E+00  0.3031795E+00  0.9956238E+00  0.1000000E+01
 Calc con  7.623131598051830E-004  5.417847759895564E-004
  3.060689745512003E-003  2.720071861030952E-003  2.427302447556744E-003
  2.154296586576016E-003  1.862691247940810E-003  2.398451488744535E-003
  2.611476384707296E-003  2.791193222619143E-003  2.997506519147848E-003
  3.275304959300492E-003  5.575588482502826E-004  7.680939577655850E-004
  5.425576062806040E-002  0.663214958306673     
 Design variables:  7.623131598051830E-004  5.417847759895564E-004
  3.060689745512003E-003  2.720071861030952E-003  2.427302447556744E-003
  2.154296586576016E-003  1.862691247940810E-003  2.398451488744535E-003
  2.611476384707296E-003  2.791193222619143E-003  2.997506519147848E-003
  3.275304959300492E-003  5.575588482502826E-004  7.680939577655850E-004
  5.425576062806040E-002  0.663214958306673     
 Constraint value, mean lift and its standard deviation: -4.471945471342520E-002
  0.665697492707777       2.097803799435227E-002
 Calc obj  7.623131598051830E-004  5.417847759895564E-004
  3.060689745512003E-003  2.720071861030952E-003  2.427302447556744E-003
  2.154296586576016E-003  1.862691247940810E-003  2.398451488744535E-003
  2.611476384707296E-003  2.791193222619143E-003  2.997506519147848E-003
  3.275304959300492E-003  5.575588482502826E-004  7.680939577655850E-004
  5.425576062806040E-002  0.663214958306673     
 Design variables:  7.623131598051830E-004  5.417847759895564E-004
  3.060689745512003E-003  2.720071861030952E-003  2.427302447556744E-003
  2.154296586576016E-003  1.862691247940810E-003  2.398451488744535E-003
  2.611476384707296E-003  2.791193222619143E-003  2.997506519147848E-003
  3.275304959300492E-003  5.575588482502826E-004  7.680939577655850E-004
  5.425576062806040E-002  0.663214958306673     
 Mean drag value and variance:  6.637101598257067E-003  2.701283854494129E-006
    1  0.6639803E-02  0.2444180E-01  0.1027767E-01  0.6132286E+00  0.2569640E-01
 Calc con  7.080609646828469E-004  5.039371352837054E-004
  3.046602049476967E-003  2.720878727049500E-003  2.441275567158174E-003
  2.179626500426775E-003  1.897295310501476E-003  1.805974970427005E-003
  2.423648695259585E-003  3.025978404088274E-003  3.391771977430097E-003
  3.530414183730762E-003  5.187823520742859E-004  7.134448967514015E-004
  5.418314226620216E-002  0.658017527036250     
 Design variables:  7.080609646828469E-004  5.039371352837054E-004
  3.046602049476967E-003  2.720878727049500E-003  2.441275567158174E-003
  2.179626500426775E-003  1.897295310501476E-003  1.805974970427005E-003
  2.423648695259585E-003  3.025978404088274E-003  3.391771977430097E-003
  3.530414183730762E-003  5.187823520742859E-004  7.134448967514015E-004
  5.418314226620216E-002  0.658017527036250     
 Constraint value, mean lift and its standard deviation: -3.784869155549070E-002
  0.659667175561924       2.181848400643365E-002
 Calc obj  7.080609646828469E-004  5.039371352837054E-004
  3.046602049476967E-003  2.720878727049500E-003  2.441275567158174E-003
  2.179626500426775E-003  1.897295310501476E-003  1.805974970427005E-003
  2.423648695259585E-003  3.025978404088274E-003  3.391771977430097E-003
  3.530414183730762E-003  5.187823520742859E-004  7.134448967514015E-004
  5.418314226620216E-002  0.658017527036250     
 Design variables:  7.080609646828469E-004  5.039371352837054E-004
  3.046602049476967E-003  2.720878727049500E-003  2.441275567158174E-003
  2.179626500426775E-003  1.897295310501476E-003  1.805974970427005E-003
  2.423648695259585E-003  3.025978404088274E-003  3.391771977430097E-003
  3.530414183730762E-003  5.187823520742859E-004  7.134448967514015E-004
  5.418314226620216E-002  0.658017527036250     
 Mean drag value and variance:  5.893503111828585E-003  2.808264746146004E-006
    2  0.5896311E-02  0.5197431E-02  0.1789633E-02  0.9209381E-01  0.2011541E-02
 Calc con  5.861586946186057E-004  4.172102376776377E-004
  3.223297455785764E-003  2.878248929339440E-003  2.601613394269064E-003
  2.357503193144785E-003  2.096131322817981E-003 -1.253696486744607E-003
  4.622613600160493E-003  6.734424512510275E-003  6.265150065974213E-003
  5.006131110842245E-003  4.332006333974170E-004  5.889357882946449E-004
  5.618177308834428E-002  0.600580165370362     
 Design variables:  5.861586946186057E-004  4.172102376776377E-004
  3.223297455785764E-003  2.878248929339440E-003  2.601613394269064E-003
  2.357503193144785E-003  2.096131322817981E-003 -1.253696486744607E-003
  4.622613600160493E-003  6.734424512510275E-003  6.265150065974213E-003
  5.006131110842245E-003  4.332006333974170E-004  5.889357882946449E-004
  5.618177308834428E-002  0.600580165370362     
 Constraint value, mean lift and its standard deviation: -3.108370365606665E-002
  0.649420111533632       1.833640787756581E-002
 Calc obj  5.861586946186057E-004  4.172102376776377E-004
  3.223297455785764E-003  2.878248929339440E-003  2.601613394269064E-003
  2.357503193144785E-003  2.096131322817981E-003 -1.253696486744607E-003
  4.622613600160493E-003  6.734424512510275E-003  6.265150065974213E-003
  5.006131110842245E-003  4.332006333974170E-004  5.889357882946449E-004
  5.618177308834428E-002  0.600580165370362     
 Design variables:  5.861586946186057E-004  4.172102376776377E-004
  3.223297455785764E-003  2.878248929339440E-003  2.601613394269064E-003
  2.357503193144785E-003  2.096131322817981E-003 -1.253696486744607E-003
  4.622613600160493E-003  6.734424512510275E-003  6.265150065974213E-003
  5.006131110842245E-003  4.332006333974170E-004  5.889357882946449E-004
  5.618177308834428E-002  0.600580165370362     
 Mean drag value and variance:  4.580488425990161E-003  3.258125523823203E-008
    3  0.4580521E-02  0.5827292E-01  0.9676558E-03  0.1919152E+00  0.4599312E-03
 Calc con  4.827664056795027E-004  3.440451812911823E-004
  3.998802148387262E-003  3.620572684673130E-003  3.303722663544268E-003
  3.013840784159475E-003  2.694713887274637E-003 -8.180823641227978E-005
  4.887903853472594E-003  6.626844443231810E-003  6.219865807380293E-003
  5.200896537908556E-003  3.600207991654931E-004  4.848097944961035E-004
  5.338466733810755E-002  0.602846669250524     
 Design variables:  4.827664056795027E-004  3.440451812911823E-004
  3.998802148387262E-003  3.620572684673130E-003  3.303722663544268E-003
  3.013840784159475E-003  2.694713887274637E-003 -8.180823641227978E-005
  4.887903853472594E-003  6.626844443231810E-003  6.219865807380293E-003
  5.200896537908556E-003  3.600207991654931E-004  4.848097944961035E-004
  5.338466733810755E-002  0.602846669250524     
 Constraint value, mean lift and its standard deviation: -2.370781844105999E-002
  0.642008000288745       1.830018184768486E-002
 Calc obj  4.827664056795027E-004  3.440451812911823E-004
  3.998802148387262E-003  3.620572684673130E-003  3.303722663544268E-003
  3.013840784159475E-003  2.694713887274637E-003 -8.180823641227978E-005
  4.887903853472594E-003  6.626844443231810E-003  6.219865807380293E-003
  5.200896537908556E-003  3.600207991654931E-004  4.848097944961035E-004
  5.338466733810755E-002  0.602846669250524     
 Design variables:  4.827664056795027E-004  3.440451812911823E-004
  3.998802148387262E-003  3.620572684673130E-003  3.303722663544268E-003
  3.013840784159475E-003  2.694713887274637E-003 -8.180823641227978E-005
  4.887903853472594E-003  6.626844443231810E-003  6.219865807380293E-003
  5.200896537908556E-003  3.600207991654931E-004  4.848097944961035E-004
  5.338466733810755E-002  0.602846669250524     
 Mean drag value and variance:  4.460886944850556E-003  3.160823855925717E-008
    4  0.4460919E-02  0.7999862E-02  0.3436793E-03  0.4903560E-02  0.1413633E-03
 Calc con  5.679107041772838E-004  4.135746053300354E-004
  6.535755872785607E-003  6.104112747136800E-003  5.759553744573528E-003
  5.465388727818697E-003  5.143781564881763E-003  6.667875599970779E-003
  6.306569971269802E-003  7.453322371810727E-003  7.614386733166799E-003
  7.549236876291223E-003  4.343903119586762E-004  5.619274484155129E-004
  3.938814910851774E-002  0.606178738503851     
 Design variables:  5.679107041772838E-004  4.135746053300354E-004
  6.535755872785607E-003  6.104112747136800E-003  5.759553744573528E-003
  5.465388727818697E-003  5.143781564881763E-003  6.667875599970779E-003
  6.306569971269802E-003  7.453322371810727E-003  7.614386733166799E-003
  7.549236876291223E-003  4.343903119586762E-004  5.619274484155129E-004
  3.938814910851774E-002  0.606178738503851     
 Constraint value, mean lift and its standard deviation: -2.318462442281791E-003
  0.620847852704854       1.852939026257188E-002
 Calc obj  5.679107041772838E-004  4.135746053300354E-004
  6.535755872785607E-003  6.104112747136800E-003  5.759553744573528E-003
  5.465388727818697E-003  5.143781564881763E-003  6.667875599970779E-003
  6.306569971269802E-003  7.453322371810727E-003  7.614386733166799E-003
  7.549236876291223E-003  4.343903119586762E-004  5.619274484155129E-004
  3.938814910851774E-002  0.606178738503851     
 Design variables:  5.679107041772838E-004  4.135746053300354E-004
  6.535755872785607E-003  6.104112747136800E-003  5.759553744573528E-003
  5.465388727818697E-003  5.143781564881763E-003  6.667875599970779E-003
  6.306569971269802E-003  7.453322371810727E-003  7.614386733166799E-003
  7.549236876291223E-003  4.343903119586762E-004  5.619274484155129E-004
  3.938814910851774E-002  0.606178738503851     
 Mean drag value and variance:  4.185424750915921E-003  2.738012934422589E-008
    5  0.4185452E-02  0.1810782E-01  0.3625215E-02  0.8366869E-02  0.2523480E-04
 Calc con  8.083188316902616E-004  6.601459120175553E-004
  8.008747449990833E-003  7.691086728878077E-003  7.441479446688441E-003
  7.246483343531892E-003  7.048905902523286E-003  8.863578448025093E-003
  7.694171841545232E-003  8.041577153594437E-003  8.278773293312159E-003
  8.570147017079624E-003  6.951670113997132E-004  8.068330312762145E-004
  3.288783720906405E-002  0.600334944962761     
 Design variables:  8.083188316902616E-004  6.601459120175553E-004
  8.008747449990833E-003  7.691086728878077E-003  7.441479446688441E-003
  7.246483343531892E-003  7.048905902523286E-003  8.863578448025093E-003
  7.694171841545232E-003  8.041577153594437E-003  8.278773293312159E-003
  8.570147017079624E-003  6.951670113997132E-004  8.068330312762145E-004
  3.288783720906405E-002  0.600334944962761     
 Constraint value, mean lift and its standard deviation: -1.055211124000900E-003
  0.619304121899417       1.824891077541609E-002
 Calc obj  8.083188316902616E-004  6.601459120175553E-004
  8.008747449990833E-003  7.691086728878077E-003  7.441479446688441E-003
  7.246483343531892E-003  7.048905902523286E-003  8.863578448025093E-003
  7.694171841545232E-003  8.041577153594437E-003  8.278773293312159E-003
  8.570147017079624E-003  6.951670113997132E-004  8.068330312762145E-004
  3.288783720906405E-002  0.600334944962761     
 Design variables:  8.083188316902616E-004  6.601459120175553E-004
  8.008747449990833E-003  7.691086728878077E-003  7.441479446688441E-003
  7.246483343531892E-003  7.048905902523286E-003  8.863578448025093E-003
  7.694171841545232E-003  8.041577153594437E-003  8.278773293312159E-003
  8.570147017079624E-003  6.951670113997132E-004  8.068330312762145E-004
  3.288783720906405E-002  0.600334944962761     
 Mean drag value and variance:  4.184137522633626E-003  2.565590792142516E-008
    6  0.4184163E-02  0.6500312E-02  0.8305272E-03  0.1100321E-01  0.4419404E-05
 Calc con  3.221058859651004E-004  7.331354222634659E-005
  8.279554591976686E-003  8.146963888349091E-003  8.052770406881127E-003
  7.990880464591546E-003  7.939158090533784E-003  8.429415742585156E-003
  9.976951618415452E-003  9.165815947350792E-003  7.826310874636500E-003
  7.699729073388344E-003  1.066767721506881E-004  2.908746224257104E-004
  3.131919544177317E-002  0.620639435326454     
 Design variables:  3.221058859651004E-004  7.331354222634659E-005
  8.279554591976686E-003  8.146963888349091E-003  8.052770406881127E-003
  7.990880464591546E-003  7.939158090533784E-003  8.429415742585156E-003
  9.976951618415452E-003  9.165815947350792E-003  7.826310874636500E-003
  7.699729073388344E-003  1.066767721506881E-004  2.908746224257104E-004
  3.131919544177317E-002  0.620639435326454     
 Constraint value, mean lift and its standard deviation: -5.371622305681195E-003
  0.625082122282536       1.971049997685451E-002
 Calc obj  3.221058859651004E-004  7.331354222634659E-005
  8.279554591976686E-003  8.146963888349091E-003  8.052770406881127E-003
  7.990880464591546E-003  7.939158090533784E-003  8.429415742585156E-003
  9.976951618415452E-003  9.165815947350792E-003  7.826310874636500E-003
  7.699729073388344E-003  1.066767721506881E-004  2.908746224257104E-004
  3.131919544177317E-002  0.620639435326454     
 Design variables:  3.221058859651004E-004  7.331354222634659E-005
  8.279554591976686E-003  8.146963888349091E-003  8.052770406881127E-003
  7.990880464591546E-003  7.939158090533784E-003  8.429415742585156E-003
  9.976951618415452E-003  9.165815947350792E-003  7.826310874636500E-003
  7.699729073388344E-003  1.066767721506881E-004  2.908746224257104E-004
  3.131919544177317E-002  0.620639435326454     
 Mean drag value and variance:  4.410497023643802E-003  5.683284752060452E-008
 Calc con  3.215567497552540E-004  7.246805786908334E-005
  8.268900281941745E-003  8.134322966356619E-003  8.038946303946462E-003
  7.976602956218494E-003  7.924915202997205E-003  8.437442005941716E-003
  9.976951618415452E-003  9.148105648447265E-003  7.804792178266204E-003
  7.687594461309201E-003  1.058007876880788E-004  2.903585784847149E-004
  3.128587482196766E-002  0.620572142006711     
 Design variables:  3.215567497552540E-004  7.246805786908334E-005
  8.268900281941745E-003  8.134322966356619E-003  8.038946303946462E-003
  7.976602956218494E-003  7.924915202997205E-003  8.437442005941716E-003
  9.976951618415452E-003  9.148105648447265E-003  7.804792178266204E-003
  7.687594461309201E-003  1.058007876880788E-004  2.903585784847149E-004
  3.128587482196766E-002  0.620572142006711     
 Constraint value, mean lift and its standard deviation: -4.133134217271538E-003
  0.624054056630506       1.992092241323432E-002
 Calc obj  3.215567497552540E-004  7.246805786908334E-005
  8.268900281941745E-003  8.134322966356619E-003  8.038946303946462E-003
  7.976602956218494E-003  7.924915202997205E-003  8.437442005941716E-003
  9.976951618415452E-003  9.148105648447265E-003  7.804792178266204E-003
  7.687594461309201E-003  1.058007876880788E-004  2.903585784847149E-004
  3.128587482196766E-002  0.620572142006711     
 Design variables:  3.215567497552540E-004  7.246805786908334E-005
  8.268900281941745E-003  8.134322966356619E-003  8.038946303946462E-003
  7.976602956218494E-003  7.924915202997205E-003  8.437442005941716E-003
  9.976951618415452E-003  9.148105648447265E-003  7.804792178266204E-003
  7.687594461309201E-003  1.058007876880788E-004  2.903585784847149E-004
  3.128587482196766E-002  0.620572142006711     
 Mean drag value and variance:  4.372879698530834E-003  8.418239674594556E-008
    7  0.4372964E-02  0.2168644E-01  0.4056432E-03  0.5199091E-01  0.2842249E-04
 Calc con  6.822302341883948E-004  4.229886397786421E-004
  8.862306842002701E-003  8.721615977088284E-003  8.615373905187511E-003
  8.541995847105712E-003  8.482729504871778E-003  9.439734104528055E-003
  9.691927242962842E-003  9.122456169591484E-003  7.860760882330231E-003
  8.205461724599452E-003  4.754849619291380E-004  6.733831201789271E-004
  2.837752164475609E-002  0.616225985705526     
 Design variables:  6.822302341883948E-004  4.229886397786421E-004
  8.862306842002701E-003  8.721615977088284E-003  8.615373905187511E-003
  8.541995847105712E-003  8.482729504871778E-003  9.439734104528055E-003
  9.691927242962842E-003  9.122456169591484E-003  7.860760882330231E-003
  8.205461724599452E-003  4.754849619291380E-004  6.733831201789271E-004
  2.837752164475609E-002  0.616225985705526     
 Constraint value, mean lift and its standard deviation: -1.101452020273931E-003
  0.620444116305604       1.934266428532990E-002
 Calc obj  6.822302341883948E-004  4.229886397786421E-004
  8.862306842002701E-003  8.721615977088284E-003  8.615373905187511E-003
  8.541995847105712E-003  8.482729504871778E-003  9.439734104528055E-003
  9.691927242962842E-003  9.122456169591484E-003  7.860760882330231E-003
  8.205461724599452E-003  4.754849619291380E-004  6.733831201789271E-004
  2.837752164475609E-002  0.616225985705526     
 Design variables:  6.822302341883948E-004  4.229886397786421E-004
  8.862306842002701E-003  8.721615977088284E-003  8.615373905187511E-003
  8.541995847105712E-003  8.482729504871778E-003  9.439734104528055E-003
  9.691927242962842E-003  9.122456169591484E-003  7.860760882330231E-003
  8.205461724599452E-003  4.754849619291380E-004  6.733831201789271E-004
  2.837752164475609E-002  0.616225985705526     
 Mean drag value and variance:  4.248462627944264E-003  9.544503177582326E-008
    8  0.4248558E-02  0.4346156E-02  0.1467011E-04  0.3572695E-01  0.5743811E-05
 Calc con  1.172116827803356E-003  1.147464938257249E-003
  9.724176744342760E-003  9.617491872080745E-003  9.510663393132857E-003
  9.417981497791619E-003  9.331071471295501E-003  9.994407241045281E-003
  9.750436439786261E-003  9.254047249269265E-003  8.000994841562799E-003
  9.219978496887951E-003  1.162696209252551E-003  1.184327004372363E-003
  2.505172979039104E-002  0.601894536727614     
 Design variables:  1.172116827803356E-003  1.147464938257249E-003
  9.724176744342760E-003  9.617491872080745E-003  9.510663393132857E-003
  9.417981497791619E-003  9.331071471295501E-003  9.994407241045281E-003
  9.750436439786261E-003  9.254047249269265E-003  8.000994841562799E-003
  9.219978496887951E-003  1.162696209252551E-003  1.184327004372363E-003
  2.505172979039104E-002  0.601894536727614     
 Constraint value, mean lift and its standard deviation:  1.031855785135274E-004
  0.618272501108136       1.837568668665002E-002
 Calc obj  1.172116827803356E-003  1.147464938257249E-003
  9.724176744342760E-003  9.617491872080745E-003  9.510663393132857E-003
  9.417981497791619E-003  9.331071471295501E-003  9.994407241045281E-003
  9.750436439786261E-003  9.254047249269265E-003  8.000994841562799E-003
  9.219978496887951E-003  1.162696209252551E-003  1.184327004372363E-003
  2.505172979039104E-002  0.601894536727614     
 Design variables:  1.172116827803356E-003  1.147464938257249E-003
  9.724176744342760E-003  9.617491872080745E-003  9.510663393132857E-003
  9.417981497791619E-003  9.331071471295501E-003  9.994407241045281E-003
  9.750436439786261E-003  9.254047249269265E-003  8.000994841562799E-003
  9.219978496887951E-003  1.162696209252551E-003  1.184327004372363E-003
  2.505172979039104E-002  0.601894536727614     
 Mean drag value and variance:  4.189460472035555E-003  2.640620540655361E-008
    9  0.4189487E-02  0.1461863E-01  0.5224379E-03  0.1815130E-01  0.2149966E-05
 Calc con  1.042803156633815E-003  9.493004597836644E-004
  9.531033440156449E-003  9.476170829666819E-003  9.430364695769702E-003
  9.385231862213596E-003  9.330852037260135E-003  9.743525932078790E-003
  9.786562938817554E-003  9.859824520641764E-003  8.377505331032490E-003
  9.156388651743471E-003  9.637473611476898E-004  1.035600971643511E-003
  2.566728528169283E-002  0.600360580966469     
 Design variables:  1.042803156633815E-003  9.493004597836644E-004
  9.531033440156449E-003  9.476170829666819E-003  9.430364695769702E-003
  9.385231862213596E-003  9.330852037260135E-003  9.743525932078790E-003
  9.786562938817554E-003  9.859824520641764E-003  8.377505331032490E-003
  9.156388651743471E-003  9.637473611476898E-004  1.035600971643511E-003
  2.566728528169283E-002  0.600360580966469     
 Constraint value, mean lift and its standard deviation: -8.542205999913753E-004
  0.619106252559718       1.825203195972639E-002
 Calc obj  1.042803156633815E-003  9.493004597836644E-004
  9.531033440156449E-003  9.476170829666819E-003  9.430364695769702E-003
  9.385231862213596E-003  9.330852037260135E-003  9.743525932078790E-003
  9.786562938817554E-003  9.859824520641764E-003  8.377505331032490E-003
  9.156388651743471E-003  9.637473611476898E-004  1.035600971643511E-003
  2.566728528169283E-002  0.600360580966469     
 Design variables:  1.042803156633815E-003  9.493004597836644E-004
  9.531033440156449E-003  9.476170829666819E-003  9.430364695769702E-003
  9.385231862213596E-003  9.330852037260135E-003  9.743525932078790E-003
  9.786562938817554E-003  9.859824520641764E-003  8.377505331032490E-003
  9.156388651743471E-003  9.637473611476898E-004  1.035600971643511E-003
  2.566728528169283E-002  0.600360580966469     
 Mean drag value and variance:  4.212835270989273E-003  2.626424460577633E-008
   10  0.4212862E-02  0.1533956E-02  0.6824218E-04  0.2359376E-01  0.5465990E-05
 Calc con  1.104518278530512E-003  1.035730690742156E-003
  9.672668322129954E-003  9.633515906911600E-003  9.604677920045246E-003
  9.581982314229409E-003  9.559568181380094E-003  9.795326426564544E-003
  9.828830327810454E-003  9.871062028293087E-003  9.983784953310326E-003
  9.651265744744312E-003  1.052965909468329E-003  1.103008310423526E-003
  2.366659806073311E-002  0.600325476498477     
 Design variables:  1.104518278530512E-003  1.035730690742156E-003
  9.672668322129954E-003  9.633515906911600E-003  9.604677920045246E-003
  9.581982314229409E-003  9.559568181380094E-003  9.795326426564544E-003
  9.828830327810454E-003  9.871062028293087E-003  9.983784953310326E-003
  9.651265744744312E-003  1.052965909468329E-003  1.103008310423526E-003
  2.366659806073311E-002  0.600325476498477     
 Constraint value, mean lift and its standard deviation:  1.877454997685872E-004
  0.618156695195744       1.834444069551240E-002
 Calc obj  1.104518278530512E-003  1.035730690742156E-003
  9.672668322129954E-003  9.633515906911600E-003  9.604677920045246E-003
  9.581982314229409E-003  9.559568181380094E-003  9.795326426564544E-003
  9.828830327810454E-003  9.871062028293087E-003  9.983784953310326E-003
  9.651265744744312E-003  1.052965909468329E-003  1.103008310423526E-003
  2.366659806073311E-002  0.600325476498477     
 Design variables:  1.104518278530512E-003  1.035730690742156E-003
  9.672668322129954E-003  9.633515906911600E-003  9.604677920045246E-003
  9.581982314229409E-003  9.559568181380094E-003  9.795326426564544E-003
  9.828830327810454E-003  9.871062028293087E-003  9.983784953310326E-003
  9.651265744744312E-003  1.052965909468329E-003  1.103008310423526E-003
  2.366659806073311E-002  0.600325476498477     
 Mean drag value and variance:  4.225838101180930E-003  2.595920565692358E-008
 Calc con  1.103891392032670E-003  1.034853751240410E-003
  9.671298487495681E-003  9.632027380577448E-003  9.603026218677823E-003
  9.580056955545542E-003  9.557206466750567E-003  9.794504971181450E-003
  9.828305606930009E-003  9.871396288225120E-003  9.983784953310326E-003
  9.649332988416562E-003  1.051973450292369E-003  1.102223470259820E-003
  2.372010547355106E-002  0.600325719641580     
 Design variables:  1.103891392032670E-003  1.034853751240410E-003
  9.671298487495681E-003  9.632027380577448E-003  9.603026218677823E-003
  9.580056955545542E-003  9.557206466750567E-003  9.794504971181450E-003
  9.828305606930009E-003  9.871396288225120E-003  9.983784953310326E-003
  9.649332988416562E-003  1.051973450292369E-003  1.102223470259820E-003
  2.372010547355106E-002  0.600325719641580     
 Constraint value, mean lift and its standard deviation: -2.057605818025603E-004
  0.618489027466169       1.828326688436642E-002
 Calc obj  1.103891392032670E-003  1.034853751240410E-003
  9.671298487495681E-003  9.632027380577448E-003  9.603026218677823E-003
  9.580056955545542E-003  9.557206466750567E-003  9.794504971181450E-003
  9.828305606930009E-003  9.871396288225120E-003  9.983784953310326E-003
  9.649332988416562E-003  1.051973450292369E-003  1.102223470259820E-003
  2.372010547355106E-002  0.600325719641580     
 Design variables:  1.103891392032670E-003  1.034853751240410E-003
  9.671298487495681E-003  9.632027380577448E-003  9.603026218677823E-003
  9.580056955545542E-003  9.557206466750567E-003  9.794504971181450E-003
  9.828305606930009E-003  9.871396288225120E-003  9.983784953310326E-003
  9.649332988416562E-003  1.051973450292369E-003  1.102223470259820E-003
  2.372010547355106E-002  0.600325719641580     
 Mean drag value and variance:  4.226229091768641E-003  2.528903103722637E-008
 Calc con  1.103884786594043E-003  1.034844511018969E-003
  9.671284053688865E-003  9.632011696128383E-003  9.603008814870197E-003
  9.580036668238888E-003  9.557181581606143E-003  9.794496315590465E-003
  9.828300077999994E-003  9.871399810287680E-003  9.983784953310326E-003
  9.649312623161703E-003  1.051962992851989E-003  1.102215200479643E-003
  2.372066927566272E-002  0.600325722203554     
 Design variables:  1.103884786594043E-003  1.034844511018969E-003
  9.671284053688865E-003  9.632011696128383E-003  9.603008814870197E-003
  9.580036668238888E-003  9.557181581606143E-003  9.794496315590465E-003
  9.828300077999994E-003  9.871399810287680E-003  9.983784953310326E-003
  9.649312623161703E-003  1.051962992851989E-003  1.102215200479643E-003
  2.372066927566272E-002  0.600325722203554     
 Constraint value, mean lift and its standard deviation: -5.951516902732990E-005
  0.618369609627602       1.831009445857459E-002
 Calc obj  1.103884786594043E-003  1.034844511018969E-003
  9.671284053688865E-003  9.632011696128383E-003  9.603008814870197E-003
  9.580036668238888E-003  9.557181581606143E-003  9.794496315590465E-003
  9.828300077999994E-003  9.871399810287680E-003  9.983784953310326E-003
  9.649312623161703E-003  1.051962992851989E-003  1.102215200479643E-003
  2.372066927566272E-002  0.600325722203554     
 Design variables:  1.103884786594043E-003  1.034844511018969E-003
  9.671284053688865E-003  9.632011696128383E-003  9.603008814870197E-003
  9.580036668238888E-003  9.557181581606143E-003  9.794496315590465E-003
  9.828300077999994E-003  9.871399810287680E-003  9.983784953310326E-003
  9.649312623161703E-003  1.051962992851989E-003  1.102215200479643E-003
  2.372066927566272E-002  0.600325722203554     
 Mean drag value and variance:  4.229009974025408E-003  2.478533456881790E-008
 Calc con  1.073660717582163E-003  9.925155752629100E-004
  9.601850881143202E-003  9.554843368289209E-003  9.517521307907473E-003
  9.483607088221503E-003  9.445210109320114E-003  9.769426179321666E-003
  9.807696633314003E-003  9.865443274467426E-003  9.180645142171408E-003
  9.403827198243892E-003  1.008356635308010E-003  1.069304641033518E-003
  2.466694167121297E-002  0.600343028732473     
 Design variables:  1.073660717582163E-003  9.925155752629100E-004
  9.601850881143202E-003  9.554843368289209E-003  9.517521307907473E-003
  9.483607088221503E-003  9.445210109320114E-003  9.769426179321666E-003
  9.807696633314003E-003  9.865443274467426E-003  9.180645142171408E-003
  9.403827198243892E-003  1.008356635308010E-003  1.069304641033518E-003
  2.466694167121297E-002  0.600343028732473     
 Constraint value, mean lift and its standard deviation: -3.684599556451167E-004
  0.618643552279985       1.827509232433959E-002
 Calc obj  1.073660717582163E-003  9.925155752629100E-004
  9.601850881143202E-003  9.554843368289209E-003  9.517521307907473E-003
  9.483607088221503E-003  9.445210109320114E-003  9.769426179321666E-003
  9.807696633314003E-003  9.865443274467426E-003  9.180645142171408E-003
  9.403827198243892E-003  1.008356635308010E-003  1.069304641033518E-003
  2.466694167121297E-002  0.600343028732473     
 Design variables:  1.073660717582163E-003  9.925155752629100E-004
  9.601850881143202E-003  9.554843368289209E-003  9.517521307907473E-003
  9.483607088221503E-003  9.445210109320114E-003  9.769426179321666E-003
  9.807696633314003E-003  9.865443274467426E-003  9.180645142171408E-003
  9.403827198243892E-003  1.008356635308010E-003  1.069304641033518E-003
  2.466694167121297E-002  0.600343028732473     
 Mean drag value and variance:  4.219375965944403E-003  2.529025758490517E-008
 Calc con  1.058231937107989E-003  9.709080175232872E-004
  9.566442160649825E-003  9.515507098978014E-003  9.473943001838589E-003
  9.434419475217549E-003  9.388031073290126E-003  9.756476055700229E-003
  9.797129786065778E-003  9.862633897554594E-003  8.779075236601949E-003
  9.280107924993682E-003  9.860519982278497E-004  1.052452806338515E-003
  2.516711347645290E-002  0.600351804849471     
 Design variables:  1.058231937107989E-003  9.709080175232872E-004
  9.566442160649825E-003  9.515507098978014E-003  9.473943001838589E-003
  9.434419475217549E-003  9.388031073290126E-003  9.756476055700229E-003
  9.797129786065778E-003  9.862633897554594E-003  8.779075236601949E-003
  9.280107924993682E-003  9.860519982278497E-004  1.052452806338515E-003
  2.516711347645290E-002  0.600351804849471     
 Constraint value, mean lift and its standard deviation: -4.018715969839222E-004
  0.618782296524071       1.838042492708756E-002
 Calc obj  1.058231937107989E-003  9.709080175232872E-004
  9.566442160649825E-003  9.515507098978014E-003  9.473943001838589E-003
  9.434419475217549E-003  9.388031073290126E-003  9.756476055700229E-003
  9.797129786065778E-003  9.862633897554594E-003  8.779075236601949E-003
  9.280107924993682E-003  9.860519982278497E-004  1.052452806338515E-003
  2.516711347645290E-002  0.600351804849471     
 Design variables:  1.058231937107989E-003  9.709080175232872E-004
  9.566442160649825E-003  9.515507098978014E-003  9.473943001838589E-003
  9.434419475217549E-003  9.388031073290126E-003  9.756476055700229E-003
  9.797129786065778E-003  9.862633897554594E-003  8.779075236601949E-003
  9.280107924993682E-003  9.860519982278497E-004  1.052452806338515E-003
  2.516711347645290E-002  0.600351804849471     
 Mean drag value and variance:  4.214575793155600E-003  2.541779508761631E-008
 Calc con  1.050517546870902E-003  9.601042386534758E-004
  9.548737800403138E-003  9.495838964322417E-003  9.452153848804145E-003
  9.409825668715573E-003  9.359441555275129E-003  9.750000993889509E-003
  9.791846362441667E-003  9.861229209098179E-003  8.578290283817219E-003
  9.218248288368577E-003  9.748996796877697E-004  1.044026888991013E-003
  2.541719937907286E-002  0.600356192907970     
 Design variables:  1.050517546870902E-003  9.601042386534758E-004
  9.548737800403138E-003  9.495838964322417E-003  9.452153848804145E-003
  9.409825668715573E-003  9.359441555275129E-003  9.750000993889509E-003
  9.791846362441667E-003  9.861229209098179E-003  8.578290283817219E-003
  9.218248288368577E-003  9.748996796877697E-004  1.044026888991013E-003
  2.541719937907286E-002  0.600356192907970     
 Constraint value, mean lift and its standard deviation: -6.585791816068713E-004
  0.618931233730376       1.827265454876888E-002
 Calc obj  1.050517546870902E-003  9.601042386534758E-004
  9.548737800403138E-003  9.495838964322417E-003  9.452153848804145E-003
  9.409825668715573E-003  9.359441555275129E-003  9.750000993889509E-003
  9.791846362441667E-003  9.861229209098179E-003  8.578290283817219E-003
  9.218248288368577E-003  9.748996796877697E-004  1.044026888991013E-003
  2.541719937907286E-002  0.600356192907970     
 Design variables:  1.050517546870902E-003  9.601042386534758E-004
  9.548737800403138E-003  9.495838964322417E-003  9.452153848804145E-003
  9.409825668715573E-003  9.359441555275129E-003  9.750000993889509E-003
  9.791846362441667E-003  9.861229209098179E-003  8.578290283817219E-003
  9.218248288368577E-003  9.748996796877697E-004  1.044026888991013E-003
  2.541719937907286E-002  0.600356192907970     
 Mean drag value and variance:  4.215299565359564E-003  2.595361494489058E-008
 Calc con  1.046660351752358E-003  9.547023492185701E-004
  9.539885620279792E-003  9.486004896994617E-003  9.441259272286924E-003
  9.397528765464585E-003  9.345146796267632E-003  9.746763462984150E-003
  9.789204650629610E-003  9.860526864869972E-003  8.477897807424854E-003
  9.187318470056023E-003  9.693235204177298E-004  1.039813930317262E-003
  2.554224233038285E-002  0.600358386937219     
 Design variables:  1.046660351752358E-003  9.547023492185701E-004
  9.539885620279792E-003  9.486004896994617E-003  9.441259272286924E-003
  9.397528765464585E-003  9.345146796267632E-003  9.746763462984150E-003
  9.789204650629610E-003  9.860526864869972E-003  8.477897807424854E-003
  9.187318470056023E-003  9.693235204177298E-004  1.039813930317262E-003
  2.554224233038285E-002  0.600358386937219     
 Constraint value, mean lift and its standard deviation:  1.707725745672551E-002
  0.614466535369673       3.154379282639897E-002
 Calc obj  1.046660351752358E-003  9.547023492185701E-004
  9.539885620279792E-003  9.486004896994617E-003  9.441259272286924E-003
  9.397528765464585E-003  9.345146796267632E-003  9.746763462984150E-003
  9.789204650629610E-003  9.860526864869972E-003  8.477897807424854E-003
  9.187318470056023E-003  9.693235204177298E-004  1.039813930317262E-003
  2.554224233038285E-002  0.600358386937219     
 Design variables:  1.046660351752358E-003  9.547023492185701E-004
  9.539885620279792E-003  9.486004896994617E-003  9.441259272286924E-003
  9.397528765464585E-003  9.345146796267632E-003  9.746763462984150E-003
  9.789204650629610E-003  9.860526864869972E-003  8.477897807424854E-003
  9.187318470056023E-003  9.693235204177298E-004  1.039813930317262E-003
  2.554224233038285E-002  0.600358386937219     
 Mean drag value and variance:  4.209534256792955E-003  2.790642001398555E-008
   11  0.4209562E-02  0.3320862E-02  0.1797375E-01  0.3192109E-01  0.8769322E-06
 Calc con  1.136542156168880E-003  1.058128904893483E-003
  9.772496724167992E-003  9.688344662036885E-003  9.619143118732130E-003
  9.560488119325970E-003  9.497982200324528E-003  9.834268044339933E-003
  9.640691319270899E-003  9.879434857312413E-003  9.595795601521490E-003
  9.897187954076561E-003  1.080361974013942E-003  1.128134611159900E-003
  2.561166383189751E-002  0.600078828719866     
 Design variables:  1.136542156168880E-003  1.058128904893483E-003
  9.772496724167992E-003  9.688344662036885E-003  9.619143118732130E-003
  9.560488119325970E-003  9.497982200324528E-003  9.834268044339933E-003
  9.640691319270899E-003  9.879434857312413E-003  9.595795601521490E-003
  9.897187954076561E-003  1.080361974013942E-003  1.128134611159900E-003
  2.561166383189751E-002  0.600078828719866     
 Constraint value, mean lift and its standard deviation: -1.664582290779777E-002
  0.635148998280996       1.850317537319817E-002
 Calc obj  1.136542156168880E-003  1.058128904893483E-003
  9.772496724167992E-003  9.688344662036885E-003  9.619143118732130E-003
  9.560488119325970E-003  9.497982200324528E-003  9.834268044339933E-003
  9.640691319270899E-003  9.879434857312413E-003  9.595795601521490E-003
  9.897187954076561E-003  1.080361974013942E-003  1.128134611159900E-003
  2.561166383189751E-002  0.600078828719866     
 Design variables:  1.136542156168880E-003  1.058128904893483E-003
  9.772496724167992E-003  9.688344662036885E-003  9.619143118732130E-003
  9.560488119325970E-003  9.497982200324528E-003  9.834268044339933E-003
  9.640691319270899E-003  9.879434857312413E-003  9.595795601521490E-003
  9.897187954076561E-003  1.080361974013942E-003  1.128134611159900E-003
  2.561166383189751E-002  0.600078828719866     
 Mean drag value and variance:  4.337897500922409E-003  2.728190983415218E-008
   12  0.4337925E-02  0.1117898E-02  0.1650749E-01  0.1116162E-01  0.1877302E-05
 Calc con  1.057636753779562E-003  9.446112608718301E-004
  9.572157537137773E-003  9.436522686075109E-003  9.333837048284183E-003
  9.265363160516949E-003  9.214410126360803E-003  9.718002131799523E-003
  8.737868814098654E-003  9.739883434807094E-003  9.160579355441836E-003
  9.662735669814423E-003  9.779157231476366E-004  1.047820752101687E-003
  2.558872333910603E-002  0.600214952889918     
 Design variables:  1.057636753779562E-003  9.446112608718301E-004
  9.572157537137773E-003  9.436522686075109E-003  9.333837048284183E-003
  9.265363160516949E-003  9.214410126360803E-003  9.718002131799523E-003
  8.737868814098654E-003  9.739883434807094E-003  9.160579355441836E-003
  9.662735669814423E-003  9.779157231476366E-004  1.047820752101687E-003
  2.558872333910603E-002  0.600214952889918     
 Constraint value, mean lift and its standard deviation: -8.908255540718175E-004
  0.619149439190924       1.825861363685256E-002
 Calc obj  1.057636753779562E-003  9.446112608718301E-004
  9.572157537137773E-003  9.436522686075109E-003  9.333837048284183E-003
  9.265363160516949E-003  9.214410126360803E-003  9.718002131799523E-003
  8.737868814098654E-003  9.739883434807094E-003  9.160579355441836E-003
  9.662735669814423E-003  9.779157231476366E-004  1.047820752101687E-003
  2.558872333910603E-002  0.600214952889918     
 Design variables:  1.057636753779562E-003  9.446112608718301E-004
  9.572157537137773E-003  9.436522686075109E-003  9.333837048284183E-003
  9.265363160516949E-003  9.214410126360803E-003  9.718002131799523E-003
  8.737868814098654E-003  9.739883434807094E-003  9.160579355441836E-003
  9.662735669814423E-003  9.779157231476366E-004  1.047820752101687E-003
  2.558872333910603E-002  0.600214952889918     
 Mean drag value and variance:  4.190474164101332E-003  2.462970137919696E-008
   13  0.4190499E-02  0.9028225E-03  0.5633382E-03  0.2938140E-01  0.1877302E-05
 Calc con  1.059256429523983E-003  9.870156152254953E-004
  9.517303849702870E-003  9.443959085964277E-003  9.402578793531869E-003
  9.392053860425567E-003  9.396550683704664E-003  9.499064646728258E-003
  8.786142641164906E-003  9.337885470925780E-003  1.000000842413504E-002
  9.092141841215999E-003  1.011962267650822E-003  1.051388659412536E-003
  2.554874741572899E-002  0.600232228314174     
 Design variables:  1.059256429523983E-003  9.870156152254953E-004
  9.517303849702870E-003  9.443959085964277E-003  9.402578793531869E-003
  9.392053860425567E-003  9.396550683704664E-003  9.499064646728258E-003
  8.786142641164906E-003  9.337885470925780E-003  1.000000842413504E-002
  9.092141841215999E-003  1.011962267650822E-003  1.051388659412536E-003
  2.554874741572899E-002  0.600232228314174     
 Constraint value, mean lift and its standard deviation: -7.777828637597732E-004
  0.619051226261312       1.827344339755251E-002
 Calc obj  1.059256429523983E-003  9.870156152254953E-004
  9.517303849702870E-003  9.443959085964277E-003  9.402578793531869E-003
  9.392053860425567E-003  9.396550683704664E-003  9.499064646728258E-003
  8.786142641164906E-003  9.337885470925780E-003  1.000000842413504E-002
  9.092141841215999E-003  1.011962267650822E-003  1.051388659412536E-003
  2.554874741572899E-002  0.600232228314174     
 Design variables:  1.059256429523983E-003  9.870156152254953E-004
  9.517303849702870E-003  9.443959085964277E-003  9.402578793531869E-003
  9.392053860425567E-003  9.396550683704664E-003  9.499064646728258E-003
  8.786142641164906E-003  9.337885470925780E-003  1.000000842413504E-002
  9.092141841215999E-003  1.011962267650822E-003  1.051388659412536E-003
  2.554874741572899E-002  0.600232228314174     
 Mean drag value and variance:  4.175548208502322E-003  2.489061080108903E-008
   14  0.4175573E-02  0.1162107E-02  0.4023053E-03  0.2489013E-01  0.1877302E-05
 Calc con  1.100694110038136E-003  1.042052458464962E-003
  9.643777534880734E-003  9.578001207883427E-003  9.547275552385394E-003
  9.553113333385693E-003  9.578562693267612E-003  9.268361180942587E-003
  8.315403573681752E-003  9.337085627632304E-003  9.668238083930837E-003
  9.368068306437211E-003  1.063846412808352E-003  1.092229701425520E-003
  2.543525295914516E-002  0.600102087427238     
 Design variables:  1.100694110038136E-003  1.042052458464962E-003
  9.643777534880734E-003  9.578001207883427E-003  9.547275552385394E-003
  9.553113333385693E-003  9.578562693267612E-003  9.268361180942587E-003
  8.315403573681752E-003  9.337085627632304E-003  9.668238083930837E-003
  9.368068306437211E-003  1.063846412808352E-003  1.092229701425520E-003
  2.543525295914516E-002  0.600102087427238     
 Constraint value, mean lift and its standard deviation: -9.232112911808713E-005
  0.618365136598063       1.827281546894540E-002
 Calc obj  1.100694110038136E-003  1.042052458464962E-003
  9.643777534880734E-003  9.578001207883427E-003  9.547275552385394E-003
  9.553113333385693E-003  9.578562693267612E-003  9.268361180942587E-003
  8.315403573681752E-003  9.337085627632304E-003  9.668238083930837E-003
  9.368068306437211E-003  1.063846412808352E-003  1.092229701425520E-003
  2.543525295914516E-002  0.600102087427238     
 Design variables:  1.100694110038136E-003  1.042052458464962E-003
  9.643777534880734E-003  9.578001207883427E-003  9.547275552385394E-003
  9.553113333385693E-003  9.578562693267612E-003  9.268361180942587E-003
  8.315403573681752E-003  9.337085627632304E-003  9.668238083930837E-003
  9.368068306437211E-003  1.063846412808352E-003  1.092229701425520E-003
  2.543525295914516E-002  0.600102087427238     
 Mean drag value and variance:  4.143002815493767E-003  2.359858783454867E-008
   15  0.4143026E-02  0.4707391E-03  0.1032062E-03  0.2478477E-01  0.8210955E-06
 Calc con  1.102183540158106E-003  1.047295340515322E-003
  9.631514111675248E-003  9.593764510870888E-003  9.588118069166844E-003
  9.604099628114916E-003  9.627368218569229E-003  7.912271916784088E-003
  9.310227563760289E-003  9.729037538574358E-003  9.580971123040022E-003
  9.993690583064372E-003  1.072538929164711E-003  1.108222631211966E-003
  2.488927100609982E-002  0.600186246627387     
 Design variables:  1.102183540158106E-003  1.047295340515322E-003
  9.631514111675248E-003  9.593764510870888E-003  9.588118069166844E-003
  9.604099628114916E-003  9.627368218569229E-003  7.912271916784088E-003
  9.310227563760289E-003  9.729037538574358E-003  9.580971123040022E-003
  9.993690583064372E-003  1.072538929164711E-003  1.108222631211966E-003
  2.488927100609982E-002  0.600186246627387     
 Constraint value, mean lift and its standard deviation: -3.354353372179084E-004
  0.618642272437244       1.830683710002646E-002
 Calc obj  1.102183540158106E-003  1.047295340515322E-003
  9.631514111675248E-003  9.593764510870888E-003  9.588118069166844E-003
  9.604099628114916E-003  9.627368218569229E-003  7.912271916784088E-003
  9.310227563760289E-003  9.729037538574358E-003  9.580971123040022E-003
  9.993690583064372E-003  1.072538929164711E-003  1.108222631211966E-003
  2.488927100609982E-002  0.600186246627387     
 Design variables:  1.102183540158106E-003  1.047295340515322E-003
  9.631514111675248E-003  9.593764510870888E-003  9.588118069166844E-003
  9.604099628114916E-003  9.627368218569229E-003  7.912271916784088E-003
  9.310227563760289E-003  9.729037538574358E-003  9.580971123040022E-003
  9.993690583064372E-003  1.072538929164711E-003  1.108222631211966E-003
  2.488927100609982E-002  0.600186246627387     
 Mean drag value and variance:  4.142042422611318E-003  2.409578308300834E-008
   16  0.4142067E-02  0.1834228E-02  0.4867301E-04  0.2109906E-01  0.1523443E-05
 Calc con  1.115355063625770E-003  1.062703972417444E-003
  9.701045417301317E-003  9.653864997602664E-003  9.618072405406792E-003
  9.599411442308263E-003  9.591839723008604E-003  9.979132619167840E-003
  9.865774125645616E-003  9.656582489391602E-003  9.806696740997160E-003
  9.792276133685079E-003  1.086030871645239E-003  1.118438693392671E-003
  2.359483370887084E-002  0.600276440120964     
 Design variables:  1.115355063625770E-003  1.062703972417444E-003
  9.701045417301317E-003  9.653864997602664E-003  9.618072405406792E-003
  9.599411442308263E-003  9.591839723008604E-003  9.979132619167840E-003
  9.865774125645616E-003  9.656582489391602E-003  9.806696740997160E-003
  9.792276133685079E-003  1.086030871645239E-003  1.118438693392671E-003
  2.359483370887084E-002  0.600276440120964     
 Constraint value, mean lift and its standard deviation:  2.718738080624734E-004
  0.618014015897993       1.828588970605537E-002
 Calc obj  1.115355063625770E-003  1.062703972417444E-003
  9.701045417301317E-003  9.653864997602664E-003  9.618072405406792E-003
  9.599411442308263E-003  9.591839723008604E-003  9.979132619167840E-003
  9.865774125645616E-003  9.656582489391602E-003  9.806696740997160E-003
  9.792276133685079E-003  1.086030871645239E-003  1.118438693392671E-003
  2.359483370887084E-002  0.600276440120964     
 Design variables:  1.115355063625770E-003  1.062703972417444E-003
  9.701045417301317E-003  9.653864997602664E-003  9.618072405406792E-003
  9.599411442308263E-003  9.591839723008604E-003  9.979132619167840E-003
  9.865774125645616E-003  9.656582489391602E-003  9.806696740997160E-003
  9.792276133685079E-003  1.086030871645239E-003  1.118438693392671E-003
  2.359483370887084E-002  0.600276440120964     
 Mean drag value and variance:  4.222036259763196E-003  2.471991180430169E-008
 Calc con  1.115363878001158E-003  1.062751905240755E-003
  9.700483415286261E-003  9.653534508346173E-003  9.618251447065377E-003
  9.600115482278293E-003  9.592977926833711E-003  9.979132619167840E-003
  9.858133866115544E-003  9.658557983365554E-003  9.803443868930423E-003
  9.796348625775336E-003  1.086047288704206E-003  1.118458551929881E-003
  2.363328030885411E-002  0.600274150323694     
 Design variables:  1.115363878001158E-003  1.062751905240755E-003
  9.700483415286261E-003  9.653534508346173E-003  9.618251447065377E-003
  9.600115482278293E-003  9.592977926833711E-003  9.979132619167840E-003
  9.858133866115544E-003  9.658557983365554E-003  9.803443868930423E-003
  9.796348625775336E-003  1.086047288704206E-003  1.118458551929881E-003
  2.363328030885411E-002  0.600274150323694     
 Constraint value, mean lift and its standard deviation: -3.699256168000417E-005
  0.618340881831870       1.830388927019032E-002
 Calc obj  1.115363878001158E-003  1.062751905240755E-003
  9.700483415286261E-003  9.653534508346173E-003  9.618251447065377E-003
  9.600115482278293E-003  9.592977926833711E-003  9.979132619167840E-003
  9.858133866115544E-003  9.658557983365554E-003  9.803443868930423E-003
  9.796348625775336E-003  1.086047288704206E-003  1.118458551929881E-003
  2.363328030885411E-002  0.600274150323694     
 Design variables:  1.115363878001158E-003  1.062751905240755E-003
  9.700483415286261E-003  9.653534508346173E-003  9.618251447065377E-003
  9.600115482278293E-003  9.592977926833711E-003  9.979132619167840E-003
  9.858133866115544E-003  9.658557983365554E-003  9.803443868930423E-003
  9.796348625775336E-003  1.086047288704206E-003  1.118458551929881E-003
  2.363328030885411E-002  0.600274150323694     
 Mean drag value and variance:  4.221326500098604E-003  2.524536125426732E-008
 Calc con  1.115364036437572E-003  1.062752766823572E-003
  9.700473313408734E-003  9.653528567865326E-003  9.618254665303534E-003
  9.600128137258955E-003  9.592998385825230E-003  9.979132619167840E-003
  9.857996533934573E-003  9.658593492484048E-003  9.803385399187148E-003
  9.796421828027311E-003  1.086047583797337E-003  1.118458908882965E-003
  2.363397137900425E-002  0.600274109165034     
 Design variables:  1.115364036437572E-003  1.062752766823572E-003
  9.700473313408734E-003  9.653528567865326E-003  9.618254665303534E-003
  9.600128137258955E-003  9.592998385825230E-003  9.979132619167840E-003
  9.857996533934573E-003  9.658593492484048E-003  9.803385399187148E-003
  9.796421828027311E-003  1.086047583797337E-003  1.118458908882965E-003
  2.363397137900425E-002  0.600274109165034     
 Constraint value, mean lift and its standard deviation: -2.238017627733194E-005
  0.618364166796266       1.834178661998851E-002
 Calc obj  1.115364036437572E-003  1.062752766823572E-003
  9.700473313408734E-003  9.653528567865326E-003  9.618254665303534E-003
  9.600128137258955E-003  9.592998385825230E-003  9.979132619167840E-003
  9.857996533934573E-003  9.658593492484048E-003  9.803385399187148E-003
  9.796421828027311E-003  1.086047583797337E-003  1.118458908882965E-003
  2.363397137900425E-002  0.600274109165034     
 Design variables:  1.115364036437572E-003  1.062752766823572E-003
  9.700473313408734E-003  9.653528567865326E-003  9.618254665303534E-003
  9.600128137258955E-003  9.592998385825230E-003  9.979132619167840E-003
  9.857996533934573E-003  9.658593492484048E-003  9.803385399187148E-003
  9.796421828027311E-003  1.086047583797337E-003  1.118458908882965E-003
  2.363397137900425E-002  0.600274109165034     
 Mean drag value and variance:  4.196345393956492E-003  2.651236782100802E-008
 Calc con  1.108769301891938E-003  1.054999656466383E-003
  9.666279764488282E-003  9.623814754236777E-003  9.603095237286818E-003
  9.601755535211589E-003  9.609603970788916E-003  8.945702267975964E-003
  9.588000844702953E-003  9.692810013982979E-003  9.693833932018590E-003
  9.892983358374727E-003  1.079284900404975E-003  1.113330662302318E-003
  2.424205235748533E-002  0.600231343374176     
 Design variables:  1.108769301891938E-003  1.054999656466383E-003
  9.666279764488282E-003  9.623814754236777E-003  9.603095237286818E-003
  9.601755535211589E-003  9.609603970788916E-003  8.945702267975964E-003
  9.588000844702953E-003  9.692810013982979E-003  9.693833932018590E-003
  9.892983358374727E-003  1.079284900404975E-003  1.113330662302318E-003
  2.424205235748533E-002  0.600231343374176     
 Constraint value, mean lift and its standard deviation:  5.457549138388681E-004
  0.617893450455141       1.843920536898021E-002
 Calc obj  1.108769301891938E-003  1.054999656466383E-003
  9.666279764488282E-003  9.623814754236777E-003  9.603095237286818E-003
  9.601755535211589E-003  9.609603970788916E-003  8.945702267975964E-003
  9.588000844702953E-003  9.692810013982979E-003  9.693833932018590E-003
  9.892983358374727E-003  1.079284900404975E-003  1.113330662302318E-003
  2.424205235748533E-002  0.600231343374176     
 Design variables:  1.108769301891938E-003  1.054999656466383E-003
  9.666279764488282E-003  9.623814754236777E-003  9.603095237286818E-003
  9.601755535211589E-003  9.609603970788916E-003  8.945702267975964E-003
  9.588000844702953E-003  9.692810013982979E-003  9.693833932018590E-003
  9.892983358374727E-003  1.079284900404975E-003  1.113330662302318E-003
  2.424205235748533E-002  0.600231343374176     
 Mean drag value and variance:  4.180840829394307E-003  2.502208920967681E-008
 Calc con  1.105476421025022E-003  1.051147498490853E-003
  9.648896938081766E-003  9.608789632553832E-003  9.595606653226832E-003
  9.602927581663253E-003  9.618486094679073E-003  8.428987092380026E-003
  9.449114204231621E-003  9.710923776278670E-003  9.637402527529306E-003
  9.943336970719549E-003  1.075911914784843E-003  1.110776646757142E-003
  2.456566168179258E-002  0.600208795000781     
 Design variables:  1.105476421025022E-003  1.051147498490853E-003
  9.648896938081766E-003  9.608789632553832E-003  9.595606653226832E-003
  9.602927581663253E-003  9.618486094679073E-003  8.428987092380026E-003
  9.449114204231621E-003  9.710923776278670E-003  9.637402527529306E-003
  9.943336970719549E-003  1.075911914784843E-003  1.110776646757142E-003
  2.456566168179258E-002  0.600208795000781     
 Constraint value, mean lift and its standard deviation: -1.570152496041845E-004
  0.618419442380126       1.826242713052209E-002
 Calc obj  1.105476421025022E-003  1.051147498490853E-003
  9.648896938081766E-003  9.608789632553832E-003  9.595606653226832E-003
  9.602927581663253E-003  9.618486094679073E-003  8.428987092380026E-003
  9.449114204231621E-003  9.710923776278670E-003  9.637402527529306E-003
  9.943336970719549E-003  1.075911914784843E-003  1.110776646757142E-003
  2.456566168179258E-002  0.600208795000781     
 Design variables:  1.105476421025022E-003  1.051147498490853E-003
  9.648896938081766E-003  9.608789632553832E-003  9.595606653226832E-003
  9.602927581663253E-003  9.618486094679073E-003  8.428987092380026E-003
  9.449114204231621E-003  9.710923776278670E-003  9.637402527529306E-003
  9.943336970719549E-003  1.075911914784843E-003  1.110776646757142E-003
  2.456566168179258E-002  0.600208795000781     
 Mean drag value and variance:  4.155238509055252E-003  2.434259329843147E-008
 Calc con  1.103829980591564E-003  1.049221419503088E-003
  9.640205524878506E-003  9.601277071712360E-003  9.591862361196838E-003
  9.603513604889084E-003  9.622927156624151E-003  8.170629504582057E-003
  9.379670883995954E-003  9.719980657426514E-003  9.609186825284664E-003
  9.968513776891961E-003  1.074225421974777E-003  1.109499638984554E-003
  2.472746634394620E-002  0.600197520814084     
 Design variables:  1.103829980591564E-003  1.049221419503088E-003
  9.640205524878506E-003  9.601277071712360E-003  9.591862361196838E-003
  9.603513604889084E-003  9.622927156624151E-003  8.170629504582057E-003
  9.379670883995954E-003  9.719980657426514E-003  9.609186825284664E-003
  9.968513776891961E-003  1.074225421974777E-003  1.109499638984554E-003
  2.472746634394620E-002  0.600197520814084     
 Constraint value, mean lift and its standard deviation:  9.777098017317576E-004
  0.617399088664798       1.837679846652943E-002
 Calc obj  1.103829980591564E-003  1.049221419503088E-003
  9.640205524878506E-003  9.601277071712360E-003  9.591862361196838E-003
  9.603513604889084E-003  9.622927156624151E-003  8.170629504582057E-003
  9.379670883995954E-003  9.719980657426514E-003  9.609186825284664E-003
  9.968513776891961E-003  1.074225421974777E-003  1.109499638984554E-003
  2.472746634394620E-002  0.600197520814084     
 Design variables:  1.103829980591564E-003  1.049221419503088E-003
  9.640205524878506E-003  9.601277071712360E-003  9.591862361196838E-003
  9.603513604889084E-003  9.622927156624151E-003  8.170629504582057E-003
  9.379670883995954E-003  9.719980657426514E-003  9.609186825284664E-003
  9.968513776891961E-003  1.074225421974777E-003  1.109499638984554E-003
  2.472746634394620E-002  0.600197520814084     
 Mean drag value and variance:  4.516730527320831E-003  1.087620138496278E-006
 Calc con  1.103006760374835E-003  1.048258380009205E-003
  9.635859818276877E-003  9.597520791291624E-003  9.589990215181841E-003
  9.603806616502000E-003  9.625147687596690E-003  8.041450710683073E-003
  9.344949223878123E-003  9.724509098000435E-003  9.595078974162343E-003
  9.981102179978166E-003  1.073382175569744E-003  1.108861135098260E-003
  2.480836867502301E-002  0.600191883720736     
 Design variables:  1.103006760374835E-003  1.048258380009205E-003
  9.635859818276877E-003  9.597520791291624E-003  9.589990215181841E-003
  9.603806616502000E-003  9.625147687596690E-003  8.041450710683073E-003
  9.344949223878123E-003  9.724509098000435E-003  9.595078974162343E-003
  9.981102179978166E-003  1.073382175569744E-003  1.108861135098260E-003
  2.480836867502301E-002  0.600191883720736     
 Constraint value, mean lift and its standard deviation: -1.480377973642928E-004
  0.618440959744647       1.829292194728303E-002
 Calc obj  1.103006760374835E-003  1.048258380009205E-003
  9.635859818276877E-003  9.597520791291624E-003  9.589990215181841E-003
  9.603806616502000E-003  9.625147687596690E-003  8.041450710683073E-003
  9.344949223878123E-003  9.724509098000435E-003  9.595078974162343E-003
  9.981102179978166E-003  1.073382175569744E-003  1.108861135098260E-003
  2.480836867502301E-002  0.600191883720736     
 Design variables:  1.103006760374835E-003  1.048258380009205E-003
  9.635859818276877E-003  9.597520791291624E-003  9.589990215181841E-003
  9.603806616502000E-003  9.625147687596690E-003  8.041450710683073E-003
  9.344949223878123E-003  9.724509098000435E-003  9.595078974162343E-003
  9.981102179978166E-003  1.073382175569744E-003  1.108861135098260E-003
  2.480836867502301E-002  0.600191883720736     
 Mean drag value and variance:  4.143711932874323E-003  2.469399776136667E-008
   17  0.4143737E-02  0.4201939E-02  0.1441002E-03  0.2271348E-01  0.2489518E-05
 Calc con  1.142092139434130E-003  1.098417275848678E-003
  9.746082486929587E-003  9.712270921162676E-003  9.692217330742318E-003
  9.683829911739265E-003  9.679653202405580E-003  1.000000611694576E-002
  9.648068429841393E-003  9.770033239746284E-003  9.758377695915784E-003
  9.901907751344068E-003  1.116159439992097E-003  1.143929293881189E-003
  2.336233126569271E-002  0.600249394667049     
 Design variables:  1.142092139434130E-003  1.098417275848678E-003
  9.746082486929587E-003  9.712270921162676E-003  9.692217330742318E-003
  9.683829911739265E-003  9.679653202405580E-003  1.000000611694576E-002
  9.648068429841393E-003  9.770033239746284E-003  9.758377695915784E-003
  9.901907751344068E-003  1.116159439992097E-003  1.143929293881189E-003
  2.336233126569271E-002  0.600249394667049     
 Constraint value, mean lift and its standard deviation:  3.556282738454847E-004
  0.617925123696816       1.828075197066191E-002
 Calc obj  1.142092139434130E-003  1.098417275848678E-003
  9.746082486929587E-003  9.712270921162676E-003  9.692217330742318E-003
  9.683829911739265E-003  9.679653202405580E-003  1.000000611694576E-002
  9.648068429841393E-003  9.770033239746284E-003  9.758377695915784E-003
  9.901907751344068E-003  1.116159439992097E-003  1.143929293881189E-003
  2.336233126569271E-002  0.600249394667049     
 Design variables:  1.142092139434130E-003  1.098417275848678E-003
  9.746082486929587E-003  9.712270921162676E-003  9.692217330742318E-003
  9.683829911739265E-003  9.679653202405580E-003  1.000000611694576E-002
  9.648068429841393E-003  9.770033239746284E-003  9.758377695915784E-003
  9.901907751344068E-003  1.116159439992097E-003  1.143929293881189E-003
  2.336233126569271E-002  0.600249394667049     
 Mean drag value and variance:  4.213784295983315E-003  2.539876549998774E-008
 Calc con  1.141831761619616E-003  1.098083767864799E-003
  9.745177217677392E-003  9.711375273160665E-003  9.691507735989799E-003
  9.683387821117559E-003  9.679501220199598E-003  1.000000611694576E-002
  9.645860184540741E-003  9.770122063380774E-003  9.756663432130622E-003
  9.903284734026848E-003  1.115846613887068E-003  1.143675364346149E-003
  2.340509399478916E-002  0.600248115312009     
 Design variables:  1.141831761619616E-003  1.098083767864799E-003
  9.745177217677392E-003  9.711375273160665E-003  9.691507735989799E-003
  9.683387821117559E-003  9.679501220199598E-003  1.000000611694576E-002
  9.645860184540741E-003  9.770122063380774E-003  9.756663432130622E-003
  9.903284734026848E-003  1.115846613887068E-003  1.143675364346149E-003
  2.340509399478916E-002  0.600248115312009     
 Constraint value, mean lift and its standard deviation:  3.172869293815994E-005
  0.618300254885456       1.833198357839422E-002
 Calc obj  1.141831761619616E-003  1.098083767864799E-003
  9.745177217677392E-003  9.711375273160665E-003  9.691507735989799E-003
  9.683387821117559E-003  9.679501220199598E-003  1.000000611694576E-002
  9.645860184540741E-003  9.770122063380774E-003  9.756663432130622E-003
  9.903284734026848E-003  1.115846613887068E-003  1.143675364346149E-003
  2.340509399478916E-002  0.600248115312009     
 Design variables:  1.141831761619616E-003  1.098083767864799E-003
  9.745177217677392E-003  9.711375273160665E-003  9.691507735989799E-003
  9.683387821117559E-003  9.679501220199598E-003  1.000000611694576E-002
  9.645860184540741E-003  9.770122063380774E-003  9.756663432130622E-003
  9.903284734026848E-003  1.115846613887068E-003  1.143675364346149E-003
  2.340509399478916E-002  0.600248115312009     
 Mean drag value and variance:  4.214074810420586E-003  2.478526723054223E-008
 Calc con  1.141823507204513E-003  1.098073195100207E-003
  9.745148519117923E-003  9.711346879611050E-003  9.691485240641484E-003
  9.683373806100619E-003  9.679496402107921E-003  1.000000611694576E-002
  9.645790179446724E-003  9.770124879239717E-003  9.756609087082218E-003
  9.903328386696600E-003  1.115836696772856E-003  1.143667314352370E-003
  2.340644964530224E-002  0.600248074754300     
 Design variables:  1.141823507204513E-003  1.098073195100207E-003
  9.745148519117923E-003  9.711346879611050E-003  9.691485240641484E-003
  9.683373806100619E-003  9.679496402107921E-003  1.000000611694576E-002
  9.645790179446724E-003  9.770124879239717E-003  9.756609087082218E-003
  9.903328386696600E-003  1.115836696772856E-003  1.143667314352370E-003
  2.340644964530224E-002  0.600248074754300     
 Constraint value, mean lift and its standard deviation: -7.349556953868339E-005
  0.618319664264190       1.824616869465106E-002
 Calc obj  1.141823507204513E-003  1.098073195100207E-003
  9.745148519117923E-003  9.711346879611050E-003  9.691485240641484E-003
  9.683373806100619E-003  9.679496402107921E-003  1.000000611694576E-002
  9.645790179446724E-003  9.770124879239717E-003  9.756609087082218E-003
  9.903328386696600E-003  1.115836696772856E-003  1.143667314352370E-003
  2.340644964530224E-002  0.600248074754300     
 Design variables:  1.141823507204513E-003  1.098073195100207E-003
  9.745148519117923E-003  9.711346879611050E-003  9.691485240641484E-003
  9.683373806100619E-003  9.679496402107921E-003  1.000000611694576E-002
  9.645790179446724E-003  9.770124879239717E-003  9.756609087082218E-003
  9.903328386696600E-003  1.115836696772856E-003  1.143667314352370E-003
  2.340644964530224E-002  0.600248074754300     
 Mean drag value and variance:  4.212769088406021E-003  2.547117921912972E-008
 Calc con  1.141863218180007E-003  1.098124059369858E-003
  9.745286584356659E-003  9.711483477484904E-003  9.691593462994559E-003
  9.683441230622808E-003  9.679519581354197E-003  1.000000611694576E-002
  9.646126965341097E-003  9.770111332488781E-003  9.756870534423853E-003
  9.903118379073142E-003  1.115884406789196E-003  1.143706041882027E-003
  2.339992777747362E-002  0.600248269872448     
 Design variables:  1.141863218180007E-003  1.098124059369858E-003
  9.745286584356659E-003  9.711483477484904E-003  9.691593462994559E-003
  9.683441230622808E-003  9.679519581354197E-003  1.000000611694576E-002
  9.646126965341097E-003  9.770111332488781E-003  9.756870534423853E-003
  9.903118379073142E-003  1.115884406789196E-003  1.143706041882027E-003
  2.339992777747362E-002  0.600248269872448     
 Constraint value, mean lift and its standard deviation: -3.394145493390704E-004
  0.618691744220349       1.835232967100985E-002
 Calc obj  1.141863218180007E-003  1.098124059369858E-003
  9.745286584356659E-003  9.711483477484904E-003  9.691593462994559E-003
  9.683441230622808E-003  9.679519581354197E-003  1.000000611694576E-002
  9.646126965341097E-003  9.770111332488781E-003  9.756870534423853E-003
  9.903118379073142E-003  1.115884406789196E-003  1.143706041882027E-003
  2.339992777747362E-002  0.600248269872448     
 Design variables:  1.141863218180007E-003  1.098124059369858E-003
  9.745286584356659E-003  9.711483477484904E-003  9.691593462994559E-003
  9.683441230622808E-003  9.679519581354197E-003  1.000000611694576E-002
  9.646126965341097E-003  9.770111332488781E-003  9.756870534423853E-003
  9.903118379073142E-003  1.115884406789196E-003  1.143706041882027E-003
  2.339992777747362E-002  0.600248269872448     
 Mean drag value and variance:  4.217262062135251E-003  2.564841479862066E-008
   18  0.4217288E-02  0.3391869E-02  0.2581195E-04  0.1754463E-01  0.1982607E-05
 Calc con  1.206677872533640E-003  1.183814818998907E-003
  9.892099546670715E-003  9.872598835906811E-003  9.852855442620847E-003
  9.834108650361337E-003  9.815187190244178E-003  9.493332749277125E-003
  9.996471169653411E-003  9.917024242174525E-003  9.917794590149451E-003
  9.893865400234216E-003  1.186642562314780E-003  1.202348693493835E-003
  2.269731657134528E-002  0.600369230624115     
 Design variables:  1.206677872533640E-003  1.183814818998907E-003
  9.892099546670715E-003  9.872598835906811E-003  9.852855442620847E-003
  9.834108650361337E-003  9.815187190244178E-003  9.493332749277125E-003
  9.996471169653411E-003  9.917024242174525E-003  9.917794590149451E-003
  9.893865400234216E-003  1.186642562314780E-003  1.202348693493835E-003
  2.269731657134528E-002  0.600369230624115     
 Constraint value, mean lift and its standard deviation: -1.447047831434005E-003
  0.618692481021109       1.724543318967454E-002
 Calc obj  1.206677872533640E-003  1.183814818998907E-003
  9.892099546670715E-003  9.872598835906811E-003  9.852855442620847E-003
  9.834108650361337E-003  9.815187190244178E-003  9.493332749277125E-003
  9.996471169653411E-003  9.917024242174525E-003  9.917794590149451E-003
  9.893865400234216E-003  1.186642562314780E-003  1.202348693493835E-003
  2.269731657134528E-002  0.600369230624115     
 Design variables:  1.206677872533640E-003  1.183814818998907E-003
  9.892099546670715E-003  9.872598835906811E-003  9.852855442620847E-003
  9.834108650361337E-003  9.815187190244178E-003  9.493332749277125E-003
  9.996471169653411E-003  9.917024242174525E-003  9.917794590149451E-003
  9.893865400234216E-003  1.186642562314780E-003  1.202348693493835E-003
  2.269731657134528E-002  0.600369230624115     
 Mean drag value and variance:  4.207820488968163E-003  2.475675620205336E-008
   19  0.4207845E-02  0.7913380E-03  0.1171805E-02  0.3355299E-02  0.2034381E-05
 Calc con  1.206093078192382E-003  1.186248667939658E-003
  9.896919639143176E-003  9.880576909891033E-003  9.866767246394618E-003
  9.855737677714438E-003  9.845241474040369E-003  9.892270670231986E-003
  9.888580539514092E-003  9.905430061848304E-003  9.914883171406949E-003
  9.923670668718866E-003  1.192131286985403E-003  1.205105310456797E-003
  2.238719833828145E-002  0.600228967902750     
 Design variables:  1.206093078192382E-003  1.186248667939658E-003
  9.896919639143176E-003  9.880576909891033E-003  9.866767246394618E-003
  9.855737677714438E-003  9.845241474040369E-003  9.892270670231986E-003
  9.888580539514092E-003  9.905430061848304E-003  9.914883171406949E-003
  9.923670668718866E-003  1.192131286985403E-003  1.205105310456797E-003
  2.238719833828145E-002  0.600228967902750     
 Constraint value, mean lift and its standard deviation:  2.170997050553552E-003
  0.616418584578083       1.858958162863643E-002
 Calc obj  1.206093078192382E-003  1.186248667939658E-003
  9.896919639143176E-003  9.880576909891033E-003  9.866767246394618E-003
  9.855737677714438E-003  9.845241474040369E-003  9.892270670231986E-003
  9.888580539514092E-003  9.905430061848304E-003  9.914883171406949E-003
  9.923670668718866E-003  1.192131286985403E-003  1.205105310456797E-003
  2.238719833828145E-002  0.600228967902750     
 Design variables:  1.206093078192382E-003  1.186248667939658E-003
  9.896919639143176E-003  9.880576909891033E-003  9.866767246394618E-003
  9.855737677714438E-003  9.845241474040369E-003  9.892270670231986E-003
  9.888580539514092E-003  9.905430061848304E-003  9.914883171406949E-003
  9.923670668718866E-003  1.192131286985403E-003  1.205105310456797E-003
  2.238719833828145E-002  0.600228967902750     
 Mean drag value and variance:  4.202030850670006E-003  2.468520634711142E-008
   20  0.4202056E-02  0.3989379E-03  0.2374827E-02  0.8214007E-02  0.1535561E-05
 Calc con  1.206276190429251E-003  1.186392898025861E-003
  9.897066752423056E-003  9.880603308834876E-003  9.866500339675460E-003
  9.855050323814315E-003  9.844054404462262E-003  9.867100010192404E-003
  9.896689769424680E-003  9.906443774408356E-003  9.915341997371296E-003
  9.923030085931487E-003  1.192151871710257E-003  1.205170699498469E-003
  2.264449545763956E-002  0.600266551106469     
 Design variables:  1.206276190429251E-003  1.186392898025861E-003
  9.897066752423056E-003  9.880603308834876E-003  9.866500339675460E-003
  9.855050323814315E-003  9.844054404462262E-003  9.867100010192404E-003
  9.896689769424680E-003  9.906443774408356E-003  9.915341997371296E-003
  9.923030085931487E-003  1.192151871710257E-003  1.205170699498469E-003
  2.264449545763956E-002  0.600266551106469     
 Constraint value, mean lift and its standard deviation: -2.685567018772608E-004
  0.618609905041914       1.834134834003669E-002
 Calc obj  1.206276190429251E-003  1.186392898025861E-003
  9.897066752423056E-003  9.880603308834876E-003  9.866500339675460E-003
  9.855050323814315E-003  9.844054404462262E-003  9.867100010192404E-003
  9.896689769424680E-003  9.906443774408356E-003  9.915341997371296E-003
  9.923030085931487E-003  1.192151871710257E-003  1.205170699498469E-003
  2.264449545763956E-002  0.600266551106469     
 Design variables:  1.206276190429251E-003  1.186392898025861E-003
  9.897066752423056E-003  9.880603308834876E-003  9.866500339675460E-003
  9.855050323814315E-003  9.844054404462262E-003  9.867100010192404E-003
  9.896689769424680E-003  9.906443774408356E-003  9.915341997371296E-003
  9.923030085931487E-003  1.192151871710257E-003  1.205170699498469E-003
  2.264449545763956E-002  0.600266551106469     
 Mean drag value and variance:  4.223061570398076E-003  2.483517510511464E-008
   21  0.4223086E-02  0.2572971E-03  0.6354765E-04  0.1800017E-02  0.1535561E-05
 Calc con  1.204215138983005E-003  1.183560665375067E-003
  9.892761802130697E-003  9.875897107818818E-003  9.861669093883809E-003
  9.850348829857398E-003  9.839662487979671E-003  9.867918218225477E-003
  9.890218281644379E-003  9.901739898801597E-003  9.911223489529603E-003
  9.919675220661599E-003  1.189586363044206E-003  1.203073433696847E-003
  2.266215085640334E-002  0.600297164204548     
 Design variables:  1.204215138983005E-003  1.183560665375067E-003
  9.892761802130697E-003  9.875897107818818E-003  9.861669093883809E-003
  9.850348829857398E-003  9.839662487979671E-003  9.867918218225477E-003
  9.890218281644379E-003  9.901739898801597E-003  9.911223489529603E-003
  9.919675220661599E-003  1.189586363044206E-003  1.203073433696847E-003
  2.266215085640334E-002  0.600297164204548     
 Constraint value, mean lift and its standard deviation: -4.676742877099370E-004
  0.618675369229023       1.820769494131331E-002
 Calc obj  1.204215138983005E-003  1.183560665375067E-003
  9.892761802130697E-003  9.875897107818818E-003  9.861669093883809E-003
  9.850348829857398E-003  9.839662487979671E-003  9.867918218225477E-003
  9.890218281644379E-003  9.901739898801597E-003  9.911223489529603E-003
  9.919675220661599E-003  1.189586363044206E-003  1.203073433696847E-003
  2.266215085640334E-002  0.600297164204548     
 Design variables:  1.204215138983005E-003  1.183560665375067E-003
  9.892761802130697E-003  9.875897107818818E-003  9.861669093883809E-003
  9.850348829857398E-003  9.839662487979671E-003  9.867918218225477E-003
  9.890218281644379E-003  9.901739898801597E-003  9.911223489529603E-003
  9.919675220661599E-003  1.189586363044206E-003  1.203073433696847E-003
  2.266215085640334E-002  0.600297164204548     
 Mean drag value and variance:  4.221187640223308E-003  2.368215042583663E-008
   22  0.4221211E-02  0.3061310E-04  0.2579429E-03  0.2244862E-02  0.1535561E-05
 
 The solution was found.
 
 The final value of the objective function is   4.221211322373733E-003
 
 The optimal values of X are:
 
 X  (           1 ) =   1.204215138983005E-003
 X  (           2 ) =   1.183560665375067E-003
 X  (           3 ) =   9.892761802130697E-003
 X  (           4 ) =   9.875897107818818E-003
 X  (           5 ) =   9.861669093883809E-003
 X  (           6 ) =   9.850348829857398E-003
 X  (           7 ) =   9.839662487979671E-003
 X  (           8 ) =   9.867918218225477E-003
 X  (           9 ) =   9.890218281644379E-003
 X  (          10 ) =   9.901739898801597E-003
 X  (          11 ) =   9.911223489529603E-003
 X  (          12 ) =   9.919675220661599E-003
 X  (          13 ) =   1.189586363044206E-003
 X  (          14 ) =   1.203073433696847E-003
 X  (          15 ) =    1.29844559876070     
 X  (          16 ) =   0.600297164204548     
 
 The multipliers for the equality constraints are:
 
 LAM(           1 ) =   7.317326566501328E-003
 
 Mean drag and its variance:  4.221187640223308E-003  2.368215042583663E-008
