           1  0.903269016756258        9.34995185801622     
           2  0.804051544851044        6.30372741671227     
           3  0.602052657447560        4.04639223581811     
           4  0.501866158189287        3.49398046594313     
           5  0.399694860583434        3.08168111363311     
           6  0.301158507701292        2.75367654494140     
           7  0.205346444050076        2.44152180265626     
           8  0.202450889381161        3.77165735630622     
           9  0.301538478396521        4.36972987046237     
          10  0.402014946835827        4.89105060736817     
          11  0.504570952907477        5.35784515183084     
          12  0.604736568670243        5.77788331260974     
          13  0.803383624472688        7.07178216795363     
          14  0.901823325566936        9.27806987477031     
          15   8.96228976012497     
          16  0.935842145386778     
