	14   7   7	 
  0.903269016756258               -1
  0.804051544851044               -1 
  0.602052657447560               -1 
  0.501866158189287               -1
  0.399694860583434               -1
  0.301158507701292               -1
  0.205346444050076               -1
  0.202450889381161                1
  0.301538478396521                1
  0.402014946835827                1
  0.504570952907477                1
  0.604736568670243                1
  0.803383624472688                1
  0.901823325566936                1
 