 >> Number of Processors =   1
 Calc con  0.000000000000000E+000  0.000000000000000E+000
  0.000000000000000E+000  0.000000000000000E+000  0.000000000000000E+000
  0.000000000000000E+000  0.000000000000000E+000  0.000000000000000E+000
  0.000000000000000E+000  0.000000000000000E+000  0.000000000000000E+000
  0.000000000000000E+000  0.000000000000000E+000  0.000000000000000E+000
  3.490658503988659E-002  0.605000000000000     
 Design variables:  0.000000000000000E+000  0.000000000000000E+000
  0.000000000000000E+000  0.000000000000000E+000  0.000000000000000E+000
  0.000000000000000E+000  0.000000000000000E+000  0.000000000000000E+000
  0.000000000000000E+000  0.000000000000000E+000  0.000000000000000E+000
  0.000000000000000E+000  0.000000000000000E+000  0.000000000000000E+000
  3.490658503988659E-002  0.605000000000000     
 Constraint value, mean lift and its standard deviation:  0.642238253531354     
  0.173668133864759       1.590638739611309E-002
 Calc obj  0.000000000000000E+000  0.000000000000000E+000
  0.000000000000000E+000  0.000000000000000E+000  0.000000000000000E+000
  0.000000000000000E+000  0.000000000000000E+000  0.000000000000000E+000
  0.000000000000000E+000  0.000000000000000E+000  0.000000000000000E+000
  0.000000000000000E+000  0.000000000000000E+000  0.000000000000000E+000
  3.490658503988659E-002  0.605000000000000     
 Design variables:  0.000000000000000E+000  0.000000000000000E+000
  0.000000000000000E+000  0.000000000000000E+000  0.000000000000000E+000
  0.000000000000000E+000  0.000000000000000E+000  0.000000000000000E+000
  0.000000000000000E+000  0.000000000000000E+000  0.000000000000000E+000
  0.000000000000000E+000  0.000000000000000E+000  0.000000000000000E+000
  3.490658503988659E-002  0.605000000000000     
 Mean drag value and variance:  7.440583116683170E-004  2.570856679136761E-009
 
 iter    objective      ||grad||        inf_pr          inf_du         lg(mu)
    0  0.7440609E-03  0.0000000E+00  0.6522382E+00  0.9959390E+00  0.1000000E+01
 Calc con  1.228115786030118E-003  8.716316607230499E-004
  4.912894265942083E-003  4.364286552535855E-003  3.897231352198427E-003
  3.466685407210198E-003  3.010028706557673E-003  3.679610476397224E-003
  4.053328979575449E-003  4.389078202739737E-003  4.765392751433336E-003
  5.242944621744082E-003  8.972391118402425E-004  1.237509900000000E-003
  6.752894367200694E-002  0.635378013769163     
 Design variables:  1.228115786030118E-003  8.716316607230499E-004
  4.912894265942083E-003  4.364286552535855E-003  3.897231352198427E-003
  3.466685407210198E-003  3.010028706557673E-003  3.679610476397224E-003
  4.053328979575449E-003  4.389078202739737E-003  4.765392751433336E-003
  5.242944621744082E-003  8.972391118402425E-004  1.237509900000000E-003
  6.752894367200694E-002  0.635378013769163     
 Constraint value, mean lift and its standard deviation:  0.109758157071470     
  0.709075866109770       1.883402318124013E-002
 Calc obj  1.228115786030118E-003  8.716316607230499E-004
  4.912894265942083E-003  4.364286552535855E-003  3.897231352198427E-003
  3.466685407210198E-003  3.010028706557673E-003  3.679610476397224E-003
  4.053328979575449E-003  4.389078202739737E-003  4.765392751433336E-003
  5.242944621744082E-003  8.972391118402425E-004  1.237509900000000E-003
  6.752894367200694E-002  0.635378013769163     
 Design variables:  1.228115786030118E-003  8.716316607230499E-004
  4.912894265942083E-003  4.364286552535855E-003  3.897231352198427E-003
  3.466685407210198E-003  3.010028706557673E-003  3.679610476397224E-003
  4.053328979575449E-003  4.389078202739737E-003  4.765392751433336E-003
  5.242944621744082E-003  8.972391118402425E-004  1.237509900000000E-003
  6.752894367200694E-002  0.635378013769163     
 Mean drag value and variance:  9.573357053990402E-003  1.302621174584996E-005
    1  0.9586383E-02  0.4495197E-01  0.1497249E+00  0.9670744E+00  0.4423846E-01
 Calc con  1.150910057328283E-003  8.369678469999197E-004
  5.970285624569627E-003  5.377604942244623E-003  4.852642648276797E-003
  4.355244473092049E-003  3.813824076060887E-003  4.391911360259888E-003
  5.464122454356606E-003  6.344508988177594E-003  6.763578140792995E-003
  6.876957513398431E-003  8.611866633202624E-004  1.158800945201233E-003
  6.933600691997875E-002  0.644186860952998     
 Design variables:  1.150910057328283E-003  8.369678469999197E-004
  5.970285624569627E-003  5.377604942244623E-003  4.852642648276797E-003
  4.355244473092049E-003  3.813824076060887E-003  4.391911360259888E-003
  5.464122454356606E-003  6.344508988177594E-003  6.763578140792995E-003
  6.876957513398431E-003  8.611866633202624E-004  1.158800945201233E-003
  6.933600691997875E-002  0.644186860952998     
 Constraint value, mean lift and its standard deviation:  1.834506417830209E-002
  0.798457362453516       1.680242663181755E-002
 Calc obj  1.150910057328283E-003  8.369678469999197E-004
  5.970285624569627E-003  5.377604942244623E-003  4.852642648276797E-003
  4.355244473092049E-003  3.813824076060887E-003  4.391911360259888E-003
  5.464122454356606E-003  6.344508988177594E-003  6.763578140792995E-003
  6.876957513398431E-003  8.611866633202624E-004  1.158800945201233E-003
  6.933600691997875E-002  0.644186860952998     
 Design variables:  1.150910057328283E-003  8.369678469999197E-004
  5.970285624569627E-003  5.377604942244623E-003  4.852642648276797E-003
  4.355244473092049E-003  3.813824076060887E-003  4.391911360259888E-003
  5.464122454356606E-003  6.344508988177594E-003  6.763578140792995E-003
  6.876957513398431E-003  8.611866633202624E-004  1.158800945201233E-003
  6.933600691997875E-002  0.644186860952998     
 Mean drag value and variance:  1.629481374835567E-002  2.561855293371258E-005
    2  0.1632043E-01  0.4681398E-01  0.1874472E-01  0.1489906E+01  0.3408635E-02
 Calc con  1.065124154078285E-003  7.931968662395123E-004
  6.707061552397539E-003  6.193336261003327E-003  5.718882602174916E-003
  5.248980084812346E-003  4.709736486918147E-003  3.972756061955440E-003
  5.710549839059003E-003  7.011956825785642E-003  7.609174384865437E-003
  7.731711626796997E-003  8.168693874419340E-004  1.071107856891601E-003
  6.919234145968255E-002  0.635644492669867     
 Design variables:  1.065124154078285E-003  7.931968662395123E-004
  6.707061552397539E-003  6.193336261003327E-003  5.718882602174916E-003
  5.248980084812346E-003  4.709736486918147E-003  3.972756061955440E-003
  5.710549839059003E-003  7.011956825785642E-003  7.609174384865437E-003
  7.731711626796997E-003  8.168693874419340E-004  1.071107856891601E-003
  6.919234145968255E-002  0.635644492669867     
 Constraint value, mean lift and its standard deviation:  1.033719404658346E-002
  0.811110573888147       2.144776793473086E-002
 Calc obj  1.065124154078285E-003  7.931968662395123E-004
  6.707061552397539E-003  6.193336261003327E-003  5.718882602174916E-003
  5.248980084812346E-003  4.709736486918147E-003  3.972756061955440E-003
  5.710549839059003E-003  7.011956825785642E-003  7.609174384865437E-003
  7.731711626796997E-003  8.168693874419340E-004  1.071107856891601E-003
  6.919234145968255E-002  0.635644492669867     
 Design variables:  1.065124154078285E-003  7.931968662395123E-004
  6.707061552397539E-003  6.193336261003327E-003  5.718882602174916E-003
  5.248980084812346E-003  4.709736486918147E-003  3.972756061955440E-003
  5.710549839059003E-003  7.011956825785642E-003  7.609174384865437E-003
  7.731711626796997E-003  8.168693874419340E-004  1.071107856891601E-003
  6.919234145968255E-002  0.635644492669867     
 Mean drag value and variance:  1.245189831974347E-002  1.924586573734678E-005
    3  0.1247114E-01  0.8542368E-02  0.1293724E-01  0.3619108E+00  0.1041758E-02
 Calc con  1.004673195158219E-003  7.867546749647324E-004
  7.625813927790380E-003  7.207234411857607E-003  6.807027371161517E-003
  6.402672296332856E-003  5.926939774475221E-003  7.095135276214838E-003
  6.717520938519250E-003  7.933544878201967E-003  8.528436323685089E-003
  8.602938190181096E-003  8.114532743098829E-004  1.007827430086720E-003
  6.921180973503603E-002  0.609834586358189     
 Design variables:  1.004673195158219E-003  7.867546749647324E-004
  7.625813927790380E-003  7.207234411857607E-003  6.807027371161517E-003
  6.402672296332856E-003  5.926939774475221E-003  7.095135276214838E-003
  6.717520938519250E-003  7.933544878201967E-003  8.528436323685089E-003
  8.602938190181096E-003  8.114532743098829E-004  1.007827430086720E-003
  6.921180973503603E-002  0.609834586358189     
 Constraint value, mean lift and its standard deviation: -4.885332925403500E-003
  0.826552969640745       2.166763671534133E-002
 Calc obj  1.004673195158219E-003  7.867546749647324E-004
  7.625813927790380E-003  7.207234411857607E-003  6.807027371161517E-003
  6.402672296332856E-003  5.926939774475221E-003  7.095135276214838E-003
  6.717520938519250E-003  7.933544878201967E-003  8.528436323685089E-003
  8.602938190181096E-003  8.114532743098829E-004  1.007827430086720E-003
  6.921180973503603E-002  0.609834586358189     
 Design variables:  1.004673195158219E-003  7.867546749647324E-004
  7.625813927790380E-003  7.207234411857607E-003  6.807027371161517E-003
  6.402672296332856E-003  5.926939774475221E-003  7.095135276214838E-003
  6.717520938519250E-003  7.933544878201967E-003  8.528436323685089E-003
  8.602938190181096E-003  8.114532743098829E-004  1.007827430086720E-003
  6.921180973503603E-002  0.609834586358189     
 Mean drag value and variance:  7.200586996201221E-003  7.399963998823314E-006
    4  0.7207987E-02  0.2580991E-01  0.1703583E-02  0.1608622E+00  0.2810734E-03
 Calc con  6.141767001671693E-004  4.296289618563925E-004
  8.212104087386924E-003  7.999930809352287E-003  7.795502686779736E-003
  7.583670641332530E-003  7.319471340806152E-003  8.629336998849848E-003
  8.308903335342621E-003  8.207261423602119E-003  8.612071078578070E-003
  8.761775575256765E-003  4.693061075593268E-004  6.065583169365492E-004
  6.857649171571771E-002  0.600098335963582     
 Design variables:  6.141767001671693E-004  4.296289618563925E-004
  8.212104087386924E-003  7.999930809352287E-003  7.795502686779736E-003
  7.583670641332530E-003  7.319471340806152E-003  8.629336998849848E-003
  8.308903335342621E-003  8.207261423602119E-003  8.612071078578070E-003
  8.761775575256765E-003  4.693061075593268E-004  6.065583169365492E-004
  6.857649171571771E-002  0.600098335963582     
 Constraint value, mean lift and its standard deviation: -6.206118189815986E-003
  0.827485439593182       2.127932140336607E-002
 Calc obj  6.141767001671693E-004  4.296289618563925E-004
  8.212104087386924E-003  7.999930809352287E-003  7.795502686779736E-003
  7.583670641332530E-003  7.319471340806152E-003  8.629336998849848E-003
  8.308903335342621E-003  8.207261423602119E-003  8.612071078578070E-003
  8.761775575256765E-003  4.693061075593268E-004  6.065583169365492E-004
  6.857649171571771E-002  0.600098335963582     
 Design variables:  6.141767001671693E-004  4.296289618563925E-004
  8.212104087386924E-003  7.999930809352287E-003  7.795502686779736E-003
  7.583670641332530E-003  7.319471340806152E-003  8.629336998849848E-003
  8.308903335342621E-003  8.207261423602119E-003  8.612071078578070E-003
  8.761775575256765E-003  4.693061075593268E-004  6.065583169365492E-004
  6.857649171571771E-002  0.600098335963582     
 Mean drag value and variance:  6.283520148332394E-003  5.289881584251112E-006
    5  0.6288810E-02  0.1503721E-01  0.1648448E-02  0.1162089E+00  0.8208034E-03
 Calc con  6.331294827421755E-004  4.566722788051017E-004
  8.256254384499492E-003  8.041447232302618E-003  7.834141175467846E-003
  7.620029297705228E-003  7.354065525480577E-003  8.425995703190652E-003
  8.278173199047358E-003  8.353065076593297E-003  8.710606404983031E-003
  8.820401839401287E-003  4.963951058522308E-004  6.264345185554265E-004
  6.830775921700143E-002  0.601268447382890     
 Design variables:  6.331294827421755E-004  4.566722788051017E-004
  8.256254384499492E-003  8.041447232302618E-003  7.834141175467846E-003
  7.620029297705228E-003  7.354065525480577E-003  8.425995703190652E-003
  8.278173199047358E-003  8.353065076593297E-003  8.710606404983031E-003
  8.820401839401287E-003  4.963951058522308E-004  6.264345185554265E-004
  6.830775921700143E-002  0.601268447382890     
 Constraint value, mean lift and its standard deviation: -7.064159329227441E-003
  0.828525344215686       2.146118488645843E-002
 Calc obj  6.331294827421755E-004  4.566722788051017E-004
  8.256254384499492E-003  8.041447232302618E-003  7.834141175467846E-003
  7.620029297705228E-003  7.354065525480577E-003  8.425995703190652E-003
  8.278173199047358E-003  8.353065076593297E-003  8.710606404983031E-003
  8.820401839401287E-003  4.963951058522308E-004  6.264345185554265E-004
  6.830775921700143E-002  0.601268447382890     
 Design variables:  6.331294827421755E-004  4.566722788051017E-004
  8.256254384499492E-003  8.041447232302618E-003  7.834141175467846E-003
  7.620029297705228E-003  7.354065525480577E-003  8.425995703190652E-003
  8.278173199047358E-003  8.353065076593297E-003  8.710606404983031E-003
  8.820401839401287E-003  4.963951058522308E-004  6.264345185554265E-004
  6.830775921700143E-002  0.601268447382890     
 Mean drag value and variance:  6.487498761158859E-003  5.400362087383367E-006
    6  0.6492899E-02  0.1170111E-02  0.1403641E-03  0.3320943E-01  0.1605595E-03
 Calc con  8.770336397215104E-004  7.035851486782297E-004
  9.082085367920054E-003  8.921544089920718E-003  8.764782328711848E-003
  8.606679049332693E-003  8.414026027214307E-003  9.984269857031908E-003
  9.268723517062481E-003  8.871552843864289E-003  9.064748718540051E-003
  9.267069821678875E-003  7.444380279278792E-004  8.563040521721555E-004
  6.335542853974958E-002  0.600507427577615     
 Design variables:  8.770336397215104E-004  7.035851486782297E-004
  9.082085367920054E-003  8.921544089920718E-003  8.764782328711848E-003
  8.606679049332693E-003  8.414026027214307E-003  9.984269857031908E-003
  9.268723517062481E-003  8.871552843864289E-003  9.064748718540051E-003
  9.267069821678875E-003  7.444380279278792E-004  8.563040521721555E-004
  6.335542853974958E-002  0.600507427577615     
 Constraint value, mean lift and its standard deviation: -1.057528105680799E-003
  0.822309189228390       2.125166112270918E-002
 Calc obj  8.770336397215104E-004  7.035851486782297E-004
  9.082085367920054E-003  8.921544089920718E-003  8.764782328711848E-003
  8.606679049332693E-003  8.414026027214307E-003  9.984269857031908E-003
  9.268723517062481E-003  8.871552843864289E-003  9.064748718540051E-003
  9.267069821678875E-003  7.444380279278792E-004  8.563040521721555E-004
  6.335542853974958E-002  0.600507427577615     
 Design variables:  8.770336397215104E-004  7.035851486782297E-004
  9.082085367920054E-003  8.921544089920718E-003  8.764782328711848E-003
  8.606679049332693E-003  8.414026027214307E-003  9.984269857031908E-003
  9.268723517062481E-003  8.871552843864289E-003  9.064748718540051E-003
  9.267069821678875E-003  7.444380279278792E-004  8.563040521721555E-004
  6.335542853974958E-002  0.600507427577615     
 Mean drag value and variance:  6.608653169371403E-003  5.964035683051246E-006
 Calc con  8.854894415505071E-004  7.122145148430366E-004
  9.112994192035886E-003  8.955312062474333E-003  8.801277662054971E-003
  8.645991430680029E-003  8.456723101583123E-003  9.984269857031908E-003
  9.272974005078254E-003  8.888121862828344E-003  9.087625205031487E-003
  9.293466517331558E-003  7.530924530682645E-004  8.641994020500523E-004
  6.335710929710907E-002  0.600487437303899     
 Design variables:  8.854894415505071E-004  7.122145148430366E-004
  9.112994192035886E-003  8.955312062474333E-003  8.801277662054971E-003
  8.645991430680029E-003  8.456723101583123E-003  9.984269857031908E-003
  9.272974005078254E-003  8.888121862828344E-003  9.087625205031487E-003
  9.293466517331558E-003  7.530924530682645E-004  8.641994020500523E-004
  6.335710929710907E-002  0.600487437303899     
 Constraint value, mean lift and its standard deviation: -2.244884663555390E-003
  0.823631842490346       2.138695782679072E-002
 Calc obj  8.854894415505071E-004  7.122145148430366E-004
  9.112994192035886E-003  8.955312062474333E-003  8.801277662054971E-003
  8.645991430680029E-003  8.456723101583123E-003  9.984269857031908E-003
  9.272974005078254E-003  8.888121862828344E-003  9.087625205031487E-003
  9.293466517331558E-003  7.530924530682645E-004  8.641994020500523E-004
  6.335710929710907E-002  0.600487437303899     
 Design variables:  8.854894415505071E-004  7.122145148430366E-004
  9.112994192035886E-003  8.955312062474333E-003  8.801277662054971E-003
  8.645991430680029E-003  8.456723101583123E-003  9.984269857031908E-003
  9.272974005078254E-003  8.888121862828344E-003  9.087625205031487E-003
  9.293466517331558E-003  7.530924530682645E-004  8.641994020500523E-004
  6.335710929710907E-002  0.600487437303899     
 Mean drag value and variance:  6.589799162996456E-003  6.258423686397198E-006
 Calc con  8.858713049503600E-004  7.126042163957582E-004
  9.114390032300478E-003  8.956837021675866E-003  8.802925788672767E-003
  8.647766774982224E-003  8.458651298377700E-003  9.984269857031906E-003
  9.273165956810043E-003  8.888870118528016E-003  9.088658305509121E-003
  9.294658590200656E-003  7.534832862825134E-004  8.645559554802738E-004
  6.335718519999003E-002  0.600486534544581     
 Design variables:  8.858713049503600E-004  7.126042163957582E-004
  9.114390032300478E-003  8.956837021675866E-003  8.802925788672767E-003
  8.647766774982224E-003  8.458651298377700E-003  9.984269857031906E-003
  9.273165956810043E-003  8.888870118528016E-003  9.088658305509121E-003
  9.294658590200656E-003  7.534832862825134E-004  8.645559554802738E-004
  6.335718519999003E-002  0.600486534544581     
 Constraint value, mean lift and its standard deviation: -2.278957824867110E-003
  0.823660738762300       2.138178093743291E-002
 Calc obj  8.858713049503600E-004  7.126042163957582E-004
  9.114390032300478E-003  8.956837021675866E-003  8.802925788672767E-003
  8.647766774982224E-003  8.458651298377700E-003  9.984269857031906E-003
  9.273165956810043E-003  8.888870118528016E-003  9.088658305509121E-003
  9.294658590200656E-003  7.534832862825134E-004  8.645559554802738E-004
  6.335718519999003E-002  0.600486534544581     
 Design variables:  8.858713049503600E-004  7.126042163957582E-004
  9.114390032300478E-003  8.956837021675866E-003  8.802925788672767E-003
  8.647766774982224E-003  8.458651298377700E-003  9.984269857031906E-003
  9.273165956810043E-003  8.888870118528016E-003  9.088658305509121E-003
  9.294658590200656E-003  7.534832862825134E-004  8.645559554802738E-004
  6.335718519999003E-002  0.600486534544581     
 Mean drag value and variance:  6.618303671895145E-003  5.583922307641952E-006
    7  0.6623888E-02  0.5405427E-02  0.1310015E-03  0.6133870E-01  0.3147005E-04
 Calc con  1.029435804373946E-003  9.328013918162290E-004
  9.509425425972691E-003  9.429176659974715E-003  9.348941177161963E-003
  9.267372149627402E-003  9.169385770564441E-003  9.853855153949801E-003
  9.945555107256780E-003  9.594971546787713E-003  9.341915472079023E-003
  9.432992720484080E-003  9.711631559287181E-004  1.044996596283905E-003
  6.088902670743091E-002  0.600004855445446     
 Design variables:  1.029435804373946E-003  9.328013918162290E-004
  9.509425425972691E-003  9.429176659974715E-003  9.348941177161963E-003
  9.267372149627402E-003  9.169385770564441E-003  9.853855153949801E-003
  9.945555107256780E-003  9.594971546787713E-003  9.341915472079023E-003
  9.432992720484080E-003  9.711631559287181E-004  1.044996596283905E-003
  6.088902670743091E-002  0.600004855445446     
 Constraint value, mean lift and its standard deviation: -1.496984084678073E-003
  0.822847533015955       2.135054893127703E-002
 Calc obj  1.029435804373946E-003  9.328013918162290E-004
  9.509425425972691E-003  9.429176659974715E-003  9.348941177161963E-003
  9.267372149627402E-003  9.169385770564441E-003  9.853855153949801E-003
  9.945555107256780E-003  9.594971546787713E-003  9.341915472079023E-003
  9.432992720484080E-003  9.711631559287181E-004  1.044996596283905E-003
  6.088902670743091E-002  0.600004855445446     
 Design variables:  1.029435804373946E-003  9.328013918162290E-004
  9.509425425972691E-003  9.429176659974715E-003  9.348941177161963E-003
  9.267372149627402E-003  9.169385770564441E-003  9.853855153949801E-003
  9.945555107256780E-003  9.594971546787713E-003  9.341915472079023E-003
  9.432992720484080E-003  9.711631559287181E-004  1.044996596283905E-003
  6.088902670743091E-002  0.600004855445446     
 Mean drag value and variance:  6.616135095263789E-003  6.405191103058661E-006
    8  0.6622540E-02  0.2595483E-02  0.3497248E-04  0.1226743E+00  0.1406367E-04
 Calc con  1.157053859540554E-003  1.108533213892529E-003
  9.777403119791106E-003  9.731941778768710E-003  9.683114600271049E-003
  9.630732540352098E-003  9.566579009505376E-003  9.961584335006875E-003
  9.953272315965732E-003  9.995959615467877E-003  9.656492015454076E-003
  9.532193197004896E-003  1.130058532816072E-003  1.168821303691203E-003
  5.919916785758125E-002  0.600032878651406     
 Design variables:  1.157053859540554E-003  1.108533213892529E-003
  9.777403119791106E-003  9.731941778768710E-003  9.683114600271049E-003
  9.630732540352098E-003  9.566579009505376E-003  9.961584335006875E-003
  9.953272315965732E-003  9.995959615467877E-003  9.656492015454076E-003
  9.532193197004896E-003  1.130058532816072E-003  1.168821303691203E-003
  5.919916785758125E-002  0.600032878651406     
 Constraint value, mean lift and its standard deviation: -4.725522380198272E-004
  0.821739501297100       2.126694905908029E-002
 Calc obj  1.157053859540554E-003  1.108533213892529E-003
  9.777403119791106E-003  9.731941778768710E-003  9.683114600271049E-003
  9.630732540352098E-003  9.566579009505376E-003  9.961584335006875E-003
  9.953272315965732E-003  9.995959615467877E-003  9.656492015454076E-003
  9.532193197004896E-003  1.130058532816072E-003  1.168821303691203E-003
  5.919916785758125E-002  0.600032878651406     
 Design variables:  1.157053859540554E-003  1.108533213892529E-003
  9.777403119791106E-003  9.731941778768710E-003  9.683114600271049E-003
  9.630732540352098E-003  9.566579009505376E-003  9.961584335006875E-003
  9.953272315965732E-003  9.995959615467877E-003  9.656492015454076E-003
  9.532193197004896E-003  1.130058532816072E-003  1.168821303691203E-003
  5.919916785758125E-002  0.600032878651406     
 Mean drag value and variance:  6.578088555328344E-003  6.302767225934444E-006
 Calc con  1.157682175264460E-003  1.109399390364771E-003
  9.778933399424823E-003  9.733786600232277E-003  9.685297092726643E-003
  9.633267875975538E-003  9.569528919689103E-003  9.961253575537656E-003
  9.953114577184714E-003  9.995959615467877E-003  9.661070517953341E-003
  9.537759762590874E-003  1.130785286278980E-003  1.169287248828999E-003
  5.920619246822752E-002  0.600032896811216     
 Design variables:  1.157682175264460E-003  1.109399390364771E-003
  9.778933399424823E-003  9.733786600232277E-003  9.685297092726643E-003
  9.633267875975538E-003  9.569528919689103E-003  9.961253575537656E-003
  9.953114577184714E-003  9.995959615467877E-003  9.661070517953341E-003
  9.537759762590874E-003  1.130785286278980E-003  1.169287248828999E-003
  5.920619246822752E-002  0.600032896811216     
 Constraint value, mean lift and its standard deviation: -5.497314840554567E-004
  0.821963742141459       2.141401065740301E-002
 Calc obj  1.157682175264460E-003  1.109399390364771E-003
  9.778933399424823E-003  9.733786600232277E-003  9.685297092726643E-003
  9.633267875975538E-003  9.569528919689103E-003  9.961253575537656E-003
  9.953114577184714E-003  9.995959615467877E-003  9.661070517953341E-003
  9.537759762590874E-003  1.130785286278980E-003  1.169287248828999E-003
  5.920619246822752E-002  0.600032896811216     
 Design variables:  1.157682175264460E-003  1.109399390364771E-003
  9.778933399424823E-003  9.733786600232277E-003  9.685297092726643E-003
  9.633267875975538E-003  9.569528919689103E-003  9.961253575537656E-003
  9.953114577184714E-003  9.995959615467877E-003  9.661070517953341E-003
  9.537759762590874E-003  1.130785286278980E-003  1.169287248828999E-003
  5.920619246822752E-002  0.600032896811216     
 Mean drag value and variance:  6.592643052008476E-003  6.269060968841131E-006
 Calc con  1.157935012432456E-003  1.109747943803582E-003
  9.779549191062864E-003  9.734528964964781E-003  9.686175337835988E-003
  9.634288106815797E-003  9.570715977259555E-003  9.961120476389723E-003
  9.953051102365992E-003  9.995959615467877E-003  9.662912928641996E-003
  9.539999774458590E-003  1.131077735250734E-003  1.169474747318372E-003
  5.920901920420515E-002  0.600032904118808     
 Design variables:  1.157935012432456E-003  1.109747943803582E-003
  9.779549191062864E-003  9.734528964964781E-003  9.686175337835988E-003
  9.634288106815797E-003  9.570715977259555E-003  9.961120476389723E-003
  9.953051102365992E-003  9.995959615467877E-003  9.662912928641996E-003
  9.539999774458590E-003  1.131077735250734E-003  1.169474747318372E-003
  5.920901920420515E-002  0.600032904118808     
 Constraint value, mean lift and its standard deviation: -7.070447110137275E-004
  0.822029728733937       2.132268402292299E-002
 Calc obj  1.157935012432456E-003  1.109747943803582E-003
  9.779549191062864E-003  9.734528964964781E-003  9.686175337835988E-003
  9.634288106815797E-003  9.570715977259555E-003  9.961120476389723E-003
  9.953051102365992E-003  9.995959615467877E-003  9.662912928641996E-003
  9.539999774458590E-003  1.131077735250734E-003  1.169474747318372E-003
  5.920901920420515E-002  0.600032904118808     
 Design variables:  1.157935012432456E-003  1.109747943803582E-003
  9.779549191062864E-003  9.734528964964781E-003  9.686175337835988E-003
  9.634288106815797E-003  9.570715977259555E-003  9.961120476389723E-003
  9.953051102365992E-003  9.995959615467877E-003  9.662912928641996E-003
  9.539999774458590E-003  1.131077735250734E-003  1.169474747318372E-003
  5.920901920420515E-002  0.600032904118808     
 Mean drag value and variance:  6.593534592660862E-003  6.421870515850192E-006
    9  0.6599956E-02  0.2335230E-02  0.2562406E-05  0.1673674E+00  0.7552839E-05
 Calc con  1.237777952732117E-003  1.230296415933339E-003
  9.968342752040607E-003  9.959478344965467E-003  9.948429777142906E-003
  9.934471739478035E-003  9.914501937174934E-003  9.995313052431001E-003
  9.996624829211508E-003  9.995111512317745E-003  9.996639029286420E-003
  9.832824970148177E-003  1.233587915535776E-003  1.239730136201262E-003
  5.795267256270300E-002  0.600008474283692     
 Design variables:  1.237777952732117E-003  1.230296415933339E-003
  9.968342752040607E-003  9.959478344965467E-003  9.948429777142906E-003
  9.934471739478035E-003  9.914501937174934E-003  9.995313052431001E-003
  9.996624829211508E-003  9.995111512317745E-003  9.996639029286420E-003
  9.832824970148177E-003  1.233587915535776E-003  1.239730136201262E-003
  5.795267256270300E-002  0.600008474283692     
 Constraint value, mean lift and its standard deviation:  2.535715414399009E-004
  0.821043038861539       2.129661040297892E-002
 Calc obj  1.237777952732117E-003  1.230296415933339E-003
  9.968342752040607E-003  9.959478344965467E-003  9.948429777142906E-003
  9.934471739478035E-003  9.914501937174934E-003  9.995313052431001E-003
  9.996624829211508E-003  9.995111512317745E-003  9.996639029286420E-003
  9.832824970148177E-003  1.233587915535776E-003  1.239730136201262E-003
  5.795267256270300E-002  0.600008474283692     
 Design variables:  1.237777952732117E-003  1.230296415933339E-003
  9.968342752040607E-003  9.959478344965467E-003  9.948429777142906E-003
  9.934471739478035E-003  9.914501937174934E-003  9.995313052431001E-003
  9.996624829211508E-003  9.995111512317745E-003  9.996639029286420E-003
  9.832824970148177E-003  1.233587915535776E-003  1.239730136201262E-003
  5.795267256270300E-002  0.600008474283692     
 Mean drag value and variance:  6.426480135439628E-003  5.871420095086788E-006
   10  0.6432352E-02  0.1464519E-02  0.3640499E-03  0.1739048E+00  0.5791407E-06
 Calc con  1.094377265663364E-003  1.017028909617436E-003
  9.628646679851957E-003  9.557112631479974E-003  9.480993910754206E-003
  9.399318729497157E-003  9.298146395332383E-003  9.883924555996605E-003
  9.878602682071988E-003  9.819314692837595E-003  9.513099476279777E-003
  9.998338149701481E-003  1.049201737881278E-003  1.107018659593240E-003
  5.986791785098215E-002  0.600128284331223     
 Design variables:  1.094377265663364E-003  1.017028909617436E-003
  9.628646679851957E-003  9.557112631479974E-003  9.480993910754206E-003
  9.399318729497157E-003  9.298146395332383E-003  9.883924555996605E-003
  9.878602682071988E-003  9.819314692837595E-003  9.513099476279777E-003
  9.998338149701481E-003  1.049201737881278E-003  1.107018659593240E-003
  5.986791785098215E-002  0.600128284331223     
 Constraint value, mean lift and its standard deviation: -1.575169421468486E-003
  0.822924957715677       2.134978829420822E-002
 Calc obj  1.094377265663364E-003  1.017028909617436E-003
  9.628646679851957E-003  9.557112631479974E-003  9.480993910754206E-003
  9.399318729497157E-003  9.298146395332383E-003  9.883924555996605E-003
  9.878602682071988E-003  9.819314692837595E-003  9.513099476279777E-003
  9.998338149701481E-003  1.049201737881278E-003  1.107018659593240E-003
  5.986791785098215E-002  0.600128284331223     
 Design variables:  1.094377265663364E-003  1.017028909617436E-003
  9.628646679851957E-003  9.557112631479974E-003  9.480993910754206E-003
  9.399318729497157E-003  9.298146395332383E-003  9.883924555996605E-003
  9.878602682071988E-003  9.819314692837595E-003  9.513099476279777E-003
  9.998338149701481E-003  1.049201737881278E-003  1.107018659593240E-003
  5.986791785098215E-002  0.600128284331223     
 Mean drag value and variance:  6.519644647309719E-003  6.210466189101560E-006
   11  0.6525855E-02  0.1921248E-02  0.3880329E-03  0.1323472E-01  0.2169580E-04
 Calc con  1.160056857506254E-003  1.119055403870399E-003
  9.784494047901156E-003  9.749523468122292E-003  9.714632928291949E-003
  9.678326274354816E-003  9.632892460796495E-003  9.716718138394330E-003
  9.757261538022621E-003  9.816980971829559E-003  9.865761386609252E-003
  9.865108812460667E-003  1.133052627807794E-003  1.159042256983401E-003
  5.914779965366822E-002  0.600105088503883     
 Design variables:  1.160056857506254E-003  1.119055403870399E-003
  9.784494047901156E-003  9.749523468122292E-003  9.714632928291949E-003
  9.678326274354816E-003  9.632892460796495E-003  9.716718138394330E-003
  9.757261538022621E-003  9.816980971829559E-003  9.865761386609252E-003
  9.865108812460667E-003  1.133052627807794E-003  1.159042256983401E-003
  5.914779965366822E-002  0.600105088503883     
 Constraint value, mean lift and its standard deviation: -6.747930411681417E-004
  0.821973952568891       2.129915952772276E-002
 Calc obj  1.160056857506254E-003  1.119055403870399E-003
  9.784494047901156E-003  9.749523468122292E-003  9.714632928291949E-003
  9.678326274354816E-003  9.632892460796495E-003  9.716718138394330E-003
  9.757261538022621E-003  9.816980971829559E-003  9.865761386609252E-003
  9.865108812460667E-003  1.133052627807794E-003  1.159042256983401E-003
  5.914779965366822E-002  0.600105088503883     
 Design variables:  1.160056857506254E-003  1.119055403870399E-003
  9.784494047901156E-003  9.749523468122292E-003  9.714632928291949E-003
  9.678326274354816E-003  9.632892460796495E-003  9.716718138394330E-003
  9.757261538022621E-003  9.816980971829559E-003  9.865761386609252E-003
  9.865108812460667E-003  1.133052627807794E-003  1.159042256983401E-003
  5.914779965366822E-002  0.600105088503883     
 Mean drag value and variance:  6.309883135367299E-003  5.540019588610246E-006
   12  0.6315423E-02  0.7201182E-03  0.6802589E-05  0.9486181E-02  0.2003982E-04
 Calc con  1.229166029013852E-003  1.217572196184948E-003
  9.954349904795400E-003  9.946873541750481E-003  9.939897277331846E-003
  9.933377221017911E-003  9.926339433053622E-003  9.969277275960647E-003
  9.968027364449241E-003  9.963584942855271E-003  9.969022409377165E-003
  9.963867081844940E-003  1.221631290712200E-003  1.229072875990727E-003
  5.798354309194287E-002  0.600022998949108     
 Design variables:  1.229166029013852E-003  1.217572196184948E-003
  9.954349904795400E-003  9.946873541750481E-003  9.939897277331846E-003
  9.933377221017911E-003  9.926339433053622E-003  9.969277275960647E-003
  9.968027364449241E-003  9.963584942855271E-003  9.969022409377165E-003
  9.963867081844940E-003  1.221631290712200E-003  1.229072875990727E-003
  5.798354309194287E-002  0.600022998949108     
 Constraint value, mean lift and its standard deviation:  2.757358428292778E-004
  0.821076724755028       2.135246059785703E-002
 Calc obj  1.229166029013852E-003  1.217572196184948E-003
  9.954349904795400E-003  9.946873541750481E-003  9.939897277331846E-003
  9.933377221017911E-003  9.926339433053622E-003  9.969277275960647E-003
  9.968027364449241E-003  9.963584942855271E-003  9.969022409377165E-003
  9.963867081844940E-003  1.221631290712200E-003  1.229072875990727E-003
  5.798354309194287E-002  0.600022998949108     
 Design variables:  1.229166029013852E-003  1.217572196184948E-003
  9.954349904795400E-003  9.946873541750481E-003  9.939897277331846E-003
  9.933377221017911E-003  9.926339433053622E-003  9.969277275960647E-003
  9.968027364449241E-003  9.963584942855271E-003  9.969022409377165E-003
  9.963867081844940E-003  1.221631290712200E-003  1.229072875990727E-003
  5.798354309194287E-002  0.600022998949108     
 Mean drag value and variance:  6.379591152631244E-003  5.814733411936314E-006
 Calc con  1.229429426354507E-003  1.217935889575072E-003
  9.954921441281362E-003  9.947481603381473E-003  9.940503773078060E-003
  9.933932762977314E-003  9.926757159253990E-003  9.969021696095400E-003
  9.968104107677010E-003  9.964078911196595E-003  9.969494682892887E-003
  9.964516289326621E-003  1.221960684852508E-003  1.229332857113982E-003
  5.802470104268169E-002  0.600022745706679     
 Design variables:  1.229429426354507E-003  1.217935889575072E-003
  9.954921441281362E-003  9.947481603381473E-003  9.940503773078060E-003
  9.933932762977314E-003  9.926757159253990E-003  9.969021696095400E-003
  9.968104107677010E-003  9.964078911196595E-003  9.969494682892887E-003
  9.964516289326621E-003  1.221960684852508E-003  1.229332857113982E-003
  5.802470104268169E-002  0.600022745706679     
 Constraint value, mean lift and its standard deviation: -4.988127456912947E-005
  0.821413114896904       2.136323362233532E-002
 Calc obj  1.229429426354507E-003  1.217935889575072E-003
  9.954921441281362E-003  9.947481603381473E-003  9.940503773078060E-003
  9.933932762977314E-003  9.926757159253990E-003  9.969021696095400E-003
  9.968104107677010E-003  9.964078911196595E-003  9.969494682892887E-003
  9.964516289326621E-003  1.221960684852508E-003  1.229332857113982E-003
  5.802470104268169E-002  0.600022745706679     
 Design variables:  1.229429426354507E-003  1.217935889575072E-003
  9.954921441281362E-003  9.947481603381473E-003  9.940503773078060E-003
  9.933932762977314E-003  9.926757159253990E-003  9.969021696095400E-003
  9.968104107677010E-003  9.964078911196595E-003  9.969494682892887E-003
  9.964516289326621E-003  1.221960684852508E-003  1.229332857113982E-003
  5.802470104268169E-002  0.600022745706679     
 Mean drag value and variance:  6.393775031745951E-003  5.815214079308552E-006
 Calc con  1.229483197180434E-003  1.218010135176499E-003
  9.955038116676876E-003  9.947605735143895E-003  9.940627585175457E-003
  9.934046173195961E-003  9.926842435296450E-003  9.968969521155399E-003
  9.968119774299655E-003  9.964179751568138E-003  9.969591094409196E-003
  9.964648820742472E-003  1.222027928488819E-003  1.229385930541710E-003
  5.803310316625370E-002  0.600022694008911     
 Design variables:  1.229483197180434E-003  1.218010135176499E-003
  9.955038116676876E-003  9.947605735143895E-003  9.940627585175457E-003
  9.934046173195961E-003  9.926842435296450E-003  9.968969521155399E-003
  9.968119774299655E-003  9.964179751568138E-003  9.969591094409196E-003
  9.964648820742472E-003  1.222027928488819E-003  1.229385930541710E-003
  5.803310316625370E-002  0.600022694008911     
 Constraint value, mean lift and its standard deviation: -2.381285883699159E-004
  0.821574054059603       2.133592547123264E-002
 Calc obj  1.229483197180434E-003  1.218010135176499E-003
  9.955038116676876E-003  9.947605735143895E-003  9.940627585175457E-003
  9.934046173195961E-003  9.926842435296450E-003  9.968969521155399E-003
  9.968119774299655E-003  9.964179751568138E-003  9.969591094409196E-003
  9.964648820742472E-003  1.222027928488819E-003  1.229385930541710E-003
  5.803310316625370E-002  0.600022694008911     
 Design variables:  1.229483197180434E-003  1.218010135176499E-003
  9.955038116676876E-003  9.947605735143895E-003  9.940627585175457E-003
  9.934046173195961E-003  9.926842435296450E-003  9.968969521155399E-003
  9.968119774299655E-003  9.964179751568138E-003  9.969591094409196E-003
  9.964648820742472E-003  1.222027928488819E-003  1.229385930541710E-003
  5.803310316625370E-002  0.600022694008911     
 Mean drag value and variance:  6.401531088844925E-003  5.726324901988660E-006
 Calc con  1.194611443260053E-003  1.168313800027673E-003
  9.869421976348278E-003  9.848198504936387E-003  9.827265102811898E-003
  9.805851747686363E-003  9.779615946925059E-003  9.842997707177489E-003
  9.862644451235931E-003  9.890282957342416E-003  9.917391897993209E-003
  9.914487947152804E-003  1.177341959259997E-003  1.194057566487064E-003
  5.856567137280554E-002  0.600064043726496     
 Design variables:  1.194611443260053E-003  1.168313800027673E-003
  9.869421976348278E-003  9.848198504936387E-003  9.827265102811898E-003
  9.805851747686363E-003  9.779615946925059E-003  9.842997707177489E-003
  9.862644451235931E-003  9.890282957342416E-003  9.917391897993209E-003
  9.914487947152804E-003  1.177341959259997E-003  1.194057566487064E-003
  5.856567137280554E-002  0.600064043726496     
 Constraint value, mean lift and its standard deviation: -2.012208114894019E-004
  0.821516403901975       2.131518309048600E-002
 Calc obj  1.194611443260053E-003  1.168313800027673E-003
  9.869421976348278E-003  9.848198504936387E-003  9.827265102811898E-003
  9.805851747686363E-003  9.779615946925059E-003  9.842997707177489E-003
  9.862644451235931E-003  9.890282957342416E-003  9.917391897993209E-003
  9.914487947152804E-003  1.177341959259997E-003  1.194057566487064E-003
  5.856567137280554E-002  0.600064043726496     
 Design variables:  1.194611443260053E-003  1.168313800027673E-003
  9.869421976348278E-003  9.848198504936387E-003  9.827265102811898E-003
  9.805851747686363E-003  9.779615946925059E-003  9.842997707177489E-003
  9.862644451235931E-003  9.890282957342416E-003  9.917391897993209E-003
  9.914487947152804E-003  1.177341959259997E-003  1.194057566487064E-003
  5.856567137280554E-002  0.600064043726496     
 Mean drag value and variance:  6.346110208655772E-003  5.820310816551630E-006
 Calc con  1.177334150383154E-003  1.143684601949036E-003
  9.826958012124716E-003  9.798860986529340E-003  9.770949015551924E-003
  9.742089011020590E-003  9.706254203860776E-003  9.779857922785910E-003
  9.809952994629277E-003  9.853631964585987E-003  9.891576642301230E-003
  9.889798379806735E-003  1.155197293533895E-003  1.176549911735233E-003
  5.885673551323688E-002  0.600084566115189     
 Design variables:  1.177334150383154E-003  1.143684601949036E-003
  9.826958012124716E-003  9.798860986529340E-003  9.770949015551924E-003
  9.742089011020590E-003  9.706254203860776E-003  9.779857922785910E-003
  9.809952994629277E-003  9.853631964585987E-003  9.891576642301230E-003
  9.889798379806735E-003  1.155197293533895E-003  1.176549911735233E-003
  5.885673551323688E-002  0.600084566115189     
 Constraint value, mean lift and its standard deviation: -3.375590475849996E-004
  0.821772617362702       2.143505831511697E-002
 Calc obj  1.177334150383154E-003  1.143684601949036E-003
  9.826958012124716E-003  9.798860986529340E-003  9.770949015551924E-003
  9.742089011020590E-003  9.706254203860776E-003  9.779857922785910E-003
  9.809952994629277E-003  9.853631964585987E-003  9.891576642301230E-003
  9.889798379806735E-003  1.155197293533895E-003  1.176549911735233E-003
  5.885673551323688E-002  0.600084566115189     
 Design variables:  1.177334150383154E-003  1.143684601949036E-003
  9.826958012124716E-003  9.798860986529340E-003  9.770949015551924E-003
  9.742089011020590E-003  9.706254203860776E-003  9.779857922785910E-003
  9.809952994629277E-003  9.853631964585987E-003  9.891576642301230E-003
  9.889798379806735E-003  1.155197293533895E-003  1.176549911735233E-003
  5.885673551323688E-002  0.600084566115189     
 Mean drag value and variance:  6.369407220485021E-003  5.893925339384089E-006
 Calc con  1.168695503944704E-003  1.131370002909717E-003
  9.805726030012937E-003  9.774192227325815E-003  9.742790971921936E-003
  9.710207642687702E-003  9.669573332328636E-003  9.748288030590120E-003
  9.783607266325949E-003  9.835306468207773E-003  9.878669014455240E-003
  9.877453596133701E-003  1.144124960670845E-003  1.167796084359317E-003
  5.900226758345255E-002  0.600094827309536     
 Design variables:  1.168695503944704E-003  1.131370002909717E-003
  9.805726030012937E-003  9.774192227325815E-003  9.742790971921936E-003
  9.710207642687702E-003  9.669573332328636E-003  9.748288030590120E-003
  9.783607266325949E-003  9.835306468207773E-003  9.878669014455240E-003
  9.877453596133701E-003  1.144124960670845E-003  1.167796084359317E-003
  5.900226758345255E-002  0.600094827309536     
 Constraint value, mean lift and its standard deviation: -5.264040550401576E-004
  0.821897455433824       2.137105137878344E-002
 Calc obj  1.168695503944704E-003  1.131370002909717E-003
  9.805726030012937E-003  9.774192227325815E-003  9.742790971921936E-003
  9.710207642687702E-003  9.669573332328636E-003  9.748288030590120E-003
  9.783607266325949E-003  9.835306468207773E-003  9.878669014455240E-003
  9.877453596133701E-003  1.144124960670845E-003  1.167796084359317E-003
  5.900226758345255E-002  0.600094827309536     
 Design variables:  1.168695503944704E-003  1.131370002909717E-003
  9.805726030012937E-003  9.774192227325815E-003  9.742790971921936E-003
  9.710207642687702E-003  9.669573332328636E-003  9.748288030590120E-003
  9.783607266325949E-003  9.835306468207773E-003  9.878669014455240E-003
  9.877453596133701E-003  1.144124960670845E-003  1.167796084359317E-003
  5.900226758345255E-002  0.600094827309536     
 Mean drag value and variance:  6.340327650233929E-003  5.633799222712044E-006
 Calc con  1.164376180725479E-003  1.125212703390058E-003
  9.795110038957047E-003  9.761857847724055E-003  9.728711950106944E-003
  9.694266958521259E-003  9.651232896562566E-003  9.732503084492224E-003
  9.770434402174285E-003  9.826143720018665E-003  9.872215200532247E-003
  9.871281204297184E-003  1.138588794239319E-003  1.163419170671359E-003
  5.907503361856039E-002  0.600099957906710     
 Design variables:  1.164376180725479E-003  1.125212703390058E-003
  9.795110038957047E-003  9.761857847724055E-003  9.728711950106944E-003
  9.694266958521259E-003  9.651232896562566E-003  9.732503084492224E-003
  9.770434402174285E-003  9.826143720018665E-003  9.872215200532247E-003
  9.871281204297184E-003  1.138588794239319E-003  1.163419170671359E-003
  5.907503361856039E-002  0.600099957906710     
 Constraint value, mean lift and its standard deviation: -4.918553776298053E-004
  0.821909279230498       2.141742385286765E-002
 Calc obj  1.164376180725479E-003  1.125212703390058E-003
  9.795110038957047E-003  9.761857847724055E-003  9.728711950106944E-003
  9.694266958521259E-003  9.651232896562566E-003  9.732503084492224E-003
  9.770434402174285E-003  9.826143720018665E-003  9.872215200532247E-003
  9.871281204297184E-003  1.138588794239319E-003  1.163419170671359E-003
  5.907503361856039E-002  0.600099957906710     
 Design variables:  1.164376180725479E-003  1.125212703390058E-003
  9.795110038957047E-003  9.761857847724055E-003  9.728711950106944E-003
  9.694266958521259E-003  9.651232896562566E-003  9.732503084492224E-003
  9.770434402174285E-003  9.826143720018665E-003  9.872215200532247E-003
  9.871281204297184E-003  1.138588794239319E-003  1.163419170671359E-003
  5.907503361856039E-002  0.600099957906710     
 Mean drag value and variance:  6.305439887219989E-003  5.439666653901035E-006
   13  0.6310880E-02  0.1164257E-02  0.1556342E-03  0.1850014E-01  0.2459154E-05
 Calc con  1.246750652549505E-003  1.245027964326027E-003
  9.992558933328611E-003  9.991295778885108E-003  9.990119693233037E-003
  9.989059722729855E-003  9.988036940188636E-003  9.997095127408590E-003
  9.996155589463623E-003  9.994440119010425E-003  9.994750019411228E-003
  9.993978082424087E-003  1.245612540394139E-003  1.246752679949031E-003
  5.774765523624248E-002  0.600007181816155     
 Design variables:  1.246750652549505E-003  1.245027964326027E-003
  9.992558933328611E-003  9.991295778885108E-003  9.990119693233037E-003
  9.989059722729855E-003  9.988036940188636E-003  9.997095127408590E-003
  9.996155589463623E-003  9.994440119010425E-003  9.994750019411228E-003
  9.993978082424087E-003  1.245612540394139E-003  1.246752679949031E-003
  5.774765523624248E-002  0.600007181816155     
 Constraint value, mean lift and its standard deviation:  2.980248444458301E-004
  0.821048729507729       2.134675435217434E-002
 Calc obj  1.246750652549505E-003  1.245027964326027E-003
  9.992558933328611E-003  9.991295778885108E-003  9.990119693233037E-003
  9.989059722729855E-003  9.988036940188636E-003  9.997095127408590E-003
  9.996155589463623E-003  9.994440119010425E-003  9.994750019411228E-003
  9.993978082424087E-003  1.245612540394139E-003  1.246752679949031E-003
  5.774765523624248E-002  0.600007181816155     
 Design variables:  1.246750652549505E-003  1.245027964326027E-003
  9.992558933328611E-003  9.991295778885108E-003  9.990119693233037E-003
  9.989059722729855E-003  9.988036940188636E-003  9.997095127408590E-003
  9.996155589463623E-003  9.994440119010425E-003  9.994750019411228E-003
  9.993978082424087E-003  1.245612540394139E-003  1.246752679949031E-003
  5.774765523624248E-002  0.600007181816155     
 Mean drag value and variance:  6.394088856726444E-003  5.927777431063285E-006
 Calc con  1.246968203475098E-003  1.245334352274088E-003
  9.993018670563552E-003  9.991784463807506E-003  9.990605476882025E-003
  9.989501720812883E-003  9.988364469636135E-003  9.996900072301548E-003
  9.996206136769005E-003  9.994832638109206E-003  9.995137065416434E-003
  9.994544009144644E-003  1.245888369124511E-003  1.246967098437638E-003
  5.777985310036745E-002  0.600006973433347     
 Design variables:  1.246968203475098E-003  1.245334352274088E-003
  9.993018670563552E-003  9.991784463807506E-003  9.990605476882025E-003
  9.989501720812883E-003  9.988364469636135E-003  9.996900072301548E-003
  9.996206136769005E-003  9.994832638109206E-003  9.995137065416434E-003
  9.994544009144644E-003  1.245888369124511E-003  1.246967098437638E-003
  5.777985310036745E-002  0.600006973433347     
 Constraint value, mean lift and its standard deviation: -1.938422892407837E-005
  0.821338371077156       2.131898684823234E-002
 Calc obj  1.246968203475098E-003  1.245334352274088E-003
  9.993018670563552E-003  9.991784463807506E-003  9.990605476882025E-003
  9.989501720812883E-003  9.988364469636135E-003  9.996900072301548E-003
  9.996206136769005E-003  9.994832638109206E-003  9.995137065416434E-003
  9.994544009144644E-003  1.245888369124511E-003  1.246967098437638E-003
  5.777985310036745E-002  0.600006973433347     
 Design variables:  1.246968203475098E-003  1.245334352274088E-003
  9.993018670563552E-003  9.991784463807506E-003  9.990605476882025E-003
  9.989501720812883E-003  9.988364469636135E-003  9.996900072301548E-003
  9.996206136769005E-003  9.994832638109206E-003  9.995137065416434E-003
  9.994544009144644E-003  1.245888369124511E-003  1.246967098437638E-003
  5.777985310036745E-002  0.600006973433347     
 Mean drag value and variance:  6.398987563341855E-003  5.860737785382655E-006
   14  0.6404848E-02  0.1327378E-02  0.3859390E-05  0.2153498E-01  0.7657409E-06
 Calc con  1.249405410909587E-003  1.249113644974465E-003
  9.998600761567002E-003  9.998362388581252E-003  9.998112846415979E-003
  9.997839594236543E-003  9.997482256786329E-003  9.998009343720155E-003
  9.998274928309179E-003  9.998798296338447E-003  9.999126279315053E-003
  9.999526980297617E-003  1.249224339509578E-003  1.249400287617378E-003
  5.774671325106598E-002  0.600000059834333     
 Design variables:  1.249405410909587E-003  1.249113644974465E-003
  9.998600761567002E-003  9.998362388581252E-003  9.998112846415979E-003
  9.997839594236543E-003  9.997482256786329E-003  9.998009343720155E-003
  9.998274928309179E-003  9.998798296338447E-003  9.999126279315053E-003
  9.999526980297617E-003  1.249224339509578E-003  1.249400287617378E-003
  5.774671325106598E-002  0.600000059834333     
 Constraint value, mean lift and its standard deviation: -3.324361529471326E-005
  0.821331251100248       2.129800748495276E-002
 Calc obj  1.249405410909587E-003  1.249113644974465E-003
  9.998600761567002E-003  9.998362388581252E-003  9.998112846415979E-003
  9.997839594236543E-003  9.997482256786329E-003  9.998009343720155E-003
  9.998274928309179E-003  9.998798296338447E-003  9.999126279315053E-003
  9.999526980297617E-003  1.249224339509578E-003  1.249400287617378E-003
  5.774671325106598E-002  0.600000059834333     
 Design variables:  1.249405410909587E-003  1.249113644974465E-003
  9.998600761567002E-003  9.998362388581252E-003  9.998112846415979E-003
  9.997839594236543E-003  9.997482256786329E-003  9.998009343720155E-003
  9.998274928309179E-003  9.998798296338447E-003  9.999126279315053E-003
  9.999526980297617E-003  1.249224339509578E-003  1.249400287617378E-003
  5.774671325106598E-002  0.600000059834333     
 Mean drag value and variance:  6.396258833658020E-003  5.760616086850771E-006
 Calc con  1.249404901144021E-003  1.249112854994482E-003
  9.998599601054476E-003  9.998361033764553E-003  9.998111324776866E-003
  9.997837948711837E-003  9.997480538866696E-003  9.998009057087422E-003
  9.998274401014390E-003  9.998797381215528E-003  9.999125427063254E-003
  9.999526085563861E-003  1.249223666157501E-003  1.249399788432692E-003
  5.774362530419750E-002  0.600000059834333     
 Design variables:  1.249404901144021E-003  1.249112854994482E-003
  9.998599601054476E-003  9.998361033764553E-003  9.998111324776866E-003
  9.997837948711837E-003  9.997480538866696E-003  9.998009057087422E-003
  9.998274401014390E-003  9.998797381215528E-003  9.999125427063254E-003
  9.999526085563861E-003  1.249223666157501E-003  1.249399788432692E-003
  5.774362530419750E-002  0.600000059834333     
 Constraint value, mean lift and its standard deviation: -1.548115920222207E-004
  0.821368446187127       2.121363459510441E-002
 Calc obj  1.249404901144021E-003  1.249112854994482E-003
  9.998599601054476E-003  9.998361033764553E-003  9.998111324776866E-003
  9.997837948711837E-003  9.997480538866696E-003  9.998009057087422E-003
  9.998274401014390E-003  9.998797381215528E-003  9.999125427063254E-003
  9.999526085563861E-003  1.249223666157501E-003  1.249399788432692E-003
  5.774362530419750E-002  0.600000059834333     
 Design variables:  1.249404901144021E-003  1.249112854994482E-003
  9.998599601054476E-003  9.998361033764553E-003  9.998111324776866E-003
  9.997837948711837E-003  9.997480538866696E-003  9.998009057087422E-003
  9.998274401014390E-003  9.998797381215528E-003  9.999125427063254E-003
  9.999526085563861E-003  1.249223666157501E-003  1.249399788432692E-003
  5.774362530419750E-002  0.600000059834333     
 Mean drag value and variance:  6.383582538479678E-003  5.787151067497728E-006
   15  0.6389370E-02  0.3345004E-04  0.1505049E-03  0.1500981E-01  0.1409886E-06
 
 The solution was found.
 
 The final value of the objective function is   6.389369689547176E-003
 
 The optimal values of X are:
 
 X  (           1 ) =   1.249404901144021E-003
 X  (           2 ) =   1.249112854994482E-003
 X  (           3 ) =   9.998599601054476E-003
 X  (           4 ) =   9.998361033764553E-003
 X  (           5 ) =   9.998111324776866E-003
 X  (           6 ) =   9.997837948711837E-003
 X  (           7 ) =   9.997480538866696E-003
 X  (           8 ) =   9.998009057087422E-003
 X  (           9 ) =   9.998274401014390E-003
 X  (          10 ) =   9.998797381215528E-003
 X  (          11 ) =   9.999125427063254E-003
 X  (          12 ) =   9.999526085563861E-003
 X  (          13 ) =   1.249223666157501E-003
 X  (          14 ) =   1.249399788432692E-003
 X  (          15 ) =    3.30846602371534     
 X  (          16 ) =   0.600000059834333     
 
 The multipliers for the equality constraints are:
 
 LAM(           1 ) =   2.822937352486735E-002
 
 Mean drag and its variance:  6.383582538479678E-003  5.787151067497728E-006
