 >> Number of Processors =   1
 Calc con  0.000000000000000E+000  0.000000000000000E+000
  0.000000000000000E+000  0.000000000000000E+000  0.000000000000000E+000
  0.000000000000000E+000  0.000000000000000E+000  0.000000000000000E+000
  0.000000000000000E+000  0.000000000000000E+000  0.000000000000000E+000
  0.000000000000000E+000  0.000000000000000E+000  0.000000000000000E+000
  3.490658503988659E-002  0.530000000000000     
 Design variables:  0.000000000000000E+000  0.000000000000000E+000
  0.000000000000000E+000  0.000000000000000E+000  0.000000000000000E+000
  0.000000000000000E+000  0.000000000000000E+000  0.000000000000000E+000
  0.000000000000000E+000  0.000000000000000E+000  0.000000000000000E+000
  0.000000000000000E+000  0.000000000000000E+000  0.000000000000000E+000
  3.490658503988659E-002  0.530000000000000     
 Constraint value, mean lift and its standard deviation:  0.654566833540482     
  0.159920075823155       1.448690936363742E-002
 Calc obj  0.000000000000000E+000  0.000000000000000E+000
  0.000000000000000E+000  0.000000000000000E+000  0.000000000000000E+000
  0.000000000000000E+000  0.000000000000000E+000  0.000000000000000E+000
  0.000000000000000E+000  0.000000000000000E+000  0.000000000000000E+000
  0.000000000000000E+000  0.000000000000000E+000  0.000000000000000E+000
  3.490658503988659E-002  0.530000000000000     
 Design variables:  0.000000000000000E+000  0.000000000000000E+000
  0.000000000000000E+000  0.000000000000000E+000  0.000000000000000E+000
  0.000000000000000E+000  0.000000000000000E+000  0.000000000000000E+000
  0.000000000000000E+000  0.000000000000000E+000  0.000000000000000E+000
  0.000000000000000E+000  0.000000000000000E+000  0.000000000000000E+000
  3.490658503988659E-002  0.530000000000000     
 Mean drag value and variance:  6.149884536212239E-004  1.533902151369295E-009
 
 iter    objective      ||grad||        inf_pr          inf_du         lg(mu)
    0  0.6149900E-03  0.0000000E+00  0.6645668E+00  0.9958288E+00  0.1000000E+01
 Calc con  9.416915243715826E-004  6.670409090465004E-004
  3.750307373073213E-003  3.330916778656286E-003  2.977831241840925E-003
  2.656541066515931E-003  2.318503303138526E-003  2.709260359328160E-003
  3.005718045418370E-003  3.281558016600137E-003  3.590917990806872E-003
  3.975525672301940E-003  6.857407644682165E-004  9.483213961190867E-004
  0.107172235395382       0.516450236826640     
 Design variables:  9.416915243715826E-004  6.670409090465004E-004
  3.750307373073213E-003  3.330916778656286E-003  2.977831241840925E-003
  2.656541066515931E-003  2.318503303138526E-003  2.709260359328160E-003
  3.005718045418370E-003  3.281558016600137E-003  3.590917990806872E-003
  3.975525672301940E-003  6.857407644682165E-004  9.483213961190867E-004
  0.107172235395382       0.516450236826640     
 Constraint value, mean lift and its standard deviation: -7.457769557415676E-002
  0.888313839812113       1.373614423795573E-002
 Calc obj  9.416915243715826E-004  6.670409090465004E-004
  3.750307373073213E-003  3.330916778656286E-003  2.977831241840925E-003
  2.656541066515931E-003  2.318503303138526E-003  2.709260359328160E-003
  3.005718045418370E-003  3.281558016600137E-003  3.590917990806872E-003
  3.975525672301940E-003  6.857407644682165E-004  9.483213961190867E-004
  0.107172235395382       0.516450236826640     
 Design variables:  9.416915243715826E-004  6.670409090465004E-004
  3.750307373073213E-003  3.330916778656286E-003  2.977831241840925E-003
  2.656541066515931E-003  2.318503303138526E-003  2.709260359328160E-003
  3.005718045418370E-003  3.281558016600137E-003  3.590917990806872E-003
  3.975525672301940E-003  6.857407644682165E-004  9.483213961190867E-004
  0.107172235395382       0.516450236826640     
 Mean drag value and variance:  5.633243773767323E-003  1.060491299695513E-006
    1  0.5634304E-02  0.7226565E-01  0.6176553E-02  0.3686117E+00  0.7253463E-01
 Calc con  9.069003298199876E-004  6.429778923431471E-004
  3.702140015083790E-003  3.290597705102209E-003  2.943903555417631E-003
  2.628216940519843E-003  2.295397939130664E-003  2.806012133285936E-003
  3.080981232995747E-003  3.308064148678676E-003  3.580921437992701E-003
  3.945605382241926E-003  6.611512043564798E-004  9.133275668025918E-004
  0.107888325147780       0.506547076887097     
 Design variables:  9.069003298199876E-004  6.429778923431471E-004
  3.702140015083790E-003  3.290597705102209E-003  2.943903555417631E-003
  2.628216940519843E-003  2.295397939130664E-003  2.806012133285936E-003
  3.080981232995747E-003  3.308064148678676E-003  3.580921437992701E-003
  3.945605382241926E-003  6.611512043564798E-004  9.133275668025918E-004
  0.107888325147780       0.506547076887097     
 Constraint value, mean lift and its standard deviation: -7.345676558892843E-002
  0.887662727270653       1.420596168172462E-002
 Calc obj  9.069003298199876E-004  6.429778923431471E-004
  3.702140015083790E-003  3.290597705102209E-003  2.943903555417631E-003
  2.628216940519843E-003  2.295397939130664E-003  2.806012133285936E-003
  3.080981232995747E-003  3.308064148678676E-003  3.580921437992701E-003
  3.945605382241926E-003  6.611512043564798E-004  9.133275668025918E-004
  0.107888325147780       0.506547076887097     
 Design variables:  9.069003298199876E-004  6.429778923431471E-004
  3.702140015083790E-003  3.290597705102209E-003  2.943903555417631E-003
  2.628216940519843E-003  2.295397939130664E-003  2.806012133285936E-003
  3.080981232995747E-003  3.308064148678676E-003  3.580921437992701E-003
  3.945605382241926E-003  6.611512043564798E-004  9.133275668025918E-004
  0.107888325147780       0.506547076887097     
 Mean drag value and variance:  4.971611202469321E-003  7.066590405100714E-007
    2  0.4972318E-02  0.9903160E-02  0.1843491E-03  0.6732042E-01  0.2821690E-02
 Calc con  6.959884422343840E-004  4.887452652393187E-004
  3.156841496566521E-003  2.738065922391417E-003  2.378606809251955E-003
  2.049595149648392E-003  1.707188778033003E-003  1.290656944938170E-003
  1.547190707953173E-003  2.349943715691338E-003  3.121386310556652E-003
  3.643867118638944E-003  5.071418048919536E-004  7.039208713291516E-004
  0.118230010637445       0.428345548679319     
 Design variables:  6.959884422343840E-004  4.887452652393187E-004
  3.156841496566521E-003  2.738065922391417E-003  2.378606809251955E-003
  2.049595149648392E-003  1.707188778033003E-003  1.290656944938170E-003
  1.547190707953173E-003  2.349943715691338E-003  3.121386310556652E-003
  3.643867118638944E-003  5.071418048919536E-004  7.039208713291516E-004
  0.118230010637445       0.428345548679319     
 Constraint value, mean lift and its standard deviation: -7.387049119610931E-002
  0.888449130467276       1.457863927116701E-002
 Calc obj  6.959884422343840E-004  4.887452652393187E-004
  3.156841496566521E-003  2.738065922391417E-003  2.378606809251955E-003
  2.049595149648392E-003  1.707188778033003E-003  1.290656944938170E-003
  1.547190707953173E-003  2.349943715691338E-003  3.121386310556652E-003
  3.643867118638944E-003  5.071418048919536E-004  7.039208713291516E-004
  0.118230010637445       0.428345548679319     
 Design variables:  6.959884422343840E-004  4.887452652393187E-004
  3.156841496566521E-003  2.738065922391417E-003  2.378606809251955E-003
  2.049595149648392E-003  1.707188778033003E-003  1.290656944938170E-003
  1.547190707953173E-003  2.349943715691338E-003  3.121386310556652E-003
  3.643867118638944E-003  5.071418048919536E-004  7.039208713291516E-004
  0.118230010637445       0.428345548679319     
 Mean drag value and variance:  3.692115816099965E-003  1.176666934648957E-008
    3  0.3692128E-02  0.7820153E-01  0.3897557E-02  0.1041427E+00  0.7942644E-03
 Calc con  6.235911415126580E-004  4.369045875331525E-004
  2.821756120148732E-003  2.443297301822358E-003  2.123167735569425E-003
  1.827553344094297E-003  1.500780033558287E-003  2.453518825136702E-004
  8.286797094407051E-004  1.935441416684764E-003  2.777580511323204E-003
  3.310113501835431E-003  4.545797752569750E-004  6.320942231363443E-004
  0.117204923778634       0.426320512440007     
 Design variables:  6.235911415126580E-004  4.369045875331525E-004
  2.821756120148732E-003  2.443297301822358E-003  2.123167735569425E-003
  1.827553344094297E-003  1.500780033558287E-003  2.453518825136702E-004
  8.286797094407051E-004  1.935441416684764E-003  2.777580511323204E-003
  3.310113501835431E-003  4.545797752569750E-004  6.320942231363443E-004
  0.117204923778634       0.426320512440007     
 Constraint value, mean lift and its standard deviation: -4.897546579284376E-002
  0.863333628607074       1.435816281423049E-002
 Calc obj  6.235911415126580E-004  4.369045875331525E-004
  2.821756120148732E-003  2.443297301822358E-003  2.123167735569425E-003
  1.827553344094297E-003  1.500780033558287E-003  2.453518825136702E-004
  8.286797094407051E-004  1.935441416684764E-003  2.777580511323204E-003
  3.310113501835431E-003  4.545797752569750E-004  6.320942231363443E-004
  0.117204923778634       0.426320512440007     
 Design variables:  6.235911415126580E-004  4.369045875331525E-004
  2.821756120148732E-003  2.443297301822358E-003  2.123167735569425E-003
  1.827553344094297E-003  1.500780033558287E-003  2.453518825136702E-004
  8.286797094407051E-004  1.935441416684764E-003  2.777580511323204E-003
  3.310113501835431E-003  4.545797752569750E-004  6.320942231363443E-004
  0.117204923778634       0.426320512440007     
 Mean drag value and variance:  3.524782917023893E-003  1.082292645174926E-008
    4  0.3524794E-02  0.2128002E-01  0.2825553E-03  0.6929456E-02  0.8503090E-04
 Calc con  3.597296960478701E-004  2.593447587288867E-004
  2.124557093882324E-003  1.883515145881522E-003  1.677975726999589E-003
  1.423468710823719E-003  9.268045994047108E-004 -3.943065544071405E-003
 -1.546591896799675E-003  7.167126822274119E-004  1.994181644761997E-003
  2.642577315892186E-003  2.748145569101257E-004  3.664852124110213E-004
  0.121699484116720       0.375834207879608     
 Design variables:  3.597296960478701E-004  2.593447587288867E-004
  2.124557093882324E-003  1.883515145881522E-003  1.677975726999589E-003
  1.423468710823719E-003  9.268045994047108E-004 -3.943065544071405E-003
 -1.546591896799675E-003  7.167126822274119E-004  1.994181644761997E-003
  2.642577315892186E-003  2.748145569101257E-004  3.664852124110213E-004
  0.121699484116720       0.375834207879608     
 Constraint value, mean lift and its standard deviation: -1.317762297515677E-002
  0.826884756043082       1.370713306792561E-002
 Calc obj  3.597296960478701E-004  2.593447587288867E-004
  2.124557093882324E-003  1.883515145881522E-003  1.677975726999589E-003
  1.423468710823719E-003  9.268045994047108E-004 -3.943065544071405E-003
 -1.546591896799675E-003  7.167126822274119E-004  1.994181644761997E-003
  2.642577315892186E-003  2.748145569101257E-004  3.664852124110213E-004
  0.121699484116720       0.375834207879608     
 Design variables:  3.597296960478701E-004  2.593447587288867E-004
  2.124557093882324E-003  1.883515145881522E-003  1.677975726999589E-003
  1.423468710823719E-003  9.268045994047108E-004 -3.943065544071405E-003
 -1.546591896799675E-003  7.167126822274119E-004  1.994181644761997E-003
  2.642577315892186E-003  2.748145569101257E-004  3.664852124110213E-004
  0.121699484116720       0.375834207879608     
 Mean drag value and variance:  3.165264461111814E-003  7.529319884144511E-009
    5  0.3165272E-02  0.5048630E-01  0.4546433E-02  0.5787722E-02  0.3869581E-04
 Calc con  2.921748680597120E-004  2.144856983440054E-004
  2.957132166343621E-003  2.926474983851414E-003  2.888341013764380E-003
  2.604553296079741E-003  1.380891998905202E-003 -8.462369324872194E-003
 -6.800888507359030E-003 -2.089171062927089E-003  9.198662769862329E-004
  2.067699514577049E-003  2.195898265408362E-004  2.952196989289861E-004
  0.130917513125000       0.280520946377299     
 Design variables:  2.921748680597120E-004  2.144856983440054E-004
  2.957132166343621E-003  2.926474983851414E-003  2.888341013764380E-003
  2.604553296079741E-003  1.380891998905202E-003 -8.462369324872194E-003
 -6.800888507359030E-003 -2.089171062927089E-003  9.198662769862329E-004
  2.067699514577049E-003  2.195898265408362E-004  2.952196989289861E-004
  0.130917513125000       0.280520946377299     
 Constraint value, mean lift and its standard deviation: -1.210658329656227E-002
  0.824722901211730       1.261631791516788E-002
 Calc obj  2.921748680597120E-004  2.144856983440054E-004
  2.957132166343621E-003  2.926474983851414E-003  2.888341013764380E-003
  2.604553296079741E-003  1.380891998905202E-003 -8.462369324872194E-003
 -6.800888507359030E-003 -2.089171062927089E-003  9.198662769862329E-004
  2.067699514577049E-003  2.195898265408362E-004  2.952196989289861E-004
  0.130917513125000       0.280520946377299     
 Design variables:  2.921748680597120E-004  2.144856983440054E-004
  2.957132166343621E-003  2.926474983851414E-003  2.888341013764380E-003
  2.604553296079741E-003  1.380891998905202E-003 -8.462369324872194E-003
 -6.800888507359030E-003 -2.089171062927089E-003  9.198662769862329E-004
  2.067699514577049E-003  2.195898265408362E-004  2.952196989289861E-004
  0.130917513125000       0.280520946377299     
 Mean drag value and variance:  2.943037606841269E-003  6.356624351119556E-009
    6  0.2943044E-02  0.9531326E-01  0.8607347E-02  0.1298350E-01  0.1026677E-04
 Calc con -1.204034144755915E-003 -8.806290159019702E-004
  3.077423312874200E-004 -4.802528132318382E-004 -1.175608663130389E-003
 -1.305248441334927E-003  1.525460639100069E-003 -3.474941885885434E-003
 -6.375078089923270E-004 -6.018386190408569E-004 -2.195026763680668E-003
 -1.130004676931941E-003 -9.389190577403101E-004 -1.234557703010710E-003
  0.139313814034036       0.290825850681932     
 Design variables: -1.204034144755915E-003 -8.806290159019702E-004
  3.077423312874200E-004 -4.802528132318382E-004 -1.175608663130389E-003
 -1.305248441334927E-003  1.525460639100069E-003 -3.474941885885434E-003
 -6.375078089923270E-004 -6.018386190408569E-004 -2.195026763680668E-003
 -1.130004676931941E-003 -9.389190577403101E-004 -1.234557703010710E-003
  0.139313814034036       0.290825850681932     
 Constraint value, mean lift and its standard deviation: -1.527068575982397E-002
  0.828119489242740       1.284880348291591E-002
 Calc obj -1.204034144755915E-003 -8.806290159019702E-004
  3.077423312874200E-004 -4.802528132318382E-004 -1.175608663130389E-003
 -1.305248441334927E-003  1.525460639100069E-003 -3.474941885885434E-003
 -6.375078089923270E-004 -6.018386190408569E-004 -2.195026763680668E-003
 -1.130004676931941E-003 -9.389190577403101E-004 -1.234557703010710E-003
  0.139313814034036       0.290825850681932     
 Design variables: -1.204034144755915E-003 -8.806290159019702E-004
  3.077423312874200E-004 -4.802528132318382E-004 -1.175608663130389E-003
 -1.305248441334927E-003  1.525460639100069E-003 -3.474941885885434E-003
 -6.375078089923270E-004 -6.018386190408569E-004 -2.195026763680668E-003
 -1.130004676931941E-003 -9.389190577403101E-004 -1.234557703010710E-003
  0.139313814034036       0.290825850681932     
 Mean drag value and variance:  3.014855967973360E-003  7.018389177323593E-009
    7  0.3014863E-02  0.1311631E-01  0.6425568E-03  0.1957597E-01  0.7548716E-04
 Calc con -9.130660159089428E-004 -6.615730020691894E-004
  1.764621541413657E-003  1.272488857621817E-003  8.367279196074304E-004
  6.880278411822271E-004  2.271393454153387E-003 -5.192187302945266E-003
 -4.266363108417917E-003 -2.496648586764208E-003 -1.948059280523028E-003
 -5.018545058230627E-004 -7.126232579320689E-004 -9.378359098345429E-004
  0.137885512364206       0.267263068516995     
 Design variables: -9.130660159089428E-004 -6.615730020691894E-004
  1.764621541413657E-003  1.272488857621817E-003  8.367279196074304E-004
  6.880278411822271E-004  2.271393454153387E-003 -5.192187302945266E-003
 -4.266363108417917E-003 -2.496648586764208E-003 -1.948059280523028E-003
 -5.018545058230627E-004 -7.126232579320689E-004 -9.378359098345429E-004
  0.137885512364206       0.267263068516995     
 Constraint value, mean lift and its standard deviation: -8.091324243833282E-003
  0.820635886857094       1.254456261326055E-002
 Calc obj -9.130660159089428E-004 -6.615730020691894E-004
  1.764621541413657E-003  1.272488857621817E-003  8.367279196074304E-004
  6.880278411822271E-004  2.271393454153387E-003 -5.192187302945266E-003
 -4.266363108417917E-003 -2.496648586764208E-003 -1.948059280523028E-003
 -5.018545058230627E-004 -7.126232579320689E-004 -9.378359098345429E-004
  0.137885512364206       0.267263068516995     
 Design variables: -9.130660159089428E-004 -6.615730020691894E-004
  1.764621541413657E-003  1.272488857621817E-003  8.367279196074304E-004
  6.880278411822271E-004  2.271393454153387E-003 -5.192187302945266E-003
 -4.266363108417917E-003 -2.496648586764208E-003 -1.948059280523028E-003
 -5.018545058230627E-004 -7.126232579320689E-004 -9.378359098345429E-004
  0.137885512364206       0.267263068516995     
 Mean drag value and variance:  2.899284036311250E-003  6.614832430498231E-009
    8  0.2899291E-02  0.2356278E-01  0.1890182E-02  0.1485856E-01  0.1706136E-04
 Calc con  9.479787277302733E-005  7.601113097370276E-005
  4.697246567336645E-003  5.427739242472278E-003  6.201929726800953E-003
  6.424479403711107E-003  4.444981572019661E-003 -7.884733440012559E-003
 -9.942673531084179E-003 -9.451684421069100E-003 -3.810728327105297E-003
 -1.309272724386515E-003 -1.148347003497498E-005  5.371945293574168E-005
  0.137856591205806       0.194851086928102     
 Design variables:  9.479787277302733E-005  7.601113097370276E-005
  4.697246567336645E-003  5.427739242472278E-003  6.201929726800953E-003
  6.424479403711107E-003  4.444981572019661E-003 -7.884733440012559E-003
 -9.942673531084179E-003 -9.451684421069100E-003 -3.810728327105297E-003
 -1.309272724386515E-003 -1.148347003497498E-005  5.371945293574168E-005
  0.137856591205806       0.194851086928102     
 Constraint value, mean lift and its standard deviation: -1.156906007959947E-002
  0.823458474719569       1.188941463996905E-002
 Calc obj  9.479787277302733E-005  7.601113097370276E-005
  4.697246567336645E-003  5.427739242472278E-003  6.201929726800953E-003
  6.424479403711107E-003  4.444981572019661E-003 -7.884733440012559E-003
 -9.942673531084179E-003 -9.451684421069100E-003 -3.810728327105297E-003
 -1.309272724386515E-003 -1.148347003497498E-005  5.371945293574168E-005
  0.137856591205806       0.194851086928102     
 Design variables:  9.479787277302733E-005  7.601113097370276E-005
  4.697246567336645E-003  5.427739242472278E-003  6.201929726800953E-003
  6.424479403711107E-003  4.444981572019661E-003 -7.884733440012559E-003
 -9.942673531084179E-003 -9.451684421069100E-003 -3.810728327105297E-003
 -1.309272724386515E-003 -1.148347003497498E-005  5.371945293574168E-005
  0.137856591205806       0.194851086928102     
 Mean drag value and variance:  2.677684112959738E-003  6.407316535394617E-009
    9  0.2677691E-02  0.7243158E-01  0.7137171E-02  0.2129685E-01  0.1635796E-04
 Calc con  3.942892393788645E-005  3.452257603721975E-005
  2.782528088000092E-003  2.867518185991439E-003  2.863128494608608E-003
  2.612340816418719E-003  1.280729661924070E-003 -8.538730255378739E-003
 -7.035423815205280E-003 -4.982311228388644E-003 -1.655732135627487E-003
  1.435333152378236E-003  6.134516225948028E-005  5.285387679433103E-005
  0.136161646153858       0.207744074899555     
 Design variables:  3.942892393788645E-005  3.452257603721975E-005
  2.782528088000092E-003  2.867518185991439E-003  2.863128494608608E-003
  2.612340816418719E-003  1.280729661924070E-003 -8.538730255378739E-003
 -7.035423815205280E-003 -4.982311228388644E-003 -1.655732135627487E-003
  1.435333152378236E-003  6.134516225948028E-005  5.285387679433103E-005
  0.136161646153858       0.207744074899555     
 Constraint value, mean lift and its standard deviation: -3.947784737540186E-003
  0.816028662111199       1.208087737365828E-002
 Calc obj  3.942892393788645E-005  3.452257603721975E-005
  2.782528088000092E-003  2.867518185991439E-003  2.863128494608608E-003
  2.612340816418719E-003  1.280729661924070E-003 -8.538730255378739E-003
 -7.035423815205280E-003 -4.982311228388644E-003 -1.655732135627487E-003
  1.435333152378236E-003  6.134516225948028E-005  5.285387679433103E-005
  0.136161646153858       0.207744074899555     
 Design variables:  3.942892393788645E-005  3.452257603721975E-005
  2.782528088000092E-003  2.867518185991439E-003  2.863128494608608E-003
  2.612340816418719E-003  1.280729661924070E-003 -8.538730255378739E-003
 -7.035423815205280E-003 -4.982311228388644E-003 -1.655732135627487E-003
  1.435333152378236E-003  6.134516225948028E-005  5.285387679433103E-005
  0.136161646153858       0.207744074899555     
 Mean drag value and variance:  2.681750363462971E-003  5.898001296777549E-009
   10  0.2681756E-02  0.1289299E-01  0.2513769E-02  0.2933254E-01  0.2891789E-04
 Calc con  2.016164710947728E-004  1.194672198539831E-004
  4.755763960652137E-003  4.318134196924186E-003  3.437135485852775E-003
  2.034772549435698E-003 -1.750056382545063E-004 -9.978975452976468E-003
 -8.204457512894900E-003 -5.299515088544528E-003 -8.380720446562759E-004
  4.832403742319311E-003  2.269939322914826E-004  2.815023624481333E-004
  0.135190459285480       0.116678213467916     
 Design variables:  2.016164710947728E-004  1.194672198539831E-004
  4.755763960652137E-003  4.318134196924186E-003  3.437135485852775E-003
  2.034772549435698E-003 -1.750056382545063E-004 -9.978975452976468E-003
 -8.204457512894900E-003 -5.299515088544528E-003 -8.380720446562759E-004
  4.832403742319311E-003  2.269939322914826E-004  2.815023624481333E-004
  0.135190459285480       0.116678213467916     
 Constraint value, mean lift and its standard deviation: -5.381357581373765E-003
  0.817144402923554       1.176304534218036E-002
 Calc obj  2.016164710947728E-004  1.194672198539831E-004
  4.755763960652137E-003  4.318134196924186E-003  3.437135485852775E-003
  2.034772549435698E-003 -1.750056382545063E-004 -9.978975452976468E-003
 -8.204457512894900E-003 -5.299515088544528E-003 -8.380720446562759E-004
  4.832403742319311E-003  2.269939322914826E-004  2.815023624481333E-004
  0.135190459285480       0.116678213467916     
 Design variables:  2.016164710947728E-004  1.194672198539831E-004
  4.755763960652137E-003  4.318134196924186E-003  3.437135485852775E-003
  2.034772549435698E-003 -1.750056382545063E-004 -9.978975452976468E-003
 -8.204457512894900E-003 -5.299515088544528E-003 -8.380720446562759E-004
  4.832403742319311E-003  2.269939322914826E-004  2.815023624481333E-004
  0.135190459285480       0.116678213467916     
 Mean drag value and variance:  2.270198371135870E-003  5.777511503750254E-009
   11  0.2270204E-02  0.9106586E-01  0.4396171E-02  0.5932446E-01  0.2295250E-04
 Calc con  1.210057822048628E-004  7.904958098859212E-005
  3.514819819143605E-003  3.421901158388942E-003  3.198066486508258E-003
  2.902345791665851E-003  2.908459328753265E-003 -8.806620315820345E-003
 -6.406852184020413E-003 -1.347961230610259E-003  2.866986503397553E-003
  3.311836827222408E-003  1.254035471667218E-004  1.510049183235419E-004
  0.131295068661219       0.113750037454768     
 Design variables:  1.210057822048628E-004  7.904958098859212E-005
  3.514819819143605E-003  3.421901158388942E-003  3.198066486508258E-003
  2.902345791665851E-003  2.908459328753265E-003 -8.806620315820345E-003
 -6.406852184020413E-003 -1.347961230610259E-003  2.866986503397553E-003
  3.311836827222408E-003  1.254035471667218E-004  1.510049183235419E-004
  0.131295068661219       0.113750037454768     
 Constraint value, mean lift and its standard deviation: -4.526754819728690E-003
  0.816318308697497       1.179155387776837E-002
 Calc obj  1.210057822048628E-004  7.904958098859212E-005
  3.514819819143605E-003  3.421901158388942E-003  3.198066486508258E-003
  2.902345791665851E-003  2.908459328753265E-003 -8.806620315820345E-003
 -6.406852184020413E-003 -1.347961230610259E-003  2.866986503397553E-003
  3.311836827222408E-003  1.254035471667218E-004  1.510049183235419E-004
  0.131295068661219       0.113750037454768     
 Design variables:  1.210057822048628E-004  7.904958098859212E-005
  3.514819819143605E-003  3.421901158388942E-003  3.198066486508258E-003
  2.902345791665851E-003  2.908459328753265E-003 -8.806620315820345E-003
 -6.406852184020413E-003 -1.347961230610259E-003  2.866986503397553E-003
  3.311836827222408E-003  1.254035471667218E-004  1.510049183235419E-004
  0.131295068661219       0.113750037454768     
 Mean drag value and variance:  2.160994363871998E-003  5.690359921241582E-009
   12  0.2161000E-02  0.4114346E-02  0.5727772E-03  0.3975818E-01  0.3727905E-04
 Calc con  8.351605601033399E-005  7.131414340929966E-005
  2.520999338181760E-003  2.305600384263418E-003  2.419363737055182E-003
  2.964823149706227E-003  4.045210843495056E-003 -4.965130744818387E-003
  2.503572040709954E-003  9.886530287693897E-003  5.586273253468246E-003
  3.260376640994193E-003  4.943901597764275E-005  5.767814012121744E-005
  0.121292138949785       0.116206413514281     
 Design variables:  8.351605601033399E-005  7.131414340929966E-005
  2.520999338181760E-003  2.305600384263418E-003  2.419363737055182E-003
  2.964823149706227E-003  4.045210843495056E-003 -4.965130744818387E-003
  2.503572040709954E-003  9.886530287693897E-003  5.586273253468246E-003
  3.260376640994193E-003  4.943901597764275E-005  5.767814012121744E-005
  0.121292138949785       0.116206413514281     
 Constraint value, mean lift and its standard deviation: -1.285269156980464E-002
  0.824824232119455       1.197154054965042E-002
 Calc obj  8.351605601033399E-005  7.131414340929966E-005
  2.520999338181760E-003  2.305600384263418E-003  2.419363737055182E-003
  2.964823149706227E-003  4.045210843495056E-003 -4.965130744818387E-003
  2.503572040709954E-003  9.886530287693897E-003  5.586273253468246E-003
  3.260376640994193E-003  4.943901597764275E-005  5.767814012121744E-005
  0.121292138949785       0.116206413514281     
 Design variables:  8.351605601033399E-005  7.131414340929966E-005
  2.520999338181760E-003  2.305600384263418E-003  2.419363737055182E-003
  2.964823149706227E-003  4.045210843495056E-003 -4.965130744818387E-003
  2.503572040709954E-003  9.886530287693897E-003  5.586273253468246E-003
  3.260376640994193E-003  4.943901597764275E-005  5.767814012121744E-005
  0.121292138949785       0.116206413514281     
 Mean drag value and variance:  2.049470719543988E-003  5.954825145343604E-009
   13  0.2049477E-02  0.1198274E-01  0.8240787E-03  0.1009516E-01  0.8192727E-04
 Calc con  1.205532730284358E-004  9.560521816263272E-005
  3.691641527252462E-003  3.559684907333235E-003  3.730313292451967E-003
  4.193205599067650E-003  4.833139868302257E-003  1.013201848609659E-003
  4.935529580372456E-003  7.491125694099258E-003  5.460737866304462E-003
  4.026483056637688E-003  9.035130813955599E-005  1.054675375806629E-004
  0.115453405080016       0.104263655447965     
 Design variables:  1.205532730284358E-004  9.560521816263272E-005
  3.691641527252462E-003  3.559684907333235E-003  3.730313292451967E-003
  4.193205599067650E-003  4.833139868302257E-003  1.013201848609659E-003
  4.935529580372456E-003  7.491125694099258E-003  5.460737866304462E-003
  4.026483056637688E-003  9.035130813955599E-005  1.054675375806629E-004
  0.115453405080016       0.104263655447965     
 Constraint value, mean lift and its standard deviation: -7.001875581147671E-003
  0.818983360667296       1.198148508614822E-002
 Calc obj  1.205532730284358E-004  9.560521816263272E-005
  3.691641527252462E-003  3.559684907333235E-003  3.730313292451967E-003
  4.193205599067650E-003  4.833139868302257E-003  1.013201848609659E-003
  4.935529580372456E-003  7.491125694099258E-003  5.460737866304462E-003
  4.026483056637688E-003  9.035130813955599E-005  1.054675375806629E-004
  0.115453405080016       0.104263655447965     
 Design variables:  1.205532730284358E-004  9.560521816263272E-005
  3.691641527252462E-003  3.559684907333235E-003  3.730313292451967E-003
  4.193205599067650E-003  4.833139868302257E-003  1.013201848609659E-003
  4.935529580372456E-003  7.491125694099258E-003  5.460737866304462E-003
  4.026483056637688E-003  9.035130813955599E-005  1.054675375806629E-004
  0.115453405080016       0.104263655447965     
 Mean drag value and variance:  1.903088060993202E-003  5.015135379145403E-009
   14  0.1903093E-02  0.1194276E-01  0.1198735E-04  0.5989084E-02  0.2524990E-04
 Calc con  1.836953591382691E-004  1.456332011138313E-004
  5.224805877064609E-003  5.227859137482848E-003  5.519385231462442E-003
  5.980403581833760E-003  6.459507147726135E-003  8.206322188362739E-003
  6.399349317997727E-003  6.870565844594597E-003  5.850592570896782E-003
  5.608913433868344E-003  1.585801947680946E-004  1.749842208100660E-004
  0.107281400134592       0.102682636112890     
 Design variables:  1.836953591382691E-004  1.456332011138313E-004
  5.224805877064609E-003  5.227859137482848E-003  5.519385231462442E-003
  5.980403581833760E-003  6.459507147726135E-003  8.206322188362739E-003
  6.399349317997727E-003  6.870565844594597E-003  5.850592570896782E-003
  5.608913433868344E-003  1.585801947680946E-004  1.749842208100660E-004
  0.107281400134592       0.102682636112890     
 Constraint value, mean lift and its standard deviation: -4.546781276584417E-003
  0.816568645983892       1.202186470730743E-002
 Calc obj  1.836953591382691E-004  1.456332011138313E-004
  5.224805877064609E-003  5.227859137482848E-003  5.519385231462442E-003
  5.980403581833760E-003  6.459507147726135E-003  8.206322188362739E-003
  6.399349317997727E-003  6.870565844594597E-003  5.850592570896782E-003
  5.608913433868344E-003  1.585801947680946E-004  1.749842208100660E-004
  0.107281400134592       0.102682636112890     
 Design variables:  1.836953591382691E-004  1.456332011138313E-004
  5.224805877064609E-003  5.227859137482848E-003  5.519385231462442E-003
  5.980403581833760E-003  6.459507147726135E-003  8.206322188362739E-003
  6.399349317997727E-003  6.870565844594597E-003  5.850592570896782E-003
  5.608913433868344E-003  1.585801947680946E-004  1.749842208100660E-004
  0.107281400134592       0.102682636112890     
 Mean drag value and variance:  1.828236378682993E-003  4.913146275989790E-009
   15  0.1828241E-02  0.8172005E-02  0.1555729E-03  0.3517473E-02  0.1218438E-04
 Calc con  2.616866814219776E-004  2.241549625311683E-004
  6.623404475298497E-003  6.841485930978274E-003  7.339209305628205E-003
  7.899118572865363E-003  8.297934237674852E-003  9.556876106248870E-003
  7.774488403423303E-003  7.656470444832989E-003  6.921203925460578E-003
  6.845388617892335E-003  2.505126304551615E-004  2.490574620101955E-004
  0.100615058381478       0.100296981992883     
 Design variables:  2.616866814219776E-004  2.241549625311683E-004
  6.623404475298497E-003  6.841485930978274E-003  7.339209305628205E-003
  7.899118572865363E-003  8.297934237674852E-003  9.556876106248870E-003
  7.774488403423303E-003  7.656470444832989E-003  6.921203925460578E-003
  6.845388617892335E-003  2.505126304551615E-004  2.490574620101955E-004
  0.100615058381478       0.100296981992883     
 Constraint value, mean lift and its standard deviation: -1.642494834940715E-003
  0.813655574587764       1.201307975282363E-002
 Calc obj  2.616866814219776E-004  2.241549625311683E-004
  6.623404475298497E-003  6.841485930978274E-003  7.339209305628205E-003
  7.899118572865363E-003  8.297934237674852E-003  9.556876106248870E-003
  7.774488403423303E-003  7.656470444832989E-003  6.921203925460578E-003
  6.845388617892335E-003  2.505126304551615E-004  2.490574620101955E-004
  0.100615058381478       0.100296981992883     
 Design variables:  2.616866814219776E-004  2.241549625311683E-004
  6.623404475298497E-003  6.841485930978274E-003  7.339209305628205E-003
  7.899118572865363E-003  8.297934237674852E-003  9.556876106248870E-003
  7.774488403423303E-003  7.656470444832989E-003  6.921203925460578E-003
  6.845388617892335E-003  2.505126304551615E-004  2.490574620101955E-004
  0.100615058381478       0.100296981992883     
 Mean drag value and variance:  1.771664464680702E-003  4.741936424136723E-009
   16  0.1771669E-02  0.6666342E-02  0.1411984E-03  0.4317121E-02  0.3382560E-05
 Calc con  8.473362080650977E-004  6.965407899279956E-004
  9.889533531782062E-003  9.642563928528141E-003  9.520474882461652E-003
  9.485092396951094E-003  9.520240703200972E-003  9.538120024082419E-003
  9.596710531221044E-003  9.356052013080686E-003  9.472238957398401E-003
  9.986391118105231E-003  8.028648016255805E-004  8.517732187182177E-004
  8.923827029726364E-002  0.100364488413198     
 Design variables:  8.473362080650977E-004  6.965407899279956E-004
  9.889533531782062E-003  9.642563928528141E-003  9.520474882461652E-003
  9.485092396951094E-003  9.520240703200972E-003  9.538120024082419E-003
  9.596710531221044E-003  9.356052013080686E-003  9.472238957398401E-003
  9.986391118105231E-003  8.028648016255805E-004  8.517732187182177E-004
  8.923827029726364E-002  0.100364488413198     
 Constraint value, mean lift and its standard deviation: -6.162355580324463E-004
  0.812627124926248       1.201088936821529E-002
 Calc obj  8.473362080650977E-004  6.965407899279956E-004
  9.889533531782062E-003  9.642563928528141E-003  9.520474882461652E-003
  9.485092396951094E-003  9.520240703200972E-003  9.538120024082419E-003
  9.596710531221044E-003  9.356052013080686E-003  9.472238957398401E-003
  9.986391118105231E-003  8.028648016255805E-004  8.517732187182177E-004
  8.923827029726364E-002  0.100364488413198     
 Design variables:  8.473362080650977E-004  6.965407899279956E-004
  9.889533531782062E-003  9.642563928528141E-003  9.520474882461652E-003
  9.485092396951094E-003  9.520240703200972E-003  9.538120024082419E-003
  9.596710531221044E-003  9.356052013080686E-003  9.472238957398401E-003
  9.986391118105231E-003  8.028648016255805E-004  8.517732187182177E-004
  8.923827029726364E-002  0.100364488413198     
 Mean drag value and variance:  1.728017780102794E-003  4.819681992107318E-009
   17  0.1728023E-02  0.1138543E-01  0.1037441E-03  0.2019971E-02  0.1946928E-05
 Calc con  1.214740451439286E-003  1.136639852366552E-003
  9.865585744922292E-003  9.862499274359574E-003  9.854087296415751E-003
  9.858816397647666E-003  9.880351725701609E-003  9.748318312554734E-003
  9.799532587507702E-003  9.804276590282794E-003  9.876035120799006E-003
  9.868692065569989E-003  1.186696780195847E-003  1.218013799865028E-003
  8.681755980555582E-002  0.100052001926457     
 Design variables:  1.214740451439286E-003  1.136639852366552E-003
  9.865585744922292E-003  9.862499274359574E-003  9.854087296415751E-003
  9.858816397647666E-003  9.880351725701609E-003  9.748318312554734E-003
  9.799532587507702E-003  9.804276590282794E-003  9.876035120799006E-003
  9.868692065569989E-003  1.186696780195847E-003  1.218013799865028E-003
  8.681755980555582E-002  0.100052001926457     
 Constraint value, mean lift and its standard deviation: -1.083278849817321E-004
  0.812117435850552       1.200910796557041E-002
 Calc obj  1.214740451439286E-003  1.136639852366552E-003
  9.865585744922292E-003  9.862499274359574E-003  9.854087296415751E-003
  9.858816397647666E-003  9.880351725701609E-003  9.748318312554734E-003
  9.799532587507702E-003  9.804276590282794E-003  9.876035120799006E-003
  9.868692065569989E-003  1.186696780195847E-003  1.218013799865028E-003
  8.681755980555582E-002  0.100052001926457     
 Design variables:  1.214740451439286E-003  1.136639852366552E-003
  9.865585744922292E-003  9.862499274359574E-003  9.854087296415751E-003
  9.858816397647666E-003  9.880351725701609E-003  9.748318312554734E-003
  9.799532587507702E-003  9.804276590282794E-003  9.876035120799006E-003
  9.868692065569989E-003  1.186696780195847E-003  1.218013799865028E-003
  8.681755980555582E-002  0.100052001926457     
 Mean drag value and variance:  1.716932623507407E-003  4.763315244921647E-009
   18  0.1716937E-02  0.2420710E-02  0.3852612E-04  0.8746517E-04  0.3116808E-06
 Calc con  1.248680105611764E-003  1.249109652159612E-003
  9.995207592218863E-003  9.995247223053874E-003  9.995003805317331E-003
  9.995396429569646E-003  9.996622742377243E-003  9.968494817373191E-003
  9.982075085228507E-003  9.989846536849716E-003  9.996271083999263E-003
  9.996770954318678E-003  1.249295367187488E-003  1.249084316202479E-003
  8.595338956509957E-002  0.100001357483666     
 Design variables:  1.248680105611764E-003  1.249109652159612E-003
  9.995207592218863E-003  9.995247223053874E-003  9.995003805317331E-003
  9.995396429569646E-003  9.996622742377243E-003  9.968494817373191E-003
  9.982075085228507E-003  9.989846536849716E-003  9.996271083999263E-003
  9.996770954318678E-003  1.249295367187488E-003  1.249084316202479E-003
  8.595338956509957E-002  0.100001357483666     
 Constraint value, mean lift and its standard deviation: -1.854090072885700E-006
  0.812009272605180       1.200741851510681E-002
 Calc obj  1.248680105611764E-003  1.249109652159612E-003
  9.995207592218863E-003  9.995247223053874E-003  9.995003805317331E-003
  9.995396429569646E-003  9.996622742377243E-003  9.968494817373191E-003
  9.982075085228507E-003  9.989846536849716E-003  9.996271083999263E-003
  9.996770954318678E-003  1.249295367187488E-003  1.249084316202479E-003
  8.595338956509957E-002  0.100001357483666     
 Design variables:  1.248680105611764E-003  1.249109652159612E-003
  9.995207592218863E-003  9.995247223053874E-003  9.995003805317331E-003
  9.995396429569646E-003  9.996622742377243E-003  9.968494817373191E-003
  9.982075085228507E-003  9.989846536849716E-003  9.996271083999263E-003
  9.996770954318678E-003  1.249295367187488E-003  1.249084316202479E-003
  8.595338956509957E-002  0.100001357483666     
 Mean drag value and variance:  1.713825873295108E-003  4.752656655741712E-009
   19  0.1713831E-02  0.8641702E-03  0.8994942E-06  0.1463073E-03  0.3764620E-08
 Calc con  1.249099579869481E-003  1.248793012288837E-003
  9.998168756508125E-003  9.998081096981571E-003  9.998215040266604E-003
  9.998445086142898E-003  9.998664109603875E-003  1.000000538909765E-002
  9.998468792090872E-003  9.997928343839389E-003  9.997968218099789E-003
  9.998398915763068E-003  1.249024125141733E-003  1.249110578437215E-003
  8.592082490604384E-002  0.100000785657547     
 Design variables:  1.249099579869481E-003  1.248793012288837E-003
  9.998168756508125E-003  9.998081096981571E-003  9.998215040266604E-003
  9.998445086142898E-003  9.998664109603875E-003  1.000000538909765E-002
  9.998468792090872E-003  9.997928343839389E-003  9.997968218099789E-003
  9.998398915763068E-003  1.249024125141733E-003  1.249110578437215E-003
  8.592082490604384E-002  0.100000785657547     
 Constraint value, mean lift and its standard deviation:  1.029708309035343E-005
  0.811993236955358       1.200353403844861E-002
 Calc obj  1.249099579869481E-003  1.248793012288837E-003
  9.998168756508125E-003  9.998081096981571E-003  9.998215040266604E-003
  9.998445086142898E-003  9.998664109603875E-003  1.000000538909765E-002
  9.998468792090872E-003  9.997928343839389E-003  9.997968218099789E-003
  9.998398915763068E-003  1.249024125141733E-003  1.249110578437215E-003
  8.592082490604384E-002  0.100000785657547     
 Design variables:  1.249099579869481E-003  1.248793012288837E-003
  9.998168756508125E-003  9.998081096981571E-003  9.998215040266604E-003
  9.998445086142898E-003  9.998664109603875E-003  1.000000538909765E-002
  9.998468792090872E-003  9.997928343839389E-003  9.997968218099789E-003
  9.998398915763068E-003  1.249024125141733E-003  1.249110578437215E-003
  8.592082490604384E-002  0.100000785657547     
 Mean drag value and variance:  1.713703221053840E-003  4.738494093820140E-009
   20  0.1713708E-02  0.3258203E-04  0.1155374E-04  0.6344888E-05  0.4243414E-08
 
 The solution was found.
 
 The final value of the objective function is   1.713707959547934E-003
 
 The optimal values of X are:
 
 X  (           1 ) =   1.249099579869481E-003
 X  (           2 ) =   1.248793012288837E-003
 X  (           3 ) =   9.998168756508125E-003
 X  (           4 ) =   9.998081096981571E-003
 X  (           5 ) =   9.998215040266604E-003
 X  (           6 ) =   9.998445086142898E-003
 X  (           7 ) =   9.998664109603875E-003
 X  (           8 ) =   1.000000000000000E-002
 X  (           9 ) =   9.998468792090872E-003
 X  (          10 ) =   9.997928343839389E-003
 X  (          11 ) =   9.997968218099789E-003
 X  (          12 ) =   9.998398915763068E-003
 X  (          13 ) =   1.249024125141733E-003
 X  (          14 ) =   1.249110578437215E-003
 X  (          15 ) =    4.92290063939884     
 X  (          16 ) =   0.100000785657547     
 
 The multipliers for the equality constraints are:
 
 LAM(           1 ) =   3.348134822471224E-003
 
 Mean drag and its variance:  1.713703221053840E-003  4.738494093820140E-009
