 >> Number of Processors =   1
 Calc con  0.000000000000000E+000  0.000000000000000E+000
  0.000000000000000E+000  0.000000000000000E+000  0.000000000000000E+000
  0.000000000000000E+000  0.000000000000000E+000  0.000000000000000E+000
  0.000000000000000E+000  0.000000000000000E+000  0.000000000000000E+000
  0.000000000000000E+000  0.000000000000000E+000  0.000000000000000E+000
  3.490658503988659E-002  0.590000000000000     
 Design variables:  0.000000000000000E+000  0.000000000000000E+000
  0.000000000000000E+000  0.000000000000000E+000  0.000000000000000E+000
  0.000000000000000E+000  0.000000000000000E+000  0.000000000000000E+000
  0.000000000000000E+000  0.000000000000000E+000  0.000000000000000E+000
  0.000000000000000E+000  0.000000000000000E+000  0.000000000000000E+000
  3.490658503988659E-002  0.590000000000000     
 Constraint value, mean lift and its standard deviation:  0.676248923457558     
  0.170392029485504       1.554698431435399E-002
 Calc obj  0.000000000000000E+000  0.000000000000000E+000
  0.000000000000000E+000  0.000000000000000E+000  0.000000000000000E+000
  0.000000000000000E+000  0.000000000000000E+000  0.000000000000000E+000
  0.000000000000000E+000  0.000000000000000E+000  0.000000000000000E+000
  0.000000000000000E+000  0.000000000000000E+000  0.000000000000000E+000
  3.490658503988659E-002  0.590000000000000     
 Design variables:  0.000000000000000E+000  0.000000000000000E+000
  0.000000000000000E+000  0.000000000000000E+000  0.000000000000000E+000
  0.000000000000000E+000  0.000000000000000E+000  0.000000000000000E+000
  0.000000000000000E+000  0.000000000000000E+000  0.000000000000000E+000
  0.000000000000000E+000  0.000000000000000E+000  0.000000000000000E+000
  3.490658503988659E-002  0.590000000000000     
 Mean drag value and variance:  7.126651552286663E-004  2.277003888672106E-009
 
 iter    objective      ||grad||        inf_pr          inf_du         lg(mu)
    0  0.7126674E-03  0.0000000E+00  0.6862489E+00  0.9959159E+00  0.1000000E+01
 Calc con  1.228245892487071E-003  8.713388557732693E-004
  4.908106504217085E-003  4.359609401352657E-003  3.893851123349218E-003
  3.465821422600075E-003  3.012711654693502E-003  3.640751675792862E-003
  4.019027201402268E-003  4.362275387883784E-003  4.746553738297494E-003
  5.230652434850168E-003  8.967511120186657E-004  1.237509900000000E-003
  6.735855052669733E-002  0.587814962435825     
 Design variables:  1.228245892487071E-003  8.713388557732693E-004
  4.908106504217085E-003  4.359609401352657E-003  3.893851123349218E-003
  3.465821422600075E-003  3.012711654693502E-003  3.640751675792862E-003
  4.019027201402268E-003  4.362275387883784E-003  4.746553738297494E-003
  5.230652434850168E-003  8.967511120186657E-004  1.237509900000000E-003
  6.735855052669733E-002  0.587814962435825     
 Constraint value, mean lift and its standard deviation:  0.195203733681186     
  0.659740673232215       1.831480230446690E-002
 Calc obj  1.228245892487071E-003  8.713388557732693E-004
  4.908106504217085E-003  4.359609401352657E-003  3.893851123349218E-003
  3.465821422600075E-003  3.012711654693502E-003  3.640751675792862E-003
  4.019027201402268E-003  4.362275387883784E-003  4.746553738297494E-003
  5.230652434850168E-003  8.967511120186657E-004  1.237509900000000E-003
  6.735855052669733E-002  0.587814962435825     
 Design variables:  1.228245892487071E-003  8.713388557732693E-004
  4.908106504217085E-003  4.359609401352657E-003  3.893851123349218E-003
  3.465821422600075E-003  3.012711654693502E-003  3.640751675792862E-003
  4.019027201402268E-003  4.362275387883784E-003  4.746553738297494E-003
  5.230652434850168E-003  8.967511120186657E-004  1.237509900000000E-003
  6.735855052669733E-002  0.587814962435825     
 Mean drag value and variance:  2.901484637037334E-003  4.761568877922915E-008
    1  0.2901532E-02  0.4867565E-01  0.2310990E+00  0.4993759E+00  0.4210486E-01
 Calc con  8.583420294471721E-004  6.545450363092367E-004
  6.878852990275936E-003  6.356356882811181E-003  5.850033467517446E-003
  5.336210406652912E-003  4.746018075569357E-003  5.324168865467559E-003
  5.772932237859674E-003  6.157281749755876E-003  6.555812077309680E-003
  7.002061674982221E-003  6.696884272054118E-004  8.628727957691822E-004
  6.978808740896857E-002  0.587734391413254     
 Design variables:  8.583420294471721E-004  6.545450363092367E-004
  6.878852990275936E-003  6.356356882811181E-003  5.850033467517446E-003
  5.336210406652912E-003  4.746018075569357E-003  5.324168865467559E-003
  5.772932237859674E-003  6.157281749755876E-003  6.555812077309680E-003
  7.002061674982221E-003  6.696884272054118E-004  8.628727957691822E-004
  6.978808740896857E-002  0.587734391413254     
 Constraint value, mean lift and its standard deviation:  0.113033167247987     
  0.744776289645319       1.926981896443518E-002
 Calc obj  8.583420294471721E-004  6.545450363092367E-004
  6.878852990275936E-003  6.356356882811181E-003  5.850033467517446E-003
  5.336210406652912E-003  4.746018075569357E-003  5.324168865467559E-003
  5.772932237859674E-003  6.157281749755876E-003  6.555812077309680E-003
  7.002061674982221E-003  6.696884272054118E-004  8.628727957691822E-004
  6.978808740896857E-002  0.587734391413254     
 Design variables:  8.583420294471721E-004  6.545450363092367E-004
  6.878852990275936E-003  6.356356882811181E-003  5.850033467517446E-003
  5.336210406652912E-003  4.746018075569357E-003  5.324168865467559E-003
  5.772932237859674E-003  6.157281749755876E-003  6.555812077309680E-003
  7.002061674982221E-003  6.696884272054118E-004  8.628727957691822E-004
  6.978808740896857E-002  0.587734391413254     
 Mean drag value and variance:  3.487088396533560E-003  1.589160800486571E-007
    2  0.3487247E-02  0.6806034E-01  0.1133921E+00  0.5373539E+01  0.2151384E-01
 Calc con  9.339035844387189E-004  7.630616857447844E-004
  9.166611386885180E-003  9.009313958061257E-003  8.829928232996890E-003
  8.609230645028679E-003  8.286814819017333E-003  8.656662616410401E-003
  8.895424439571930E-003  9.037493293422721E-003  9.140618326574097E-003
  9.232704883169624E-003  7.714788195779167E-004  9.317964521406532E-004
  6.957870457767566E-002  0.586585826709881     
 Design variables:  9.339035844387189E-004  7.630616857447844E-004
  9.166611386885180E-003  9.009313958061257E-003  8.829928232996890E-003
  8.609230645028679E-003  8.286814819017333E-003  8.656662616410401E-003
  8.895424439571930E-003  9.037493293422721E-003  9.140618326574097E-003
  9.232704883169624E-003  7.714788195779167E-004  9.317964521406532E-004
  6.957870457767566E-002  0.586585826709881     
 Constraint value, mean lift and its standard deviation:  4.153333609417914E-003
  0.858127321799907       2.076021846977512E-002
 Calc obj  9.339035844387189E-004  7.630616857447844E-004
  9.166611386885180E-003  9.009313958061257E-003  8.829928232996890E-003
  8.609230645028679E-003  8.286814819017333E-003  8.656662616410401E-003
  8.895424439571930E-003  9.037493293422721E-003  9.140618326574097E-003
  9.232704883169624E-003  7.714788195779167E-004  9.317964521406532E-004
  6.957870457767566E-002  0.586585826709881     
 Design variables:  9.339035844387189E-004  7.630616857447844E-004
  9.166611386885180E-003  9.009313958061257E-003  8.829928232996890E-003
  8.609230645028679E-003  8.286814819017333E-003  8.656662616410401E-003
  8.895424439571930E-003  9.037493293422721E-003  9.140618326574097E-003
  9.232704883169624E-003  7.714788195779167E-004  9.317964521406532E-004
  6.957870457767566E-002  0.586585826709881     
 Mean drag value and variance:  5.042543767195087E-003  1.846037962570884E-006
    3  0.5044390E-02  0.3540797E-02  0.6317157E-02  0.1822997E+01  0.3068040E-02
 Calc con  9.635905623434763E-004  8.071705920247230E-004
  9.241343176818722E-003  9.096221871388716E-003  8.931325021057319E-003
  8.729561621334861E-003  8.436457936507880E-003  8.838121627370462E-003
  9.042128646953827E-003  9.161408312075923E-003  9.246414253150684E-003
  9.322328138320138E-003  8.182664098231037E-004  9.617763175905373E-004
  6.959739989140142E-002  0.586403113951827     
 Design variables:  9.635905623434763E-004  8.071705920247230E-004
  9.241343176818722E-003  9.096221871388716E-003  8.931325021057319E-003
  8.729561621334861E-003  8.436457936507880E-003  8.838121627370462E-003
  9.042128646953827E-003  9.161408312075923E-003  9.246414253150684E-003
  9.322328138320138E-003  8.182664098231037E-004  9.617763175905373E-004
  6.959739989140142E-002  0.586403113951827     
 Constraint value, mean lift and its standard deviation: -1.272161024002322E-003
  0.864023682267731       2.091717374790942E-002
 Calc obj  9.635905623434763E-004  8.071705920247230E-004
  9.241343176818722E-003  9.096221871388716E-003  8.931325021057319E-003
  8.729561621334861E-003  8.436457936507880E-003  8.838121627370462E-003
  9.042128646953827E-003  9.161408312075923E-003  9.246414253150684E-003
  9.322328138320138E-003  8.182664098231037E-004  9.617763175905373E-004
  6.959739989140142E-002  0.586403113951827     
 Design variables:  9.635905623434763E-004  8.071705920247230E-004
  9.241343176818722E-003  9.096221871388716E-003  8.931325021057319E-003
  8.729561621334861E-003  8.436457936507880E-003  8.838121627370462E-003
  9.042128646953827E-003  9.161408312075923E-003  9.246414253150684E-003
  9.322328138320138E-003  8.182664098231037E-004  9.617763175905373E-004
  6.959739989140142E-002  0.586403113951827     
 Mean drag value and variance:  5.169519562712285E-003  1.975253515456516E-006
    4  0.5171495E-02  0.2062618E-03  0.6854008E-03  0.4989045E-01  0.6901491E-04
 Calc con  1.111305410643688E-003  1.032357701982985E-003
  9.620097311065398E-003  9.541981467895469E-003  9.453387045570942E-003
  9.345852253396169E-003  9.190249412447622E-003  9.500949974336573E-003
  9.584179706239563E-003  9.633434206813214E-003  9.668197173789712E-003
  9.698060478838866E-003  1.048369087191440E-003  1.112926680193400E-003
  6.969322953103788E-002  0.558570752024084     
 Design variables:  1.111305410643688E-003  1.032357701982985E-003
  9.620097311065398E-003  9.541981467895469E-003  9.453387045570942E-003
  9.345852253396169E-003  9.190249412447622E-003  9.500949974336573E-003
  9.584179706239563E-003  9.633434206813214E-003  9.668197173789712E-003
  9.698060478838866E-003  1.048369087191440E-003  1.112926680193400E-003
  6.969322953103788E-002  0.558570752024084     
 Constraint value, mean lift and its standard deviation: -7.004902423504294E-004
  0.857251443234972       1.885031766420726E-002
 Calc obj  1.111305410643688E-003  1.032357701982985E-003
  9.620097311065398E-003  9.541981467895469E-003  9.453387045570942E-003
  9.345852253396169E-003  9.190249412447622E-003  9.500949974336573E-003
  9.584179706239563E-003  9.633434206813214E-003  9.668197173789712E-003
  9.698060478838866E-003  1.048369087191440E-003  1.112926680193400E-003
  6.969322953103788E-002  0.558570752024084     
 Design variables:  1.111305410643688E-003  1.032357701982985E-003
  9.620097311065398E-003  9.541981467895469E-003  9.453387045570942E-003
  9.345852253396169E-003  9.190249412447622E-003  9.500949974336573E-003
  9.584179706239563E-003  9.633434206813214E-003  9.668197173789712E-003
  9.698060478838866E-003  1.048369087191440E-003  1.112926680193400E-003
  6.969322953103788E-002  0.558570752024084     
 Mean drag value and variance:  4.046674889672836E-003  4.105584668878648E-008
    5  0.4046716E-02  0.2783236E-01  0.2190302E-03  0.9551968E-01  0.1204906E-04
 Calc con  1.119993752444064E-003  1.046156694851983E-003
  9.644426849292176E-003  9.571610162923306E-003  9.489508545828978E-003
  9.390491163149887E-003  9.247936234969723E-003  9.528300124889692E-003
  9.607245348266468E-003  9.654420218765020E-003  9.688032606904064E-003
  9.716999987125458E-003  1.061541089702482E-003  1.121612747757925E-003
  6.970089058967997E-002  0.557011540720364     
 Design variables:  1.119993752444064E-003  1.046156694851983E-003
  9.644426849292176E-003  9.571610162923306E-003  9.489508545828978E-003
  9.390491163149887E-003  9.247936234969723E-003  9.528300124889692E-003
  9.607245348266468E-003  9.654420218765020E-003  9.688032606904064E-003
  9.716999987125458E-003  1.061541089702482E-003  1.121612747757925E-003
  6.970089058967997E-002  0.557011540720364     
 Constraint value, mean lift and its standard deviation: -8.657174316623398E-004
  0.857026599929183       1.872029416584004E-002
 Calc obj  1.119993752444064E-003  1.046156694851983E-003
  9.644426849292176E-003  9.571610162923306E-003  9.489508545828978E-003
  9.390491163149887E-003  9.247936234969723E-003  9.528300124889692E-003
  9.607245348266468E-003  9.654420218765020E-003  9.688032606904064E-003
  9.716999987125458E-003  1.061541089702482E-003  1.121612747757925E-003
  6.970089058967997E-002  0.557011540720364     
 Design variables:  1.119993752444064E-003  1.046156694851983E-003
  9.644426849292176E-003  9.571610162923306E-003  9.489508545828978E-003
  9.390491163149887E-003  9.247936234969723E-003  9.528300124889692E-003
  9.607245348266468E-003  9.654420218765020E-003  9.688032606904064E-003
  9.716999987125458E-003  1.061541089702482E-003  1.121612747757925E-003
  6.970089058967997E-002  0.557011540720364     
 Mean drag value and variance:  4.031532194358761E-003  3.552546779153796E-008
    6  0.4031568E-02  0.1559211E-02  0.6293605E-04  0.4290371E-02  0.5759661E-06
 Calc con  1.182694340823425E-003  1.145037213609012E-003
  9.817436244672234E-003  9.781186877477378E-003  9.743345934363566E-003
  9.701588488838196E-003  9.645723158761138E-003  9.739696388881941E-003
  9.782533238867347E-003  9.810022661699268E-003  9.831293878611494E-003
  9.850823731365532E-003  1.154182383581923E-003  1.183690112664596E-003
  6.979022308110581E-002  0.543843411914563     
 Design variables:  1.182694340823425E-003  1.145037213609012E-003
  9.817436244672234E-003  9.781186877477378E-003  9.743345934363566E-003
  9.701588488838196E-003  9.645723158761138E-003  9.739696388881941E-003
  9.782533238867347E-003  9.810022661699268E-003  9.831293878611494E-003
  9.850823731365532E-003  1.154182383581923E-003  1.183690112664596E-003
  6.979022308110581E-002  0.543843411914563     
 Constraint value, mean lift and its standard deviation:  6.231069726885669E-005
  0.854133825015531       1.806537857093325E-002
 Calc obj  1.182694340823425E-003  1.145037213609012E-003
  9.817436244672234E-003  9.781186877477378E-003  9.743345934363566E-003
  9.701588488838196E-003  9.645723158761138E-003  9.739696388881941E-003
  9.782533238867347E-003  9.810022661699268E-003  9.831293878611494E-003
  9.850823731365532E-003  1.154182383581923E-003  1.183690112664596E-003
  6.979022308110581E-002  0.543843411914563     
 Design variables:  1.182694340823425E-003  1.145037213609012E-003
  9.817436244672234E-003  9.781186877477378E-003  9.743345934363566E-003
  9.701588488838196E-003  9.645723158761138E-003  9.739696388881941E-003
  9.782533238867347E-003  9.810022661699268E-003  9.831293878611494E-003
  9.850823731365532E-003  1.154182383581923E-003  1.183690112664596E-003
  6.979022308110581E-002  0.543843411914563     
 Mean drag value and variance:  3.927003786801530E-003  2.662537223791802E-008
    7  0.3927030E-02  0.1316813E-01  0.2805666E-03  0.2106924E-01  0.3669772E-07
 Calc con  1.138581025119603E-003  1.102371089783921E-003
  9.782371092740133E-003  9.761382943498773E-003  9.746702784798257E-003
  9.738788035825414E-003  9.736506307165627E-003  9.984631406012249E-003
  9.945009665310561E-003  9.920241547078070E-003  9.903022537570061E-003
  9.890391240271546E-003  1.126696799284553E-003  1.137977553070550E-003
  6.963950041700737E-002  0.544118398574763     
 Design variables:  1.138581025119603E-003  1.102371089783921E-003
  9.782371092740133E-003  9.761382943498773E-003  9.746702784798257E-003
  9.738788035825414E-003  9.736506307165627E-003  9.984631406012249E-003
  9.945009665310561E-003  9.920241547078070E-003  9.903022537570061E-003
  9.890391240271546E-003  1.126696799284553E-003  1.137977553070550E-003
  6.963950041700737E-002  0.544118398574763     
 Constraint value, mean lift and its standard deviation: -4.792006652886704E-004
  0.854698199803362       1.807299971269111E-002
 Calc obj  1.138581025119603E-003  1.102371089783921E-003
  9.782371092740133E-003  9.761382943498773E-003  9.746702784798257E-003
  9.738788035825414E-003  9.736506307165627E-003  9.984631406012249E-003
  9.945009665310561E-003  9.920241547078070E-003  9.903022537570061E-003
  9.890391240271546E-003  1.126696799284553E-003  1.137977553070550E-003
  6.963950041700737E-002  0.544118398574763     
 Design variables:  1.138581025119603E-003  1.102371089783921E-003
  9.782371092740133E-003  9.761382943498773E-003  9.746702784798257E-003
  9.738788035825414E-003  9.736506307165627E-003  9.984631406012249E-003
  9.945009665310561E-003  9.920241547078070E-003  9.903022537570061E-003
  9.890391240271546E-003  1.126696799284553E-003  1.137977553070550E-003
  6.963950041700737E-002  0.544118398574763     
 Mean drag value and variance:  3.935148790672287E-003  2.694571993988983E-008
    8  0.3935176E-02  0.4018446E-03  0.1408998E-03  0.1152964E-03  0.6896806E-05
 Calc con  1.221246520557640E-003  1.209568700161570E-003
  9.946297361627821E-003  9.940357927140023E-003  9.936138529216217E-003
  9.933768538378707E-003  9.932761041357879E-003  9.987871821027658E-003
  9.980325032927244E-003  9.975729238320255E-003  9.972800771465602E-003
  9.971056240364505E-003  1.216702267643473E-003  1.221038451215466E-003
  6.976874685514337E-002  0.534315461680886     
 Design variables:  1.221246520557640E-003  1.209568700161570E-003
  9.946297361627821E-003  9.940357927140023E-003  9.936138529216217E-003
  9.933768538378707E-003  9.932761041357879E-003  9.987871821027658E-003
  9.980325032927244E-003  9.975729238320255E-003  9.972800771465602E-003
  9.971056240364505E-003  1.216702267643473E-003  1.221038451215466E-003
  6.976874685514337E-002  0.534315461680886     
 Constraint value, mean lift and its standard deviation: -1.315187267480755E-004
  0.852919865374404       1.759611554921870E-002
 Calc obj  1.221246520557640E-003  1.209568700161570E-003
  9.946297361627821E-003  9.940357927140023E-003  9.936138529216217E-003
  9.933768538378707E-003  9.932761041357879E-003  9.987871821027658E-003
  9.980325032927244E-003  9.975729238320255E-003  9.972800771465602E-003
  9.971056240364505E-003  1.216702267643473E-003  1.221038451215466E-003
  6.976874685514337E-002  0.534315461680886     
 Design variables:  1.221246520557640E-003  1.209568700161570E-003
  9.946297361627821E-003  9.940357927140023E-003  9.936138529216217E-003
  9.933768538378707E-003  9.932761041357879E-003  9.987871821027658E-003
  9.980325032927244E-003  9.975729238320255E-003  9.972800771465602E-003
  9.971056240364505E-003  1.216702267643473E-003  1.221038451215466E-003
  6.976874685514337E-002  0.534315461680886     
 Mean drag value and variance:  3.868154701690009E-003  2.416220123696945E-008
    9  0.3868179E-02  0.9802937E-02  0.3396628E-04  0.1191419E-02  0.3197091E-06
 Calc con  1.247184172226692E-003  1.245490440554610E-003
  9.990977219793163E-003  9.989014480659459E-003  9.986812405154772E-003
  9.984279376475610E-003  9.980942340489192E-003  9.983904162242334E-003
  9.987113417720940E-003  9.989230331131381E-003  9.990825572746774E-003
  9.992155343086123E-003  1.245688247825727E-003  1.247350892348517E-003
  6.981312714120062E-002  0.531378183826868     
 Design variables:  1.247184172226692E-003  1.245490440554610E-003
  9.990977219793163E-003  9.989014480659459E-003  9.986812405154772E-003
  9.984279376475610E-003  9.980942340489192E-003  9.983904162242334E-003
  9.987113417720940E-003  9.989230331131381E-003  9.990825572746774E-003
  9.992155343086123E-003  1.245688247825727E-003  1.247350892348517E-003
  6.981312714120062E-002  0.531378183826868     
 Constraint value, mean lift and its standard deviation: -3.859466264891087E-005
  0.852438255262010       1.746655353312039E-002
 Calc obj  1.247184172226692E-003  1.245490440554610E-003
  9.990977219793163E-003  9.989014480659459E-003  9.986812405154772E-003
  9.984279376475610E-003  9.980942340489192E-003  9.983904162242334E-003
  9.987113417720940E-003  9.989230331131381E-003  9.990825572746774E-003
  9.992155343086123E-003  1.245688247825727E-003  1.247350892348517E-003
  6.981312714120062E-002  0.531378183826868     
 Design variables:  1.247184172226692E-003  1.245490440554610E-003
  9.990977219793163E-003  9.989014480659459E-003  9.986812405154772E-003
  9.984279376475610E-003  9.980942340489192E-003  9.983904162242334E-003
  9.987113417720940E-003  9.989230331131381E-003  9.990825572746774E-003
  9.992155343086123E-003  1.245688247825727E-003  1.247350892348517E-003
  6.981312714120062E-002  0.531378183826868     
 Mean drag value and variance:  3.848946588102723E-003  2.338896381745492E-008
   10  0.3848970E-02  0.2939061E-02  0.9719682E-05  0.5506261E-04  0.5171178E-06
 Calc con  1.249959458525138E-003  1.249928592430820E-003
  9.999905513952263E-003  9.999887908713249E-003  9.999870805499435E-003
  9.999853799468725E-003  9.999833199754305E-003  9.999885259154422E-003
  9.999902973819183E-003  9.999916673489298E-003  9.999927817086821E-003
  9.999937074398052E-003  1.249941459917025E-003  1.249961452161580E-003
  6.981312556624561E-002  0.530628775428220     
 Design variables:  1.249959458525138E-003  1.249928592430820E-003
  9.999905513952263E-003  9.999887908713249E-003  9.999870805499435E-003
  9.999853799468725E-003  9.999833199754305E-003  9.999885259154422E-003
  9.999902973819183E-003  9.999916673489298E-003  9.999927817086821E-003
  9.999937074398052E-003  1.249941459917025E-003  1.249961452161580E-003
  6.981312556624561E-002  0.530628775428220     
 Constraint value, mean lift and its standard deviation:  4.532049771061031E-005
  0.852253745598953       1.743302203222121E-002
 Calc obj  1.249959458525138E-003  1.249928592430820E-003
  9.999905513952263E-003  9.999887908713249E-003  9.999870805499435E-003
  9.999853799468725E-003  9.999833199754305E-003  9.999885259154422E-003
  9.999902973819183E-003  9.999916673489298E-003  9.999927817086821E-003
  9.999937074398052E-003  1.249941459917025E-003  1.249961452161580E-003
  6.981312556624561E-002  0.530628775428220     
 Design variables:  1.249959458525138E-003  1.249928592430820E-003
  9.999905513952263E-003  9.999887908713249E-003  9.999870805499435E-003
  9.999853799468725E-003  9.999833199754305E-003  9.999885259154422E-003
  9.999902973819183E-003  9.999916673489298E-003  9.999927817086821E-003
  9.999937074398052E-003  1.249941459917025E-003  1.249961452161580E-003
  6.981312556624561E-002  0.530628775428220     
 Mean drag value and variance:  3.844050857408320E-003  2.328934182504867E-008
   11  0.3844074E-02  0.7494084E-03  0.4551539E-04  0.2753286E-04  0.3442038E-08
 Calc con  1.250009699493013E-003  1.250009533345414E-003
  1.000000934014827E-002  1.000000922882414E-002  1.000000912416229E-002
  1.000000902512130E-002  1.000000891234420E-002  1.000000927012960E-002
  1.000000936298655E-002  1.000000943113570E-002  1.000000948649748E-002
  1.000000953534341E-002  1.250009590935759E-003  1.250009697334506E-003
  6.981317968194987E-002  0.530679220008427     
 Design variables:  1.250009699493013E-003  1.250009533345414E-003
  1.000000934014827E-002  1.000000922882414E-002  1.000000912416229E-002
  1.000000902512130E-002  1.000000891234420E-002  1.000000927012960E-002
  1.000000936298655E-002  1.000000943113570E-002  1.000000948649748E-002
  1.000000953534341E-002  1.250009590935759E-003  1.250009697334506E-003
  6.981317968194987E-002  0.530679220008427     
 Constraint value, mean lift and its standard deviation:  8.225392844025264E-005
  0.852303395585996       1.746188317147881E-002
 Calc obj  1.250009699493013E-003  1.250009533345414E-003
  1.000000934014827E-002  1.000000922882414E-002  1.000000912416229E-002
  1.000000902512130E-002  1.000000891234420E-002  1.000000927012960E-002
  1.000000936298655E-002  1.000000943113570E-002  1.000000948649748E-002
  1.000000953534341E-002  1.250009590935759E-003  1.250009697334506E-003
  6.981317968194987E-002  0.530679220008427     
 Design variables:  1.250009699493013E-003  1.250009533345414E-003
  1.000000934014827E-002  1.000000922882414E-002  1.000000912416229E-002
  1.000000902512130E-002  1.000000891234420E-002  1.000000927012960E-002
  1.000000936298655E-002  1.000000943113570E-002  1.000000948649748E-002
  1.000000953534341E-002  1.250009590935759E-003  1.250009697334506E-003
  6.981317968194987E-002  0.530679220008427     
 Mean drag value and variance:  3.844695750892639E-003  2.326101903935273E-008
 Calc con  1.250009750395115E-003  1.250009614956178E-003
  1.000000944475354E-002  1.000000935035560E-002  1.000000926060873E-002
  1.000000917423721E-002  1.000000907436877E-002  1.000000941059793E-002
  1.000000948282182E-002  1.000000953380802E-002  1.000000957434460E-002
  1.000000961048353E-002  1.250009658155843E-003  1.250009745744350E-003
  6.981317973965978E-002  0.530785665175382     
 Design variables:  1.250009750395115E-003  1.250009614956178E-003
  1.000000944475354E-002  1.000000935035560E-002  1.000000926060873E-002
  1.000000917423721E-002  1.000000907436877E-002  1.000000941059793E-002
  1.000000948282182E-002  1.000000953380802E-002  1.000000957434460E-002
  1.000000961048353E-002  1.250009658155843E-003  1.250009745744350E-003
  6.981317973965978E-002  0.530785665175382     
 Constraint value, mean lift and its standard deviation: -1.307500190810065E-004
  0.852403020079602       1.742409002017354E-002
 Calc obj  1.250009750395115E-003  1.250009614956178E-003
  1.000000944475354E-002  1.000000935035560E-002  1.000000926060873E-002
  1.000000917423721E-002  1.000000907436877E-002  1.000000941059793E-002
  1.000000948282182E-002  1.000000953380802E-002  1.000000957434460E-002
  1.000000961048353E-002  1.250009658155843E-003  1.250009745744350E-003
  6.981317973965978E-002  0.530785665175382     
 Design variables:  1.250009750395115E-003  1.250009614956178E-003
  1.000000944475354E-002  1.000000935035560E-002  1.000000926060873E-002
  1.000000917423721E-002  1.000000907436877E-002  1.000000941059793E-002
  1.000000948282182E-002  1.000000953380802E-002  1.000000957434460E-002
  1.000000961048353E-002  1.250009658155843E-003  1.250009745744350E-003
  6.981317973965978E-002  0.530785665175382     
 Mean drag value and variance:  3.845870344150029E-003  2.323936014368950E-008
 Calc con  1.249984579009075E-003  1.249969062888117E-003
  9.999957427050265E-003  9.999948568768695E-003  9.999939964830862E-003
  9.999931412295012E-003  9.999921056049252E-003  9.999947264642008E-003
  9.999956168402867E-003  9.999963052312500E-003  9.999968651792149E-003
  9.999973304870730E-003  1.249975525426392E-003  1.249985574748043E-003
  6.981315262409775E-002  0.530653997718323     
 Design variables:  1.249984579009075E-003  1.249969062888117E-003
  9.999957427050265E-003  9.999948568768695E-003  9.999939964830862E-003
  9.999931412295012E-003  9.999921056049252E-003  9.999947264642008E-003
  9.999956168402867E-003  9.999963052312500E-003  9.999968651792149E-003
  9.999973304870730E-003  1.249975525426392E-003  1.249985574748043E-003
  6.981315262409775E-002  0.530653997718323     
 Constraint value, mean lift and its standard deviation:  5.507101779189671E-005
  0.852274302738601       1.744312458546426E-002
 Calc obj  1.249984579009075E-003  1.249969062888117E-003
  9.999957427050265E-003  9.999948568768695E-003  9.999939964830862E-003
  9.999931412295012E-003  9.999921056049252E-003  9.999947264642008E-003
  9.999956168402867E-003  9.999963052312500E-003  9.999968651792149E-003
  9.999973304870730E-003  1.249975525426392E-003  1.249985574748043E-003
  6.981315262409775E-002  0.530653997718323     
 Design variables:  1.249984579009075E-003  1.249969062888117E-003
  9.999957427050265E-003  9.999948568768695E-003  9.999939964830862E-003
  9.999931412295012E-003  9.999921056049252E-003  9.999947264642008E-003
  9.999956168402867E-003  9.999963052312500E-003  9.999968651792149E-003
  9.999973304870730E-003  1.249975525426392E-003  1.249985574748043E-003
  6.981315262409775E-002  0.530653997718323     
 Mean drag value and variance:  3.844392535976194E-003  2.330299522392355E-008
 Calc con  1.249972018767107E-003  1.249948827659469E-003
  9.999931470501263E-003  9.999918238740973E-003  9.999905385165148E-003
  9.999892605881869E-003  9.999877127901778E-003  9.999916261898216E-003
  9.999929571111024E-003  9.999939862900899E-003  9.999948234439485E-003
  9.999955189634391E-003  1.249958492671708E-003  1.249973513454811E-003
  6.981313909517167E-002  0.530641386573271     
 Design variables:  1.249972018767107E-003  1.249948827659469E-003
  9.999931470501263E-003  9.999918238740973E-003  9.999905385165148E-003
  9.999892605881869E-003  9.999877127901778E-003  9.999916261898216E-003
  9.999929571111024E-003  9.999939862900899E-003  9.999948234439485E-003
  9.999955189634391E-003  1.249958492671708E-003  1.249973513454811E-003
  6.981313909517167E-002  0.530641386573271     
 Constraint value, mean lift and its standard deviation:  8.135162142108854E-005
  0.852274619720422       1.745199044728100E-002
 Calc obj  1.249972018767107E-003  1.249948827659469E-003
  9.999931470501263E-003  9.999918238740973E-003  9.999905385165148E-003
  9.999892605881869E-003  9.999877127901778E-003  9.999916261898216E-003
  9.999929571111024E-003  9.999939862900899E-003  9.999948234439485E-003
  9.999955189634391E-003  1.249958492671708E-003  1.249973513454811E-003
  6.981313909517167E-002  0.530641386573271     
 Design variables:  1.249972018767107E-003  1.249948827659469E-003
  9.999931470501263E-003  9.999918238740973E-003  9.999905385165148E-003
  9.999892605881869E-003  9.999877127901778E-003  9.999916261898216E-003
  9.999929571111024E-003  9.999939862900899E-003  9.999948234439485E-003
  9.999955189634391E-003  1.249958492671708E-003  1.249973513454811E-003
  6.981313909517167E-002  0.530641386573271     
 Mean drag value and variance:  3.844217122687951E-003  2.317567571256986E-008
 Calc con  1.249965738646123E-003  1.249938710045145E-003
  9.999918492226763E-003  9.999903073727110E-003  9.999888095332293E-003
  9.999873202675298E-003  9.999855163828042E-003  9.999900760526318E-003
  9.999916272465104E-003  9.999928268195100E-003  9.999938025763154E-003
  9.999946132016222E-003  1.249949976294367E-003  1.249967482808196E-003
  6.981313233070864E-002  0.530635081000745     
 Design variables:  1.249965738646123E-003  1.249938710045145E-003
  9.999918492226763E-003  9.999903073727110E-003  9.999888095332293E-003
  9.999873202675298E-003  9.999855163828042E-003  9.999900760526318E-003
  9.999916272465104E-003  9.999928268195100E-003  9.999938025763154E-003
  9.999946132016222E-003  1.249949976294367E-003  1.249967482808196E-003
  6.981313233070864E-002  0.530635081000745     
 Constraint value, mean lift and its standard deviation:  1.453279714104666E-004
  0.852271222303549       1.747218342498663E-002
 Calc obj  1.249965738646123E-003  1.249938710045145E-003
  9.999918492226763E-003  9.999903073727110E-003  9.999888095332293E-003
  9.999873202675298E-003  9.999855163828042E-003  9.999900760526318E-003
  9.999916272465104E-003  9.999928268195100E-003  9.999938025763154E-003
  9.999946132016222E-003  1.249949976294367E-003  1.249967482808196E-003
  6.981313233070864E-002  0.530635081000745     
 Design variables:  1.249965738646123E-003  1.249938710045145E-003
  9.999918492226763E-003  9.999903073727110E-003  9.999888095332293E-003
  9.999873202675298E-003  9.999855163828042E-003  9.999900760526318E-003
  9.999916272465104E-003  9.999928268195100E-003  9.999938025763154E-003
  9.999946132016222E-003  1.249949976294367E-003  1.249967482808196E-003
  6.981313233070864E-002  0.530635081000745     
 Mean drag value and variance:  3.844192078422452E-003  2.341745829672758E-008
 Calc con  1.249962598585631E-003  1.249933651237982E-003
  9.999912003089513E-003  9.999895491220181E-003  9.999879450415864E-003
  9.999863501072011E-003  9.999844181791173E-003  9.999893009840371E-003
  9.999909623142143E-003  9.999922470842198E-003  9.999932921424986E-003
  9.999941603207137E-003  1.249945718105696E-003  1.249964467484888E-003
  6.981312894847713E-002  0.530631928214482     
 Design variables:  1.249962598585631E-003  1.249933651237982E-003
  9.999912003089513E-003  9.999895491220181E-003  9.999879450415864E-003
  9.999863501072011E-003  9.999844181791173E-003  9.999893009840371E-003
  9.999909623142143E-003  9.999922470842198E-003  9.999932921424986E-003
  9.999941603207137E-003  1.249945718105696E-003  1.249964467484888E-003
  6.981312894847713E-002  0.530631928214482     
 Constraint value, mean lift and its standard deviation: -5.934062231535697E-005
  0.852252978530189       1.739787930262439E-002
 Calc obj  1.249962598585631E-003  1.249933651237982E-003
  9.999912003089513E-003  9.999895491220181E-003  9.999879450415864E-003
  9.999863501072011E-003  9.999844181791173E-003  9.999893009840371E-003
  9.999909623142143E-003  9.999922470842198E-003  9.999932921424986E-003
  9.999941603207137E-003  1.249945718105696E-003  1.249964467484888E-003
  6.981312894847713E-002  0.530631928214482     
 Design variables:  1.249962598585631E-003  1.249933651237982E-003
  9.999912003089513E-003  9.999895491220181E-003  9.999879450415864E-003
  9.999863501072011E-003  9.999844181791173E-003  9.999893009840371E-003
  9.999909623142143E-003  9.999922470842198E-003  9.999932921424986E-003
  9.999941603207137E-003  1.249945718105696E-003  1.249964467484888E-003
  6.981312894847713E-002  0.530631928214482     
 Mean drag value and variance:  3.844157263629563E-003  2.323837612601598E-008
 Calc con  1.249961028555384E-003  1.249931121834401E-003
  9.999908758520889E-003  9.999891699966715E-003  9.999875127957650E-003
  9.999858650270367E-003  9.999838690772738E-003  9.999889134497396E-003
  9.999906298480663E-003  9.999919572165748E-003  9.999930369255904E-003
  9.999939338802595E-003  1.249943589011360E-003  1.249962959823234E-003
  6.981312725736137E-002  0.530630351821351     
 Design variables:  1.249961028555384E-003  1.249931121834401E-003
  9.999908758520889E-003  9.999891699966715E-003  9.999875127957650E-003
  9.999858650270367E-003  9.999838690772738E-003  9.999889134497396E-003
  9.999906298480663E-003  9.999919572165748E-003  9.999930369255904E-003
  9.999939338802595E-003  1.249943589011360E-003  1.249962959823234E-003
  6.981312725736137E-002  0.530630351821351     
 Constraint value, mean lift and its standard deviation:  3.085242915239206E-005
  0.852263389849923       1.743141409302515E-002
 Calc obj  1.249961028555384E-003  1.249931121834401E-003
  9.999908758520889E-003  9.999891699966715E-003  9.999875127957650E-003
  9.999858650270367E-003  9.999838690772738E-003  9.999889134497396E-003
  9.999906298480663E-003  9.999919572165748E-003  9.999930369255904E-003
  9.999939338802595E-003  1.249943589011360E-003  1.249962959823234E-003
  6.981312725736137E-002  0.530630351821351     
 Design variables:  1.249961028555384E-003  1.249931121834401E-003
  9.999908758520889E-003  9.999891699966715E-003  9.999875127957650E-003
  9.999858650270367E-003  9.999838690772738E-003  9.999889134497396E-003
  9.999906298480663E-003  9.999919572165748E-003  9.999930369255904E-003
  9.999939338802595E-003  1.249943589011360E-003  1.249962959823234E-003
  6.981312725736137E-002  0.530630351821351     
 Mean drag value and variance:  3.844115117091818E-003  2.320174984410681E-008
   12  0.3844138E-02  0.5044458E-04  0.3104096E-04  0.2665159E-03  0.1000000E-10
 
 The solution was found.
 
 The final value of the objective function is   3.844138318841662E-003
 
 The optimal values of X are:
 
 X  (           1 ) =   1.249961028555384E-003
 X  (           2 ) =   1.249931121834401E-003
 X  (           3 ) =   9.999908758520889E-003
 X  (           4 ) =   9.999891699966715E-003
 X  (           5 ) =   9.999875127957650E-003
 X  (           6 ) =   9.999858650270367E-003
 X  (           7 ) =   9.999838690772738E-003
 X  (           8 ) =   9.999889134497396E-003
 X  (           9 ) =   9.999906298480663E-003
 X  (          10 ) =   9.999919572165748E-003
 X  (          11 ) =   9.999930369255904E-003
 X  (          12 ) =   9.999939338802595E-003
 X  (          13 ) =   1.249943589011360E-003
 X  (          14 ) =   1.249962959823234E-003
 X  (          15 ) =    3.99999754645653     
 X  (          16 ) =   0.530630351821351     
 
 The multipliers for the equality constraints are:
 
 LAM(           1 ) =   1.465906831936114E-002
 
 Mean drag and its variance:  3.844115117091818E-003  2.320174984410681E-008
