 >> Number of Processors =   1
 Calc con  0.000000000000000E+000  0.000000000000000E+000
  0.000000000000000E+000  0.000000000000000E+000  0.000000000000000E+000
  0.000000000000000E+000  0.000000000000000E+000  0.000000000000000E+000
  0.000000000000000E+000  0.000000000000000E+000  0.000000000000000E+000
  0.000000000000000E+000  0.000000000000000E+000  0.000000000000000E+000
  3.490658503988659E-002  0.590000000000000     
 Design variables:  0.000000000000000E+000  0.000000000000000E+000
  0.000000000000000E+000  0.000000000000000E+000  0.000000000000000E+000
  0.000000000000000E+000  0.000000000000000E+000  0.000000000000000E+000
  0.000000000000000E+000  0.000000000000000E+000  0.000000000000000E+000
  0.000000000000000E+000  0.000000000000000E+000  0.000000000000000E+000
  3.490658503988659E-002  0.590000000000000     
 Constraint value, mean lift and its standard deviation:  0.629607645543123     
  0.170392354456877       1.554559435185057E-002
 Calc obj  0.000000000000000E+000  0.000000000000000E+000
  0.000000000000000E+000  0.000000000000000E+000  0.000000000000000E+000
  0.000000000000000E+000  0.000000000000000E+000  0.000000000000000E+000
  0.000000000000000E+000  0.000000000000000E+000  0.000000000000000E+000
  0.000000000000000E+000  0.000000000000000E+000  0.000000000000000E+000
  3.490658503988659E-002  0.590000000000000     
 Design variables:  0.000000000000000E+000  0.000000000000000E+000
  0.000000000000000E+000  0.000000000000000E+000  0.000000000000000E+000
  0.000000000000000E+000  0.000000000000000E+000  0.000000000000000E+000
  0.000000000000000E+000  0.000000000000000E+000  0.000000000000000E+000
  0.000000000000000E+000  0.000000000000000E+000  0.000000000000000E+000
  3.490658503988659E-002  0.590000000000000     
 Mean drag value and variance:  7.124283036054000E-004  2.281771901655147E-009
 
 iter    objective      ||grad||        inf_pr          inf_du         lg(mu)
    0  0.7124306E-03  0.0000000E+00  0.6396076E+00  0.9959220E+00  0.1000000E+01
 Calc con  1.228245674215689E-003  8.713416256881274E-004
  4.908221931854875E-003  4.359798125108747E-003  3.894123018004048E-003
  3.466173405443101E-003  3.013132578003925E-003  3.640451993524137E-003
  4.018772537740209E-003  4.362101168181489E-003  4.746458738752699E-003
  5.230622340944915E-003  8.967542235546764E-004  1.237509900000000E-003
  6.757870934751981E-002  0.588858110380410     
 Design variables:  1.228245674215689E-003  8.713416256881274E-004
  4.908221931854875E-003  4.359798125108747E-003  3.894123018004048E-003
  3.466173405443101E-003  3.013132578003925E-003  3.640451993524137E-003
  4.018772537740209E-003  4.362101168181489E-003  4.746458738752699E-003
  5.230622340944915E-003  8.967542235546764E-004  1.237509900000000E-003
  6.757870934751981E-002  0.588858110380410     
 Constraint value, mean lift and its standard deviation:  0.137303878855017     
  0.662696121144983       1.844810268380345E-002
 Calc obj  1.228245674215689E-003  8.713416256881274E-004
  4.908221931854875E-003  4.359798125108747E-003  3.894123018004048E-003
  3.466173405443101E-003  3.013132578003925E-003  3.640451993524137E-003
  4.018772537740209E-003  4.362101168181489E-003  4.746458738752699E-003
  5.230622340944915E-003  8.967542235546764E-004  1.237509900000000E-003
  6.757870934751981E-002  0.588858110380410     
 Design variables:  1.228245674215689E-003  8.713416256881274E-004
  4.908221931854875E-003  4.359798125108747E-003  3.894123018004048E-003
  3.466173405443101E-003  3.013132578003925E-003  3.640451993524137E-003
  4.018772537740209E-003  4.362101168181489E-003  4.746458738752699E-003
  5.230622340944915E-003  8.967542235546764E-004  1.237509900000000E-003
  6.757870934751981E-002  0.588858110380410     
 Mean drag value and variance:  2.891641779754111E-003  4.806874442763615E-008
    1  0.2891690E-02  0.4549328E-01  0.1753656E+00  0.5105459E+00  0.4210486E-01
 Calc con  1.193062403385223E-003  8.650320287879482E-004
  5.974505716171148E-003  5.370997819367826E-003  4.838607161148814E-003
  4.336584085502505E-003  3.793144487392501E-003  4.910300477694593E-003
  5.332317194225901E-003  5.692250051159949E-003  6.077076059072426E-003
  6.541354157648168E-003  8.906990620923666E-004  1.201283424327164E-003
  6.979083537245065E-002  0.672813207973596     
 Design variables:  1.193062403385223E-003  8.650320287879482E-004
  5.974505716171148E-003  5.370997819367826E-003  4.838607161148814E-003
  4.336584085502505E-003  3.793144487392501E-003  4.910300477694593E-003
  5.332317194225901E-003  5.692250051159949E-003  6.077076059072426E-003
  6.541354157648168E-003  8.906990620923666E-004  1.201283424327164E-003
  6.979083537245065E-002  0.672813207973596     
 Constraint value, mean lift and its standard deviation: -2.481587821472797E-002
  0.824815878214728       1.864339601413487E-002
 Calc obj  1.193062403385223E-003  8.650320287879482E-004
  5.974505716171148E-003  5.370997819367826E-003  4.838607161148814E-003
  4.336584085502505E-003  3.793144487392501E-003  4.910300477694593E-003
  5.332317194225901E-003  5.692250051159949E-003  6.077076059072426E-003
  6.541354157648168E-003  8.906990620923666E-004  1.201283424327164E-003
  6.979083537245065E-002  0.672813207973596     
 Design variables:  1.193062403385223E-003  8.650320287879482E-004
  5.974505716171148E-003  5.370997819367826E-003  4.838607161148814E-003
  4.336584085502505E-003  3.793144487392501E-003  4.910300477694593E-003
  5.332317194225901E-003  5.692250051159949E-003  6.077076059072426E-003
  6.541354157648168E-003  8.906990620923666E-004  1.201283424327164E-003
  6.979083537245065E-002  0.672813207973596     
 Mean drag value and variance:  3.441597410190254E-002  4.970614803960754E-005
    2  0.3446568E-01  0.8493496E-01  0.1626110E-01  0.2490532E+01  0.1212506E-02
 Calc con  6.400873610013337E-004  4.680159568730215E-004
  6.335191152422677E-003  5.909485031742686E-003  5.503912006556197E-003
  5.093875431721248E-003  4.611362952431533E-003  3.630480912290897E-003
  4.942499431264992E-003  6.568699636974788E-003  7.835995044423455E-003
  8.188644714646601E-003  4.878341330360754E-004  6.471606455201067E-004
  6.766930070697261E-002  0.638722882776149     
 Design variables:  6.400873610013337E-004  4.680159568730215E-004
  6.335191152422677E-003  5.909485031742686E-003  5.503912006556197E-003
  5.093875431721248E-003  4.611362952431533E-003  3.630480912290897E-003
  4.942499431264992E-003  6.568699636974788E-003  7.835995044423455E-003
  8.188644714646601E-003  4.878341330360754E-004  6.471606455201067E-004
  6.766930070697261E-002  0.638722882776149     
 Constraint value, mean lift and its standard deviation:  2.044688921389159E-002
  0.779553110786108       2.197536311104406E-002
 Calc obj  6.400873610013337E-004  4.680159568730215E-004
  6.335191152422677E-003  5.909485031742686E-003  5.503912006556197E-003
  5.093875431721248E-003  4.611362952431533E-003  3.630480912290897E-003
  4.942499431264992E-003  6.568699636974788E-003  7.835995044423455E-003
  8.188644714646601E-003  4.878341330360754E-004  6.471606455201067E-004
  6.766930070697261E-002  0.638722882776149     
 Design variables:  6.400873610013337E-004  4.680159568730215E-004
  6.335191152422677E-003  5.909485031742686E-003  5.503912006556197E-003
  5.093875431721248E-003  4.611362952431533E-003  3.630480912290897E-003
  4.942499431264992E-003  6.568699636974788E-003  7.835995044423455E-003
  8.188644714646601E-003  4.878341330360754E-004  6.471606455201067E-004
  6.766930070697261E-002  0.638722882776149     
 Mean drag value and variance:  1.104680398368962E-002  1.699540734035247E-005
    3  0.1106380E-01  0.3409033E-01  0.3883232E-01  0.6061177E+00  0.5965682E-02
 Calc con  6.572986290951137E-004  4.931978706589342E-004
  7.484585047240695E-003  7.110335913382837E-003  6.735095996065732E-003
  6.338904997907845E-003  5.851888099816805E-003  7.159926486236309E-003
  8.167771309624884E-003  8.528476511956259E-003  8.643387511223245E-003
  8.565059092133247E-003  5.173268513375277E-004  6.647497674427811E-004
  6.845538215524963E-002  0.603035620501765     
 Design variables:  6.572986290951137E-004  4.931978706589342E-004
  7.484585047240695E-003  7.110335913382837E-003  6.735095996065732E-003
  6.338904997907845E-003  5.851888099816805E-003  7.159926486236309E-003
  8.167771309624884E-003  8.528476511956259E-003  8.643387511223245E-003
  8.565059092133247E-003  5.173268513375277E-004  6.647497674427811E-004
  6.845538215524963E-002  0.603035620501765     
 Constraint value, mean lift and its standard deviation: -8.545559959601379E-003
  0.808545559959601       2.133012986675797E-002
 Calc obj  6.572986290951137E-004  4.931978706589342E-004
  7.484585047240695E-003  7.110335913382837E-003  6.735095996065732E-003
  6.338904997907845E-003  5.851888099816805E-003  7.159926486236309E-003
  8.167771309624884E-003  8.528476511956259E-003  8.643387511223245E-003
  8.565059092133247E-003  5.173268513375277E-004  6.647497674427811E-004
  6.845538215524963E-002  0.603035620501765     
 Design variables:  6.572986290951137E-004  4.931978706589342E-004
  7.484585047240695E-003  7.110335913382837E-003  6.735095996065732E-003
  6.338904997907845E-003  5.851888099816805E-003  7.159926486236309E-003
  8.167771309624884E-003  8.528476511956259E-003  8.643387511223245E-003
  8.565059092133247E-003  5.173268513375277E-004  6.647497674427811E-004
  6.845538215524963E-002  0.603035620501765     
 Mean drag value and variance:  6.110898234045751E-003  5.698466021126194E-006
    4  0.6116597E-02  0.3568726E-01  0.2458471E-02  0.3510575E+00  0.1669755E-02
 Calc con  7.239081235244504E-004  5.626619598396687E-004
  7.990449841271488E-003  7.678502710372897E-003  7.364169133037821E-003
  7.032636960991464E-003  6.624969737537417E-003  9.724385909948551E-003
  8.879722484983674E-003  8.647762440573010E-003  8.604207409413197E-003
  8.583280990576717E-003  5.986739253711466E-004  7.345142057534423E-004
  6.874176397585278E-002  0.579354413772625     
 Design variables:  7.239081235244504E-004  5.626619598396687E-004
  7.990449841271488E-003  7.678502710372897E-003  7.364169133037821E-003
  7.032636960991464E-003  6.624969737537417E-003  9.724385909948551E-003
  8.879722484983674E-003  8.647762440573010E-003  8.604207409413197E-003
  8.583280990576717E-003  5.986739253711466E-004  7.345142057534423E-004
  6.874176397585278E-002  0.579354413772625     
 Constraint value, mean lift and its standard deviation: -8.895466936542640E-003
  0.808895466936543       1.979849815814862E-002
 Calc obj  7.239081235244504E-004  5.626619598396687E-004
  7.990449841271488E-003  7.678502710372897E-003  7.364169133037821E-003
  7.032636960991464E-003  6.624969737537417E-003  9.724385909948551E-003
  8.879722484983674E-003  8.647762440573010E-003  8.604207409413197E-003
  8.583280990576717E-003  5.986739253711466E-004  7.345142057534423E-004
  6.874176397585278E-002  0.579354413772625     
 Design variables:  7.239081235244504E-004  5.626619598396687E-004
  7.990449841271488E-003  7.678502710372897E-003  7.364169133037821E-003
  7.032636960991464E-003  6.624969737537417E-003  9.724385909948551E-003
  8.879722484983674E-003  8.647762440573010E-003  8.604207409413197E-003
  8.583280990576717E-003  5.986739253711466E-004  7.345142057534423E-004
  6.874176397585278E-002  0.579354413772625     
 Mean drag value and variance:  4.170675654513557E-003  6.287645442500644E-007
    5  0.4171304E-02  0.2368121E-01  0.5541020E-03  0.3559852E+00  0.3029194E-03
 Calc con  7.540782506166201E-004  5.979768600250176E-004
  8.142029020711806E-003  7.854925925303902E-003  7.567375518712872E-003
  7.266245902687641E-003  6.897958300464333E-003  9.738540096063387E-003
  8.973357401137231E-003  8.777420670270075E-003  8.710220212014352E-003
  8.625568325494394E-003  6.347349687565577E-004  7.676939838458686E-004
  6.881472322282829E-002  0.571962964674841     
 Design variables:  7.540782506166201E-004  5.979768600250176E-004
  8.142029020711806E-003  7.854925925303902E-003  7.567375518712872E-003
  7.266245902687641E-003  6.897958300464333E-003  9.738540096063387E-003
  8.973357401137231E-003  8.777420670270075E-003  8.710220212014352E-003
  8.625568325494394E-003  6.347349687565577E-004  7.676939838458686E-004
  6.881472322282829E-002  0.571962964674841     
 Constraint value, mean lift and its standard deviation: -7.277041422003361E-003
  0.807277041422003       1.929736108156499E-002
 Calc obj  7.540782506166201E-004  5.979768600250176E-004
  8.142029020711806E-003  7.854925925303902E-003  7.567375518712872E-003
  7.266245902687641E-003  6.897958300464333E-003  9.738540096063387E-003
  8.973357401137231E-003  8.777420670270075E-003  8.710220212014352E-003
  8.625568325494394E-003  6.347349687565577E-004  7.676939838458686E-004
  6.881472322282829E-002  0.571962964674841     
 Design variables:  7.540782506166201E-004  5.979768600250176E-004
  8.142029020711806E-003  7.854925925303902E-003  7.567375518712872E-003
  7.266245902687641E-003  6.897958300464333E-003  9.738540096063387E-003
  8.973357401137231E-003  8.777420670270075E-003  8.710220212014352E-003
  8.625568325494394E-003  6.347349687565577E-004  7.676939838458686E-004
  6.881472322282829E-002  0.571962964674841     
 Mean drag value and variance:  3.874788108125619E-003  1.450639356039606E-007
    6  0.3874933E-02  0.7391449E-02  0.1484466E-03  0.3740534E-01  0.8053547E-05
 Calc con  7.311667340950208E-004  5.753544030420784E-004
  8.142723982691551E-003  7.874457313659730E-003  7.621788464407909E-003
  7.370859156947335E-003  7.069549051038585E-003  9.678138663476558E-003
  8.922656465456827E-003  8.713392049213991E-003  8.578854176652653E-003
  8.431731918736628E-003  6.214846347176551E-004  7.516591466817096E-004
  6.945943471317835E-002  0.565864281096934     
 Design variables:  7.311667340950208E-004  5.753544030420784E-004
  8.142723982691551E-003  7.874457313659730E-003  7.621788464407909E-003
  7.370859156947335E-003  7.069549051038585E-003  9.678138663476558E-003
  8.922656465456827E-003  8.713392049213991E-003  8.578854176652653E-003
  8.431731918736628E-003  6.214846347176551E-004  7.516591466817096E-004
  6.945943471317835E-002  0.565864281096934     
 Constraint value, mean lift and its standard deviation: -4.330157762988285E-003
  0.804330157762988       1.886123929644258E-002
 Calc obj  7.311667340950208E-004  5.753544030420784E-004
  8.142723982691551E-003  7.874457313659730E-003  7.621788464407909E-003
  7.370859156947335E-003  7.069549051038585E-003  9.678138663476558E-003
  8.922656465456827E-003  8.713392049213991E-003  8.578854176652653E-003
  8.431731918736628E-003  6.214846347176551E-004  7.516591466817096E-004
  6.945943471317835E-002  0.565864281096934     
 Design variables:  7.311667340950208E-004  5.753544030420784E-004
  8.142723982691551E-003  7.874457313659730E-003  7.621788464407909E-003
  7.370859156947335E-003  7.069549051038585E-003  9.678138663476558E-003
  8.922656465456827E-003  8.713392049213991E-003  8.578854176652653E-003
  8.431731918736628E-003  6.214846347176551E-004  7.516591466817096E-004
  6.945943471317835E-002  0.565864281096934     
 Mean drag value and variance:  3.749239847791430E-003  4.768017508983987E-008
    7  0.3749288E-02  0.6098684E-02  0.2986958E-03  0.4567485E-01  0.4155751E-05
 Calc con  8.270796489618033E-004  6.991319006229424E-004
  8.802697830057380E-003  8.536247916198732E-003  8.318763067707104E-003
  8.135236965082143E-003  7.930060855922690E-003  6.817004699912936E-003
  9.989236464654569E-003  9.348309743759683E-003  8.189475965304069E-003
  7.394192977641908E-003  7.920224317915629E-004  9.414401737919756E-004
  6.922862749523477E-002  0.561881102588533     
 Design variables:  8.270796489618033E-004  6.991319006229424E-004
  8.802697830057380E-003  8.536247916198732E-003  8.318763067707104E-003
  8.135236965082143E-003  7.930060855922690E-003  6.817004699912936E-003
  9.989236464654569E-003  9.348309743759683E-003  8.189475965304069E-003
  7.394192977641908E-003  7.920224317915629E-004  9.414401737919756E-004
  6.922862749523477E-002  0.561881102588533     
 Constraint value, mean lift and its standard deviation: -2.600709988496153E-003
  0.802600709988496       1.843315950901718E-002
 Calc obj  8.270796489618033E-004  6.991319006229424E-004
  8.802697830057380E-003  8.536247916198732E-003  8.318763067707104E-003
  8.135236965082143E-003  7.930060855922690E-003  6.817004699912936E-003
  9.989236464654569E-003  9.348309743759683E-003  8.189475965304069E-003
  7.394192977641908E-003  7.920224317915629E-004  9.414401737919756E-004
  6.922862749523477E-002  0.561881102588533     
 Design variables:  8.270796489618033E-004  6.991319006229424E-004
  8.802697830057380E-003  8.536247916198732E-003  8.318763067707104E-003
  8.135236965082143E-003  7.930060855922690E-003  6.817004699912936E-003
  9.989236464654569E-003  9.348309743759683E-003  8.189475965304069E-003
  7.394192977641908E-003  7.920224317915629E-004  9.414401737919756E-004
  6.922862749523477E-002  0.561881102588533     
 Mean drag value and variance:  3.678545952212614E-003  3.129388226450008E-008
    8  0.3678577E-02  0.5137754E-02  0.9686141E-03  0.1992351E-01  0.1075542E-04
 Calc con  8.880330965142015E-004  7.698847972632975E-004
  9.121469206508569E-003  8.964843470512216E-003  8.880218602676650E-003
  8.863472771324193E-003  8.879564932704464E-003  6.755964495854697E-003
  9.791308106329812E-003  9.332702576984523E-003  8.653953445672317E-003
  8.381844960586082E-003  8.493542926640704E-004  9.597812669477325E-004
  6.783933146248131E-002  0.555696680876199     
 Design variables:  8.880330965142015E-004  7.698847972632975E-004
  9.121469206508569E-003  8.964843470512216E-003  8.880218602676650E-003
  8.863472771324193E-003  8.879564932704464E-003  6.755964495854697E-003
  9.791308106329812E-003  9.332702576984523E-003  8.653953445672317E-003
  8.381844960586082E-003  8.493542926640704E-004  9.597812669477325E-004
  6.783933146248131E-002  0.555696680876199     
 Constraint value, mean lift and its standard deviation: -6.693958159613711E-004
  0.800669395815961       1.804141864707269E-002
 Calc obj  8.880330965142015E-004  7.698847972632975E-004
  9.121469206508569E-003  8.964843470512216E-003  8.880218602676650E-003
  8.863472771324193E-003  8.879564932704464E-003  6.755964495854697E-003
  9.791308106329812E-003  9.332702576984523E-003  8.653953445672317E-003
  8.381844960586082E-003  8.493542926640704E-004  9.597812669477325E-004
  6.783933146248131E-002  0.555696680876199     
 Design variables:  8.880330965142015E-004  7.698847972632975E-004
  9.121469206508569E-003  8.964843470512216E-003  8.880218602676650E-003
  8.863472771324193E-003  8.879564932704464E-003  6.755964495854697E-003
  9.791308106329812E-003  9.332702576984523E-003  8.653953445672317E-003
  8.381844960586082E-003  8.493542926640704E-004  9.597812669477325E-004
  6.783933146248131E-002  0.555696680876199     
 Mean drag value and variance:  3.616707605575452E-003  2.482829626065608E-008
    9  0.3616732E-02  0.6184422E-02  0.1460540E-03  0.5666375E-02  0.2346321E-05
 Calc con  1.072639065246036E-003  1.002216781621855E-003
  9.606503187348786E-003  9.556525378561326E-003  9.557760720762426E-003
  9.607839201338793E-003  9.695019536044328E-003  5.366599897739698E-003
  9.702527599372613E-003  9.446823582970911E-003  9.427387830478874E-003
  9.990840870425764E-003  1.047966634866075E-003  1.086310735831594E-003
  6.718131252559872E-002  0.538169041056668     
 Design variables:  1.072639065246036E-003  1.002216781621855E-003
  9.606503187348786E-003  9.556525378561326E-003  9.557760720762426E-003
  9.607839201338793E-003  9.695019536044328E-003  5.366599897739698E-003
  9.702527599372613E-003  9.446823582970911E-003  9.427387830478874E-003
  9.990840870425764E-003  1.047966634866075E-003  1.086310735831594E-003
  6.718131252559872E-002  0.538169041056668     
 Constraint value, mean lift and its standard deviation: -1.023663513081807E-003
  0.801023663513082       1.722912080196279E-002
 Calc obj  1.072639065246036E-003  1.002216781621855E-003
  9.606503187348786E-003  9.556525378561326E-003  9.557760720762426E-003
  9.607839201338793E-003  9.695019536044328E-003  5.366599897739698E-003
  9.702527599372613E-003  9.446823582970911E-003  9.427387830478874E-003
  9.990840870425764E-003  1.047966634866075E-003  1.086310735831594E-003
  6.718131252559872E-002  0.538169041056668     
 Design variables:  1.072639065246036E-003  1.002216781621855E-003
  9.606503187348786E-003  9.556525378561326E-003  9.557760720762426E-003
  9.607839201338793E-003  9.695019536044328E-003  5.366599897739698E-003
  9.702527599372613E-003  9.446823582970911E-003  9.427387830478874E-003
  9.990840870425764E-003  1.047966634866075E-003  1.086310735831594E-003
  6.718131252559872E-002  0.538169041056668     
 Mean drag value and variance:  3.523238179927552E-003  2.042398665114326E-008
   10  0.3523259E-02  0.2258630E-01  0.8336389E-03  0.4889072E-02  0.5285379E-06
 Calc con  1.116503828338965E-003  1.062954071309783E-003
  9.699708872421751E-003  9.658929786054555E-003  9.655599860745110E-003
  9.689849115045852E-003  9.754011642667173E-003  3.424553955804279E-003
  9.776180220333105E-003  9.609124258347444E-003  9.597807858290714E-003
  9.986245830023678E-003  1.098130306944061E-003  1.125578666409195E-003
  6.980031268908807E-002  0.515784157512349     
 Design variables:  1.116503828338965E-003  1.062954071309783E-003
  9.699708872421751E-003  9.658929786054555E-003  9.655599860745110E-003
  9.689849115045852E-003  9.754011642667173E-003  3.424553955804279E-003
  9.776180220333105E-003  9.609124258347444E-003  9.597807858290714E-003
  9.986245830023678E-003  1.098130306944061E-003  1.125578666409195E-003
  6.980031268908807E-002  0.515784157512349     
 Constraint value, mean lift and its standard deviation: -1.969392558995753E-003
  0.801969392558996       1.642341581941596E-002
 Calc obj  1.116503828338965E-003  1.062954071309783E-003
  9.699708872421751E-003  9.658929786054555E-003  9.655599860745110E-003
  9.689849115045852E-003  9.754011642667173E-003  3.424553955804279E-003
  9.776180220333105E-003  9.609124258347444E-003  9.597807858290714E-003
  9.986245830023678E-003  1.098130306944061E-003  1.125578666409195E-003
  6.980031268908807E-002  0.515784157512349     
 Design variables:  1.116503828338965E-003  1.062954071309783E-003
  9.699708872421751E-003  9.658929786054555E-003  9.655599860745110E-003
  9.689849115045852E-003  9.754011642667173E-003  3.424553955804279E-003
  9.776180220333105E-003  9.609124258347444E-003  9.597807858290714E-003
  9.986245830023678E-003  1.098130306944061E-003  1.125578666409195E-003
  6.980031268908807E-002  0.515784157512349     
 Mean drag value and variance:  3.426286485888364E-003  1.700080839156340E-008
   11  0.3426303E-02  0.1022284E+00  0.1815674E-02  0.4225640E-02  0.1466209E-06
 Calc con  1.167259118420314E-003  1.132950690502499E-003
  9.809767253634270E-003  9.785396418277137E-003  9.782406268078688E-003
  9.800263795958684E-003  9.835009710463204E-003  9.972224489871884E-003
  9.821537090689147E-003  9.758675405271762E-003  9.780073442303201E-003
  9.988122277169952E-003  1.153275962499625E-003  1.170973275691751E-003
  6.980515691032717E-002  0.477409802765942     
 Design variables:  1.167259118420314E-003  1.132950690502499E-003
  9.809767253634270E-003  9.785396418277137E-003  9.782406268078688E-003
  9.800263795958684E-003  9.835009710463204E-003  9.972224489871884E-003
  9.821537090689147E-003  9.758675405271762E-003  9.780073442303201E-003
  9.988122277169952E-003  1.153275962499625E-003  1.170973275691751E-003
  6.980515691032717E-002  0.477409802765942     
 Constraint value, mean lift and its standard deviation: -2.329249180373583E-003
  0.802329249180374       1.546506000386219E-002
 Calc obj  1.167259118420314E-003  1.132950690502499E-003
  9.809767253634270E-003  9.785396418277137E-003  9.782406268078688E-003
  9.800263795958684E-003  9.835009710463204E-003  9.972224489871884E-003
  9.821537090689147E-003  9.758675405271762E-003  9.780073442303201E-003
  9.988122277169952E-003  1.153275962499625E-003  1.170973275691751E-003
  6.980515691032717E-002  0.477409802765942     
 Design variables:  1.167259118420314E-003  1.132950690502499E-003
  9.809767253634270E-003  9.785396418277137E-003  9.782406268078688E-003
  9.800263795958684E-003  9.835009710463204E-003  9.972224489871884E-003
  9.821537090689147E-003  9.758675405271762E-003  9.780073442303201E-003
  9.988122277169952E-003  1.153275962499625E-003  1.170973275691751E-003
  6.980515691032717E-002  0.477409802765942     
 Mean drag value and variance:  3.291762247330759E-003  1.357696547354091E-008
   12  0.3291776E-02  0.1183789E+00  0.2221973E-02  0.3671316E-02  0.8329666E-07
 Calc con  1.192425368062424E-003  1.167245585044032E-003
  9.867861868015330E-003  9.849193011783077E-003  9.841540402174028E-003
  9.847128003958892E-003  9.866292920666086E-003  9.676479793148120E-003
  9.999354769614629E-003  9.906994782723043E-003  9.860437325387276E-003
  9.984842840183531E-003  1.180041201169725E-003  1.196841387635816E-003
  6.979642855022417E-002  0.473951029973224     
 Design variables:  1.192425368062424E-003  1.167245585044032E-003
  9.867861868015330E-003  9.849193011783077E-003  9.841540402174028E-003
  9.847128003958892E-003  9.866292920666086E-003  9.676479793148120E-003
  9.999354769614629E-003  9.906994782723043E-003  9.860437325387276E-003
  9.984842840183531E-003  1.180041201169725E-003  1.196841387635816E-003
  6.979642855022417E-002  0.473951029973224     
 Constraint value, mean lift and its standard deviation: -2.144777851018298E-003
  0.802144777851018       1.534823786832694E-002
 Calc obj  1.192425368062424E-003  1.167245585044032E-003
  9.867861868015330E-003  9.849193011783077E-003  9.841540402174028E-003
  9.847128003958892E-003  9.866292920666086E-003  9.676479793148120E-003
  9.999354769614629E-003  9.906994782723043E-003  9.860437325387276E-003
  9.984842840183531E-003  1.180041201169725E-003  1.196841387635816E-003
  6.979642855022417E-002  0.473951029973224     
 Design variables:  1.192425368062424E-003  1.167245585044032E-003
  9.867861868015330E-003  9.849193011783077E-003  9.841540402174028E-003
  9.847128003958892E-003  9.866292920666086E-003  9.676479793148120E-003
  9.999354769614629E-003  9.906994782723043E-003  9.860437325387276E-003
  9.984842840183531E-003  1.180041201169725E-003  1.196841387635816E-003
  6.979642855022417E-002  0.473951029973224     
 Mean drag value and variance:  3.277465901210605E-003  1.331810411884293E-008
   13  0.3277479E-02  0.4434798E-01  0.2043848E-02  0.3464336E-01  0.6257873E-06
 Calc con  1.240731444221947E-003  1.235970471344505E-003
  9.977803767333274E-003  9.973793986262441E-003  9.968224497601609E-003
  9.960708550858286E-003  9.950202881358984E-003  9.996290776275774E-003
  9.958321215423730E-003  9.976543082788438E-003  9.988886391258793E-003
  9.969903067722385E-003  1.237087886939585E-003  1.239989197681151E-003
  6.979269400735875E-002  0.463349509079642     
 Design variables:  1.240731444221947E-003  1.235970471344505E-003
  9.977803767333274E-003  9.973793986262441E-003  9.968224497601609E-003
  9.960708550858286E-003  9.950202881358984E-003  9.996290776275774E-003
  9.958321215423730E-003  9.976543082788438E-003  9.988886391258793E-003
  9.969903067722385E-003  1.237087886939585E-003  1.239989197681151E-003
  6.979269400735875E-002  0.463349509079642     
 Constraint value, mean lift and its standard deviation: -2.379047514681210E-004
  0.800237904751468       1.508684566129682E-002
 Calc obj  1.240731444221947E-003  1.235970471344505E-003
  9.977803767333274E-003  9.973793986262441E-003  9.968224497601609E-003
  9.960708550858286E-003  9.950202881358984E-003  9.996290776275774E-003
  9.958321215423730E-003  9.976543082788438E-003  9.988886391258793E-003
  9.969903067722385E-003  1.237087886939585E-003  1.239989197681151E-003
  6.979269400735875E-002  0.463349509079642     
 Design variables:  1.240731444221947E-003  1.235970471344505E-003
  9.977803767333274E-003  9.973793986262441E-003  9.968224497601609E-003
  9.960708550858286E-003  9.950202881358984E-003  9.996290776275774E-003
  9.958321215423730E-003  9.976543082788438E-003  9.988886391258793E-003
  9.969903067722385E-003  1.237087886939585E-003  1.239989197681151E-003
  6.979269400735875E-002  0.463349509079642     
 Mean drag value and variance:  3.225910475032580E-003  1.260256767024721E-008
   14  0.3225923E-02  0.1060152E-01  0.1645862E-03  0.3112452E-03  0.8917193E-06
 Calc con  1.249470843634941E-003  1.249179726971445E-003
  9.998885172002557E-003  9.998717440905360E-003  9.998608044488577E-003
  9.998559116264384E-003  9.998544444643518E-003  9.998211050888679E-003
  9.999509067432298E-003  9.999142096927335E-003  9.998907594059326E-003
  9.999602856868902E-003  1.249311027414119E-003  1.249506386394249E-003
  6.981304307595811E-002  0.460804715537631     
 Design variables:  1.249470843634941E-003  1.249179726971445E-003
  9.998885172002557E-003  9.998717440905360E-003  9.998608044488577E-003
  9.998559116264384E-003  9.998544444643518E-003  9.998211050888679E-003
  9.999509067432298E-003  9.999142096927335E-003  9.998907594059326E-003
  9.999602856868902E-003  1.249311027414119E-003  1.249506386394249E-003
  6.981304307595811E-002  0.460804715537631     
 Constraint value, mean lift and its standard deviation:  8.239996307723985E-006
  0.799991760003692       1.505835895797170E-002
 Calc obj  1.249470843634941E-003  1.249179726971445E-003
  9.998885172002557E-003  9.998717440905360E-003  9.998608044488577E-003
  9.998559116264384E-003  9.998544444643518E-003  9.998211050888679E-003
  9.999509067432298E-003  9.999142096927335E-003  9.998907594059326E-003
  9.999602856868902E-003  1.249311027414119E-003  1.249506386394249E-003
  6.981304307595811E-002  0.460804715537631     
 Design variables:  1.249470843634941E-003  1.249179726971445E-003
  9.998885172002557E-003  9.998717440905360E-003  9.998608044488577E-003
  9.998559116264384E-003  9.998544444643518E-003  9.998211050888679E-003
  9.999509067432298E-003  9.999142096927335E-003  9.998907594059326E-003
  9.999602856868902E-003  1.249311027414119E-003  1.249506386394249E-003
  6.981304307595811E-002  0.460804715537631     
 Mean drag value and variance:  3.214932517394847E-003  1.232872369478892E-008
   15  0.3214945E-02  0.2544794E-02  0.1029831E-04  0.8098601E-04  0.4196650E-07
 Calc con  1.250005789862026E-003  1.250003724191104E-003
  1.000000032362849E-002  9.999998741679056E-003  9.999997168313866E-003
  9.999995609884843E-003  9.999993844124300E-003  9.999999195816416E-003
  9.999999504064138E-003  1.000000096843112E-002  1.000000226428744E-002
  1.000000221903734E-002  1.250004526957974E-003  1.250005862915736E-003
  6.981317467208976E-002  0.460728274793827     
 Design variables:  1.250005789862026E-003  1.250003724191104E-003
  1.000000032362849E-002  9.999998741679056E-003  9.999997168313866E-003
  9.999995609884843E-003  9.999993844124300E-003  9.999999195816416E-003
  9.999999504064138E-003  1.000000096843112E-002  1.000000226428744E-002
  1.000000221903734E-002  1.250004526957974E-003  1.250005862915736E-003
  6.981317467208976E-002  0.460728274793827     
 Constraint value, mean lift and its standard deviation: -1.265785817161635E-006
  0.800001265785817       1.499936827719164E-002
 Calc obj  1.250005789862026E-003  1.250003724191104E-003
  1.000000032362849E-002  9.999998741679056E-003  9.999997168313866E-003
  9.999995609884843E-003  9.999993844124300E-003  9.999999195816416E-003
  9.999999504064138E-003  1.000000096843112E-002  1.000000226428744E-002
  1.000000221903734E-002  1.250004526957974E-003  1.250005862915736E-003
  6.981317467208976E-002  0.460728274793827     
 Design variables:  1.250005789862026E-003  1.250003724191104E-003
  1.000000032362849E-002  9.999998741679056E-003  9.999997168313866E-003
  9.999995609884843E-003  9.999993844124300E-003  9.999999195816416E-003
  9.999999504064138E-003  1.000000096843112E-002  1.000000226428744E-002
  1.000000221903734E-002  1.250004526957974E-003  1.250005862915736E-003
  6.981317467208976E-002  0.460728274793827     
 Mean drag value and variance:  3.214768969894259E-003  1.243457501012356E-008
   16  0.3214781E-02  0.7644074E-04  0.1256437E-05  0.1930227E-03  0.2766533E-09
 
 The solution was found.
 
 The final value of the objective function is   3.214781404469270E-003
 
 The optimal values of X are:
 
 X  (           1 ) =   1.250000000000000E-003
 X  (           2 ) =   1.250000000000000E-003
 X  (           3 ) =   1.000000000000000E-002
 X  (           4 ) =   9.999998741679056E-003
 X  (           5 ) =   9.999997168313866E-003
 X  (           6 ) =   9.999995609884843E-003
 X  (           7 ) =   9.999993844124300E-003
 X  (           8 ) =   9.999999195816416E-003
 X  (           9 ) =   9.999999504064138E-003
 X  (          10 ) =   1.000000000000000E-002
 X  (          11 ) =   1.000000000000000E-002
 X  (          12 ) =   1.000000000000000E-002
 X  (          13 ) =   1.250000000000000E-003
 X  (          14 ) =   1.250000000000000E-003
 X  (          15 ) =    4.00000000000000     
 X  (          16 ) =   0.460728274793827     
 
 The multipliers for the equality constraints are:
 
 LAM(           1 ) =   1.199801045551070E-002
 
 Mean drag and its variance:  3.214768969894259E-003  1.243457501012356E-008
