 >> Number of Processors =   1
 Calc con  0.000000000000000E+000  0.000000000000000E+000
  0.000000000000000E+000  0.000000000000000E+000  0.000000000000000E+000
  0.000000000000000E+000  0.000000000000000E+000  0.000000000000000E+000
  0.000000000000000E+000  0.000000000000000E+000  0.000000000000000E+000
  0.000000000000000E+000  0.000000000000000E+000  0.000000000000000E+000
  1.745329251994330E-002  0.670000000000000     
 Design variables:  0.000000000000000E+000  0.000000000000000E+000
  0.000000000000000E+000  0.000000000000000E+000  0.000000000000000E+000
  0.000000000000000E+000  0.000000000000000E+000  0.000000000000000E+000
  0.000000000000000E+000  0.000000000000000E+000  0.000000000000000E+000
  0.000000000000000E+000  0.000000000000000E+000  0.000000000000000E+000
  1.745329251994330E-002  0.670000000000000     
 Constraint value, mean lift and its standard deviation:  0.799231086854430     
  1.813831245041137E-002  1.736939930484100E-002
 Calc obj  0.000000000000000E+000  0.000000000000000E+000
  0.000000000000000E+000  0.000000000000000E+000  0.000000000000000E+000
  0.000000000000000E+000  0.000000000000000E+000  0.000000000000000E+000
  0.000000000000000E+000  0.000000000000000E+000  0.000000000000000E+000
  0.000000000000000E+000  0.000000000000000E+000  0.000000000000000E+000
  1.745329251994330E-002  0.670000000000000     
 Design variables:  0.000000000000000E+000  0.000000000000000E+000
  0.000000000000000E+000  0.000000000000000E+000  0.000000000000000E+000
  0.000000000000000E+000  0.000000000000000E+000  0.000000000000000E+000
  0.000000000000000E+000  0.000000000000000E+000  0.000000000000000E+000
  0.000000000000000E+000  0.000000000000000E+000  0.000000000000000E+000
  1.745329251994330E-002  0.670000000000000     
 Mean drag value and variance:  4.596013002953944E-004  1.813647915565995E-009
 
 iter    objective      ||grad||        inf_pr          inf_du         lg(mu)
    0  0.4596031E-03  0.0000000E+00  0.8092311E+00  0.9970937E+00  0.1000000E+01
 Calc con  1.237509900000000E-003  8.838671680406169E-004
  5.066214097604792E-003  4.544819293206636E-003  4.099085461521721E-003
  3.678036587071048E-003  3.215918588698220E-003  3.696703184240650E-003
  4.105374149585309E-003  4.444887349588152E-003  4.805131937211432E-003
  5.260713838026547E-003  8.954026191712088E-004  1.233700268348698E-003
  6.876817208822772E-002  0.681245390114580     
 Design variables:  1.237509900000000E-003  8.838671680406169E-004
  5.066214097604792E-003  4.544819293206636E-003  4.099085461521721E-003
  3.678036587071048E-003  3.215918588698220E-003  3.696703184240650E-003
  4.105374149585309E-003  4.444887349588152E-003  4.805131937211432E-003
  5.260713838026547E-003  8.954026191712088E-004  1.233700268348698E-003
  6.876817208822772E-002  0.681245390114580     
 Constraint value, mean lift and its standard deviation:  4.100804474805560E-002
  0.776885732096504       1.789377684455980E-002
 Calc obj  1.237509900000000E-003  8.838671680406169E-004
  5.066214097604792E-003  4.544819293206636E-003  4.099085461521721E-003
  3.678036587071048E-003  3.215918588698220E-003  3.696703184240650E-003
  4.105374149585309E-003  4.444887349588152E-003  4.805131937211432E-003
  5.260713838026547E-003  8.954026191712088E-004  1.233700268348698E-003
  6.876817208822772E-002  0.681245390114580     
 Design variables:  1.237509900000000E-003  8.838671680406169E-004
  5.066214097604792E-003  4.544819293206636E-003  4.099085461521721E-003
  3.678036587071048E-003  3.215918588698220E-003  3.696703184240650E-003
  4.105374149585309E-003  4.444887349588152E-003  4.805131937211432E-003
  5.260713838026547E-003  8.954026191712088E-004  1.233700268348698E-003
  6.876817208822772E-002  0.681245390114580     
 Mean drag value and variance:  3.482836466551423E-002  5.583743070558924E-005
    1  0.3488420E-01  0.6049094E-01  0.1026464E+00  0.2388887E+01  0.6278051E-01
 Calc con  1.107490016058067E-003  8.016205833993957E-004
  5.304780040530276E-003  4.797094804148857E-003  4.355265403922575E-003
  3.932818428063864E-003  3.462316187506320E-003  2.702972534677603E-003
  3.289131012549207E-003  4.236093894557340E-003  5.286998095986988E-003
  6.094110686949511E-003  8.123318468526655E-004  1.104105328033832E-003
  6.705948854271351E-002  0.681060278781664     
 Design variables:  1.107490016058067E-003  8.016205833993957E-004
  5.304780040530276E-003  4.797094804148857E-003  4.355265403922575E-003
  3.932818428063864E-003  3.462316187506320E-003  2.702972534677603E-003
  3.289131012549207E-003  4.236093894557340E-003  5.286998095986988E-003
  6.094110686949511E-003  8.123318468526655E-004  1.104105328033832E-003
  6.705948854271351E-002  0.681060278781664     
 Constraint value, mean lift and its standard deviation:  5.808541947822553E-002
  0.763660070565944       2.174549004416936E-002
 Calc obj  1.107490016058067E-003  8.016205833993957E-004
  5.304780040530276E-003  4.797094804148857E-003  4.355265403922575E-003
  3.932818428063864E-003  3.462316187506320E-003  2.702972534677603E-003
  3.289131012549207E-003  4.236093894557340E-003  5.286998095986988E-003
  6.094110686949511E-003  8.123318468526655E-004  1.104105328033832E-003
  6.705948854271351E-002  0.681060278781664     
 Design variables:  1.107490016058067E-003  8.016205833993957E-004
  5.304780040530276E-003  4.797094804148857E-003  4.355265403922575E-003
  3.932818428063864E-003  3.462316187506320E-003  2.702972534677603E-003
  3.289131012549207E-003  4.236093894557340E-003  5.286998095986988E-003
  6.094110686949511E-003  8.123318468526655E-004  1.104105328033832E-003
  6.705948854271351E-002  0.681060278781664     
 Mean drag value and variance:  3.010423277364449E-002  4.665813109267316E-005
    2  0.3015089E-01  0.1117867E+00  0.5870179E-01  0.1546387E+01  0.1242488E-01
 Calc con  1.045410462309821E-003  7.734456717366621E-004
  6.462201019573149E-003  6.007014556554685E-003  5.587085362229973E-003
  5.165458575745337E-003  4.666479160215542E-003 -1.973184304704449E-003
  6.572854479816761E-004  5.019580995848500E-003  7.594554357375299E-003
  8.310603845831190E-003  7.850829468308998E-004  1.034546463788909E-003
  6.757891437543186E-002  0.680565627808757     
 Design variables:  1.045410462309821E-003  7.734456717366621E-004
  6.462201019573149E-003  6.007014556554685E-003  5.587085362229973E-003
  5.165458575745337E-003  4.666479160215542E-003 -1.973184304704449E-003
  6.572854479816761E-004  5.019580995848500E-003  7.594554357375299E-003
  8.310603845831190E-003  7.850829468308998E-004  1.034546463788909E-003
  6.757891437543186E-002  0.680565627808757     
 Constraint value, mean lift and its standard deviation:  2.838067733316877E-002
  0.798798175691273       2.717885302444204E-002
 Calc obj  1.045410462309821E-003  7.734456717366621E-004
  6.462201019573149E-003  6.007014556554685E-003  5.587085362229973E-003
  5.165458575745337E-003  4.666479160215542E-003 -1.973184304704449E-003
  6.572854479816761E-004  5.019580995848500E-003  7.594554357375299E-003
  8.310603845831190E-003  7.850829468308998E-004  1.034546463788909E-003
  6.757891437543186E-002  0.680565627808757     
 Design variables:  1.045410462309821E-003  7.734456717366621E-004
  6.462201019573149E-003  6.007014556554685E-003  5.587085362229973E-003
  5.165458575745337E-003  4.666479160215542E-003 -1.973184304704449E-003
  6.572854479816761E-004  5.019580995848500E-003  7.594554357375299E-003
  8.310603845831190E-003  7.850829468308998E-004  1.034546463788909E-003
  6.757891437543186E-002  0.680565627808757     
 Mean drag value and variance:  2.077958797703781E-002  4.698007958124666E-005
    3  0.2082657E-01  0.4676157E-02  0.3090116E-01  0.1557618E+01  0.1331755E-02
 Calc con  8.815348365964040E-004  6.807726411633665E-004
  7.548087425173113E-003  7.267638278470725E-003  7.008580078399622E-003
  6.738580992813211E-003  6.384171049339945E-003 -7.299327722163081E-003
 -8.880309876742221E-004  8.758629337935246E-003  8.692374792854271E-003
  8.765638073881766E-003  7.276190682921760E-004  8.537789930716237E-004
  6.724429895891419E-002  0.676723683519452     
 Design variables:  8.815348365964040E-004  6.807726411633665E-004
  7.548087425173113E-003  7.267638278470725E-003  7.008580078399622E-003
  6.738580992813211E-003  6.384171049339945E-003 -7.299327722163081E-003
 -8.880309876742221E-004  8.758629337935246E-003  8.692374792854271E-003
  8.765638073881766E-003  7.276190682921760E-004  8.537789930716237E-004
  6.724429895891419E-002  0.676723683519452     
 Constraint value, mean lift and its standard deviation:  2.477719097560781E-002
  0.811491374411179       3.626856538678690E-002
 Calc obj  8.815348365964040E-004  6.807726411633665E-004
  7.548087425173113E-003  7.267638278470725E-003  7.008580078399622E-003
  6.738580992813211E-003  6.384171049339945E-003 -7.299327722163081E-003
 -8.880309876742221E-004  8.758629337935246E-003  8.692374792854271E-003
  8.765638073881766E-003  7.276190682921760E-004  8.537789930716237E-004
  6.724429895891419E-002  0.676723683519452     
 Design variables:  8.815348365964040E-004  6.807726411633665E-004
  7.548087425173113E-003  7.267638278470725E-003  7.008580078399622E-003
  6.738580992813211E-003  6.384171049339945E-003 -7.299327722163081E-003
 -8.880309876742221E-004  8.758629337935246E-003  8.692374792854271E-003
  8.765638073881766E-003  7.276190682921760E-004  8.537789930716237E-004
  6.724429895891419E-002  0.676723683519452     
 Mean drag value and variance:  1.243118915817472E-002  2.762660014146256E-005
    4  0.1245882E-01  0.5326143E-02  0.2870998E-01  0.1823005E+01  0.7626617E-03
 Calc con  8.729133410618370E-004  6.830565800405068E-004
  7.843609558689216E-003  7.663087427769577E-003  7.517938885954189E-003
  7.375804239862056E-003  7.174658000370059E-003 -8.564378721108504E-003
 -9.524227846473867E-004  9.515204257449852E-003  8.776125462363811E-003
  8.739095464990987E-003  7.422133282414078E-004  8.473943178682600E-004
  6.961674238051337E-002  0.671828921039289     
 Design variables:  8.729133410618370E-004  6.830565800405068E-004
  7.843609558689216E-003  7.663087427769577E-003  7.517938885954189E-003
  7.375804239862056E-003  7.174658000370059E-003 -8.564378721108504E-003
 -9.524227846473867E-004  9.515204257449852E-003  8.776125462363811E-003
  8.739095464990987E-003  7.422133282414078E-004  8.473943178682600E-004
  6.961674238051337E-002  0.671828921039289     
 Constraint value, mean lift and its standard deviation:  4.847138324542373E-003
  0.827886591169185       3.273372949372717E-002
 Calc obj  8.729133410618370E-004  6.830565800405068E-004
  7.843609558689216E-003  7.663087427769577E-003  7.517938885954189E-003
  7.375804239862056E-003  7.174658000370059E-003 -8.564378721108504E-003
 -9.524227846473867E-004  9.515204257449852E-003  8.776125462363811E-003
  8.739095464990987E-003  7.422133282414078E-004  8.473943178682600E-004
  6.961674238051337E-002  0.671828921039289     
 Design variables:  8.729133410618370E-004  6.830565800405068E-004
  7.843609558689216E-003  7.663087427769577E-003  7.517938885954189E-003
  7.375804239862056E-003  7.174658000370059E-003 -8.564378721108504E-003
 -9.524227846473867E-004  9.515204257449852E-003  8.776125462363811E-003
  8.739095464990987E-003  7.422133282414078E-004  8.473943178682600E-004
  6.961674238051337E-002  0.671828921039289     
 Mean drag value and variance:  1.276023394317712E-002  2.014102440612095E-005
    5  0.1278037E-01  0.4894762E-02  0.8066674E-02  0.9087631E+00  0.5603561E-04
 Calc con  5.107525318991138E-004  5.948080287609958E-004
  8.754530923907655E-003  8.463185314842751E-003  8.238457840364350E-003
  8.052658086852184E-003  7.851063363798382E-003 -7.575660870239289E-003
  2.550909532113406E-004  8.839285559667827E-003  8.766709571857954E-003
  9.987400854649910E-003  6.983067910084574E-004  5.715610587920199E-004
  6.870911023458241E-002  0.667705454945205     
 Design variables:  5.107525318991138E-004  5.948080287609958E-004
  8.754530923907655E-003  8.463185314842751E-003  8.238457840364350E-003
  8.052658086852184E-003  7.851063363798382E-003 -7.575660870239289E-003
  2.550909532113406E-004  8.839285559667827E-003  8.766709571857954E-003
  9.987400854649910E-003  6.983067910084574E-004  5.715610587920199E-004
  6.870911023458241E-002  0.667705454945205     
 Constraint value, mean lift and its standard deviation: -3.097874428379683E-003
  0.833667226184338       3.056935175595858E-002
 Calc obj  5.107525318991138E-004  5.948080287609958E-004
  8.754530923907655E-003  8.463185314842751E-003  8.238457840364350E-003
  8.052658086852184E-003  7.851063363798382E-003 -7.575660870239289E-003
  2.550909532113406E-004  8.839285559667827E-003  8.766709571857954E-003
  9.987400854649910E-003  6.983067910084574E-004  5.715610587920199E-004
  6.870911023458241E-002  0.667705454945205     
 Design variables:  5.107525318991138E-004  5.948080287609958E-004
  8.754530923907655E-003  8.463185314842751E-003  8.238457840364350E-003
  8.052658086852184E-003  7.851063363798382E-003 -7.575660870239289E-003
  2.550909532113406E-004  8.839285559667827E-003  8.766709571857954E-003
  9.987400854649910E-003  6.983067910084574E-004  5.715610587920199E-004
  6.870911023458241E-002  0.667705454945205     
 Mean drag value and variance:  1.129727866321975E-002  2.282543704075851E-005
    6  0.1132010E-01  0.1512176E-01  0.2140667E-02  0.3004993E+01  0.1066784E-02
 Calc con  8.429037513521062E-004  6.159432890228708E-004
  8.476854872969236E-003  8.333388869939843E-003  8.133942517193390E-003
  7.889260556215888E-003  7.570703016357946E-003  9.824253291297606E-003
  1.747783986073317E-004  7.137136939092559E-003  9.528970350941699E-003
  8.266707402687820E-003  6.542134677519642E-004  7.519444427385965E-004
  6.845182146066332E-002  0.627924010063786     
 Design variables:  8.429037513521062E-004  6.159432890228708E-004
  8.476854872969236E-003  8.333388869939843E-003  8.133942517193390E-003
  7.889260556215888E-003  7.570703016357946E-003  9.824253291297606E-003
  1.747783986073317E-004  7.137136939092559E-003  9.528970350941699E-003
  8.266707402687820E-003  6.542134677519642E-004  7.519444427385965E-004
  6.845182146066332E-002  0.627924010063786     
 Constraint value, mean lift and its standard deviation: -1.464781695230137E-002
  0.835807487154037       2.115967020173599E-002
 Calc obj  8.429037513521062E-004  6.159432890228708E-004
  8.476854872969236E-003  8.333388869939843E-003  8.133942517193390E-003
  7.889260556215888E-003  7.570703016357946E-003  9.824253291297606E-003
  1.747783986073317E-004  7.137136939092559E-003  9.528970350941699E-003
  8.266707402687820E-003  6.542134677519642E-004  7.519444427385965E-004
  6.845182146066332E-002  0.627924010063786     
 Design variables:  8.429037513521062E-004  6.159432890228708E-004
  8.476854872969236E-003  8.333388869939843E-003  8.133942517193390E-003
  7.889260556215888E-003  7.570703016357946E-003  9.824253291297606E-003
  1.747783986073317E-004  7.137136939092559E-003  9.528970350941699E-003
  8.266707402687820E-003  6.542134677519642E-004  7.519444427385965E-004
  6.845182146066332E-002  0.627924010063786     
 Mean drag value and variance:  1.032353613061609E-002  1.513323810370803E-005
    7  0.1033867E-01  0.4809466E-01  0.8195552E-02  0.1470584E+01  0.1934139E-02
 Calc con  7.828325507046490E-004  5.955541474299445E-004
  8.455170278282492E-003  8.256186789293914E-003  8.025356194226211E-003
  7.760694851946943E-003  7.421033153199119E-003  4.601446582931005E-003
  5.509790095251478E-003  6.406966003866086E-003  9.076643366799024E-003
  8.227368251470505E-003  6.557255451551632E-004  7.308414522137678E-004
  6.727500301444951E-002  0.631935657271697     
 Design variables:  7.828325507046490E-004  5.955541474299445E-004
  8.455170278282492E-003  8.256186789293914E-003  8.025356194226211E-003
  7.760694851946943E-003  7.421033153199119E-003  4.601446582931005E-003
  5.509790095251478E-003  6.406966003866086E-003  9.076643366799024E-003
  8.227368251470505E-003  6.557255451551632E-004  7.308414522137678E-004
  6.727500301444951E-002  0.631935657271697     
 Constraint value, mean lift and its standard deviation: -4.385865706725882E-003
  0.826670251487015       2.228438578028941E-002
 Calc obj  7.828325507046490E-004  5.955541474299445E-004
  8.455170278282492E-003  8.256186789293914E-003  8.025356194226211E-003
  7.760694851946943E-003  7.421033153199119E-003  4.601446582931005E-003
  5.509790095251478E-003  6.406966003866086E-003  9.076643366799024E-003
  8.227368251470505E-003  6.557255451551632E-004  7.308414522137678E-004
  6.727500301444951E-002  0.631935657271697     
 Design variables:  7.828325507046490E-004  5.955541474299445E-004
  8.455170278282492E-003  8.256186789293914E-003  8.025356194226211E-003
  7.760694851946943E-003  7.421033153199119E-003  4.601446582931005E-003
  5.509790095251478E-003  6.406966003866086E-003  9.076643366799024E-003
  8.227368251470505E-003  6.557255451551632E-004  7.308414522137678E-004
  6.727500301444951E-002  0.631935657271697     
 Mean drag value and variance:  1.046233755916104E-002  1.647919412341407E-005
    8  0.1047882E-01  0.5335012E-02  0.2310809E-02  0.1087821E+01  0.1084136E-02
 Calc con  8.385071776502178E-004  6.767181028926074E-004
  8.756910199703085E-003  8.548216345394596E-003  8.317147959244911E-003
  8.054473779935473E-003  7.713671642399558E-003  6.502143477435608E-003
  7.318628513531700E-003  6.489814128872078E-003  7.845760533974790E-003
  9.105332653178389E-003  7.341785280843503E-004  8.168057820624822E-004
  6.698100734299926E-002  0.619069324035270     
 Design variables:  8.385071776502178E-004  6.767181028926074E-004
  8.756910199703085E-003  8.548216345394596E-003  8.317147959244911E-003
  8.054473779935473E-003  7.713671642399558E-003  6.502143477435608E-003
  7.318628513531700E-003  6.489814128872078E-003  7.845760533974790E-003
  9.105332653178389E-003  7.341785280843503E-004  8.168057820624822E-004
  6.698100734299926E-002  0.619069324035270     
 Constraint value, mean lift and its standard deviation: -7.136633387069276E-003
  0.828979874136535       2.184324074946541E-002
 Calc obj  8.385071776502178E-004  6.767181028926074E-004
  8.756910199703085E-003  8.548216345394596E-003  8.317147959244911E-003
  8.054473779935473E-003  7.713671642399558E-003  6.502143477435608E-003
  7.318628513531700E-003  6.489814128872078E-003  7.845760533974790E-003
  9.105332653178389E-003  7.341785280843503E-004  8.168057820624822E-004
  6.698100734299926E-002  0.619069324035270     
 Design variables:  8.385071776502178E-004  6.767181028926074E-004
  8.756910199703085E-003  8.548216345394596E-003  8.317147959244911E-003
  8.054473779935473E-003  7.713671642399558E-003  6.502143477435608E-003
  7.318628513531700E-003  6.489814128872078E-003  7.845760533974790E-003
  9.105332653178389E-003  7.341785280843503E-004  8.168057820624822E-004
  6.698100734299926E-002  0.619069324035270     
 Mean drag value and variance:  8.814374716886156E-003  1.077599923542378E-005
    9  0.8825151E-02  0.1286633E-01  0.1667497E-02  0.4856173E+00  0.5289223E-03
 Calc con  8.082256261509487E-004  6.503633957543757E-004
  8.675806159598551E-003  8.458044439412938E-003  8.227549671313689E-003
  7.975922536679947E-003  7.658715374359135E-003  8.640425918795502E-003
  9.421540800457720E-003  7.731240885601308E-003  7.466854137119687E-003
  8.819182031451697E-003  7.160311564742457E-004  7.969833598866791E-004
  6.731094759831245E-002  0.600190683340353     
 Design variables:  8.082256261509487E-004  6.503633957543757E-004
  8.675806159598551E-003  8.458044439412938E-003  8.227549671313689E-003
  7.975922536679947E-003  7.658715374359135E-003  8.640425918795502E-003
  9.421540800457720E-003  7.731240885601308E-003  7.466854137119687E-003
  8.819182031451697E-003  7.160311564742457E-004  7.969833598866791E-004
  6.731094759831245E-002  0.600190683340353     
 Constraint value, mean lift and its standard deviation: -5.447591144346127E-003
  0.826582142540134       2.113455139578801E-002
 Calc obj  8.082256261509487E-004  6.503633957543757E-004
  8.675806159598551E-003  8.458044439412938E-003  8.227549671313689E-003
  7.975922536679947E-003  7.658715374359135E-003  8.640425918795502E-003
  9.421540800457720E-003  7.731240885601308E-003  7.466854137119687E-003
  8.819182031451697E-003  7.160311564742457E-004  7.969833598866791E-004
  6.731094759831245E-002  0.600190683340353     
 Design variables:  8.082256261509487E-004  6.503633957543757E-004
  8.675806159598551E-003  8.458044439412938E-003  8.227549671313689E-003
  7.975922536679947E-003  7.658715374359135E-003  8.640425918795502E-003
  9.421540800457720E-003  7.731240885601308E-003  7.466854137119687E-003
  8.819182031451697E-003  7.160311564742457E-004  7.969833598866791E-004
  6.731094759831245E-002  0.600190683340353     
 Mean drag value and variance:  6.543147162401717E-003  5.932649537303978E-006
   10  0.6549080E-02  0.2371272E-01  0.3693155E-04  0.3485246E+00  0.3428618E-03
 Calc con  7.738375785030654E-004  6.208868716346977E-004
  8.608673891273295E-003  8.392909858218518E-003  8.172313158246257E-003
  7.938086431289078E-003  7.647386880554666E-003  8.451560925491795E-003
  9.068572047064859E-003  7.758242951615991E-003  9.009079953722526E-003
  8.996873599794088E-003  6.846772308181095E-004  7.684382732491701E-004
  6.639811864861639E-002  0.602157678160096     
 Design variables:  7.738375785030654E-004  6.208868716346977E-004
  8.608673891273295E-003  8.392909858218518E-003  8.172313158246257E-003
  7.938086431289078E-003  7.647386880554666E-003  8.451560925491795E-003
  9.068572047064859E-003  7.758242951615991E-003  9.009079953722526E-003
  8.996873599794088E-003  6.846772308181095E-004  7.684382732491701E-004
  6.639811864861639E-002  0.602157678160096     
 Constraint value, mean lift and its standard deviation: -4.198597900886617E-003
  0.825666392513978       2.146779461309100E-002
 Calc obj  7.738375785030654E-004  6.208868716346977E-004
  8.608673891273295E-003  8.392909858218518E-003  8.172313158246257E-003
  7.938086431289078E-003  7.647386880554666E-003  8.451560925491795E-003
  9.068572047064859E-003  7.758242951615991E-003  9.009079953722526E-003
  8.996873599794088E-003  6.846772308181095E-004  7.684382732491701E-004
  6.639811864861639E-002  0.602157678160096     
 Design variables:  7.738375785030654E-004  6.208868716346977E-004
  8.608673891273295E-003  8.392909858218518E-003  8.172313158246257E-003
  7.938086431289078E-003  7.647386880554666E-003  8.451560925491795E-003
  9.068572047064859E-003  7.758242951615991E-003  9.009079953722526E-003
  8.996873599794088E-003  6.846772308181095E-004  7.684382732491701E-004
  6.639811864861639E-002  0.602157678160096     
 Mean drag value and variance:  6.519668580355263E-003  5.782492810255934E-006
   11  0.6525451E-02  0.1966995E-02  0.1085560E-02  0.6149913E-01  0.1427621E-03
 Calc con  7.881072111557393E-004  6.440078797118144E-004
  8.745657848704316E-003  8.566099047035390E-003  8.387182508600344E-003
  8.201418945540485E-003  7.971427239409997E-003  8.672619185935889E-003
  8.948837421638278E-003  9.416191188884126E-003  9.794904879738194E-003
  9.465598612603949E-003  6.789526526228214E-004  7.899182695018748E-004
  6.435927093293881E-002  0.600021566881601     
 Design variables:  7.881072111557393E-004  6.440078797118144E-004
  8.745657848704316E-003  8.566099047035390E-003  8.387182508600344E-003
  8.201418945540485E-003  7.971427239409997E-003  8.672619185935889E-003
  8.948837421638278E-003  9.416191188884126E-003  9.794904879738194E-003
  9.465598612603949E-003  6.789526526228214E-004  7.899182695018748E-004
  6.435927093293881E-002  0.600021566881601     
 Constraint value, mean lift and its standard deviation: -1.865730819228216E-003
  0.823322920839930       2.145719002070205E-002
 Calc obj  7.881072111557393E-004  6.440078797118144E-004
  8.745657848704316E-003  8.566099047035390E-003  8.387182508600344E-003
  8.201418945540485E-003  7.971427239409997E-003  8.672619185935889E-003
  8.948837421638278E-003  9.416191188884126E-003  9.794904879738194E-003
  9.465598612603949E-003  6.789526526228214E-004  7.899182695018748E-004
  6.435927093293881E-002  0.600021566881601     
 Design variables:  7.881072111557393E-004  6.440078797118144E-004
  8.745657848704316E-003  8.566099047035390E-003  8.387182508600344E-003
  8.201418945540485E-003  7.971427239409997E-003  8.672619185935889E-003
  8.948837421638278E-003  9.416191188884126E-003  9.794904879738194E-003
  9.465598612603949E-003  6.789526526228214E-004  7.899182695018748E-004
  6.435927093293881E-002  0.600021566881601     
 Mean drag value and variance:  6.203914691873465E-003  5.432463779068526E-006
   12  0.6209347E-02  0.2150866E-02  0.2068739E-02  0.1455101E+00  0.2282454E-04
 Calc con  9.251375915362032E-004  8.254697451590589E-004
  9.559832293323640E-003  9.447854057543998E-003  9.333928769398986E-003
  9.222274170856005E-003  9.100989042942492E-003  8.645617047628722E-003
  9.425307452888538E-003  9.742682162987244E-003  9.610144814063241E-003
  9.755225127331320E-003  8.230351766856874E-004  9.583658147306825E-004
  6.171563188491909E-002  0.600244171285568     
 Design variables:  9.251375915362032E-004  8.254697451590589E-004
  9.559832293323640E-003  9.447854057543998E-003  9.333928769398986E-003
  9.222274170856005E-003  9.100989042942492E-003  8.645617047628722E-003
  9.425307452888538E-003  9.742682162987244E-003  9.610144814063241E-003
  9.755225127331320E-003  8.230351766856874E-004  9.583658147306825E-004
  6.171563188491909E-002  0.600244171285568     
 Constraint value, mean lift and its standard deviation: -2.219748649226184E-003
  0.823539980213691       2.132023156446490E-002
 Calc obj  9.251375915362032E-004  8.254697451590589E-004
  9.559832293323640E-003  9.447854057543998E-003  9.333928769398986E-003
  9.222274170856005E-003  9.100989042942492E-003  8.645617047628722E-003
  9.425307452888538E-003  9.742682162987244E-003  9.610144814063241E-003
  9.755225127331320E-003  8.230351766856874E-004  9.583658147306825E-004
  6.171563188491909E-002  0.600244171285568     
 Design variables:  9.251375915362032E-004  8.254697451590589E-004
  9.559832293323640E-003  9.447854057543998E-003  9.333928769398986E-003
  9.222274170856005E-003  9.100989042942492E-003  8.645617047628722E-003
  9.425307452888538E-003  9.742682162987244E-003  9.610144814063241E-003
  9.755225127331320E-003  8.230351766856874E-004  9.583658147306825E-004
  6.171563188491909E-002  0.600244171285568     
 Mean drag value and variance:  6.146316117649705E-003  5.228028598888643E-006
   13  0.6151544E-02  0.2643639E-02  0.1497004E-03  0.9927644E-01  0.4613801E-04
 Calc con  1.245354546336852E-003  1.173198863552615E-003
  9.758732190216264E-003  9.742753862127565E-003  9.730619461148398E-003
  9.717410837326015E-003  9.694636781361139E-003  9.563364038371311E-003
  9.581555353295492E-003  9.732105696389338E-003  9.801734063134388E-003
  9.821140455774183E-003  1.241977424247505E-003  1.209408333447115E-003
  5.900392527882321E-002  0.600148647220587     
 Design variables:  1.245354546336852E-003  1.173198863552615E-003
  9.758732190216264E-003  9.742753862127565E-003  9.730619461148398E-003
  9.717410837326015E-003  9.694636781361139E-003  9.563364038371311E-003
  9.581555353295492E-003  9.732105696389338E-003  9.801734063134388E-003
  9.821140455774183E-003  1.241977424247505E-003  1.209408333447115E-003
  5.900392527882321E-002  0.600148647220587     
 Constraint value, mean lift and its standard deviation:  6.177918721202574E-004
  0.820667927745626       2.128571961774657E-002
 Calc obj  1.245354546336852E-003  1.173198863552615E-003
  9.758732190216264E-003  9.742753862127565E-003  9.730619461148398E-003
  9.717410837326015E-003  9.694636781361139E-003  9.563364038371311E-003
  9.581555353295492E-003  9.732105696389338E-003  9.801734063134388E-003
  9.821140455774183E-003  1.241977424247505E-003  1.209408333447115E-003
  5.900392527882321E-002  0.600148647220587     
 Design variables:  1.245354546336852E-003  1.173198863552615E-003
  9.758732190216264E-003  9.742753862127565E-003  9.730619461148398E-003
  9.717410837326015E-003  9.694636781361139E-003  9.563364038371311E-003
  9.581555353295492E-003  9.732105696389338E-003  9.801734063134388E-003
  9.821140455774183E-003  1.241977424247505E-003  1.209408333447115E-003
  5.900392527882321E-002  0.600148647220587     
 Mean drag value and variance:  6.168669506540159E-003  5.296991092031325E-006
 Calc con  1.244700137592406E-003  1.172585773060051E-003
  9.758996177746268E-003  9.742961421495522E-003  9.730758626491885E-003
  9.717466968077336E-003  9.694567594768187E-003  9.540024527105872E-003
  9.575038845144433E-003  9.731480564787448E-003  9.800876337553607E-003
  9.821125570222942E-003  1.241244947529920E-003  1.208928304477395E-003
  5.908770498816057E-002  0.600148849148815     
 Design variables:  1.244700137592406E-003  1.172585773060051E-003
  9.758996177746268E-003  9.742961421495522E-003  9.730758626491885E-003
  9.717466968077336E-003  9.694567594768187E-003  9.540024527105872E-003
  9.575038845144433E-003  9.731480564787448E-003  9.800876337553607E-003
  9.821125570222942E-003  1.241244947529920E-003  1.208928304477395E-003
  5.908770498816057E-002  0.600148849148815     
 Constraint value, mean lift and its standard deviation: -1.235049302373420E-006
  0.821309670566008       2.130843551670559E-002
 Calc obj  1.244700137592406E-003  1.172585773060051E-003
  9.758996177746268E-003  9.742961421495522E-003  9.730758626491885E-003
  9.717466968077336E-003  9.694567594768187E-003  9.540024527105872E-003
  9.575038845144433E-003  9.731480564787448E-003  9.800876337553607E-003
  9.821125570222942E-003  1.241244947529920E-003  1.208928304477395E-003
  5.908770498816057E-002  0.600148849148815     
 Design variables:  1.244700137592406E-003  1.172585773060051E-003
  9.758996177746268E-003  9.742961421495522E-003  9.730758626491885E-003
  9.717466968077336E-003  9.694567594768187E-003  9.540024527105872E-003
  9.575038845144433E-003  9.731480564787448E-003  9.800876337553607E-003
  9.821125570222942E-003  1.241244947529920E-003  1.208928304477395E-003
  5.908770498816057E-002  0.600148849148815     
 Mean drag value and variance:  6.176623412798469E-003  5.332983046103439E-006
   14  0.6181956E-02  0.2816811E-02  0.2244954E-04  0.3150485E-01  0.2599416E-04
 Calc con  1.241449607526461E-003  1.235720628221626E-003
  9.983266830919874E-003  9.979769839541026E-003  9.976212610186466E-003
  9.972504453860886E-003  9.967830116306255E-003  9.926230599200066E-003
  9.903511510533938E-003  9.951429902420471E-003  9.980377689851104E-003
  9.991570256262355E-003  1.238925970076640E-003  1.241291079336412E-003
  5.789395854856163E-002  0.600004990877940     
 Design variables:  1.241449607526461E-003  1.235720628221626E-003
  9.983266830919874E-003  9.979769839541026E-003  9.976212610186466E-003
  9.972504453860886E-003  9.967830116306255E-003  9.926230599200066E-003
  9.903511510533938E-003  9.951429902420471E-003  9.980377689851104E-003
  9.991570256262355E-003  1.238925970076640E-003  1.241291079336412E-003
  5.789395854856163E-002  0.600004990877940     
 Constraint value, mean lift and its standard deviation:  4.535401903193736E-004
  0.820891294016230       2.134483420654973E-002
 Calc obj  1.241449607526461E-003  1.235720628221626E-003
  9.983266830919874E-003  9.979769839541026E-003  9.976212610186466E-003
  9.972504453860886E-003  9.967830116306255E-003  9.926230599200066E-003
  9.903511510533938E-003  9.951429902420471E-003  9.980377689851104E-003
  9.991570256262355E-003  1.238925970076640E-003  1.241291079336412E-003
  5.789395854856163E-002  0.600004990877940     
 Design variables:  1.241449607526461E-003  1.235720628221626E-003
  9.983266830919874E-003  9.979769839541026E-003  9.976212610186466E-003
  9.972504453860886E-003  9.967830116306255E-003  9.926230599200066E-003
  9.903511510533938E-003  9.951429902420471E-003  9.980377689851104E-003
  9.991570256262355E-003  1.238925970076640E-003  1.241291079336412E-003
  5.789395854856163E-002  0.600004990877940     
 Mean drag value and variance:  6.324131068010130E-003  5.704446813676849E-006
 Calc con  1.241455843314176E-003  1.235822263013002E-003
  9.983667473818097E-003  9.980235439162318E-003  9.976736016465110E-003
  9.973082144421145E-003  9.968471185802585E-003  9.916892337580287E-003
  9.897198923404862E-003  9.950228343186460E-003  9.980501652981524E-003
  9.991954324688404E-003  1.238939669097498E-003  1.241340677335485E-003
  5.795701758612905E-002  0.600004776398005     
 Design variables:  1.241455843314176E-003  1.235822263013002E-003
  9.983667473818097E-003  9.980235439162318E-003  9.976736016465110E-003
  9.973082144421145E-003  9.968471185802585E-003  9.916892337580287E-003
  9.897198923404862E-003  9.950228343186460E-003  9.980501652981524E-003
  9.991954324688404E-003  1.238939669097498E-003  1.241340677335485E-003
  5.795701758612905E-002  0.600004776398005     
 Constraint value, mean lift and its standard deviation:  3.693812531401636E-005
  0.821376422930536       2.141336105585023E-002
 Calc obj  1.241455843314176E-003  1.235822263013002E-003
  9.983667473818097E-003  9.980235439162318E-003  9.976736016465110E-003
  9.973082144421145E-003  9.968471185802585E-003  9.916892337580287E-003
  9.897198923404862E-003  9.950228343186460E-003  9.980501652981524E-003
  9.991954324688404E-003  1.238939669097498E-003  1.241340677335485E-003
  5.795701758612905E-002  0.600004776398005     
 Design variables:  1.241455843314176E-003  1.235822263013002E-003
  9.983667473818097E-003  9.980235439162318E-003  9.976736016465110E-003
  9.973082144421145E-003  9.968471185802585E-003  9.916892337580287E-003
  9.897198923404862E-003  9.950228343186460E-003  9.980501652981524E-003
  9.991954324688404E-003  1.238939669097498E-003  1.241340677335485E-003
  5.795701758612905E-002  0.600004776398005     
 Mean drag value and variance:  6.311616752972202E-003  5.521658681629453E-006
 Calc con  1.241457023576164E-003  1.235841499665432E-003
  9.983743304427650E-003  9.980323564281338E-003  9.976835082784095E-003
  9.973191485251874E-003  9.968592522511383E-003  9.915124863168520E-003
  9.896004125413884E-003  9.950000921286452E-003  9.980525115770413E-003
  9.992027018209211E-003  1.238942261942914E-003  1.241350064863677E-003
  5.796895291626476E-002  0.600004735802891     
 Design variables:  1.241457023576164E-003  1.235841499665432E-003
  9.983743304427650E-003  9.980323564281338E-003  9.976835082784095E-003
  9.973191485251874E-003  9.968592522511383E-003  9.915124863168520E-003
  9.896004125413884E-003  9.950000921286452E-003  9.980525115770413E-003
  9.992027018209211E-003  1.238942261942914E-003  1.241350064863677E-003
  5.796895291626476E-002  0.600004735802891     
 Constraint value, mean lift and its standard deviation: -1.992451138961675E-004
  0.821505345469919       2.130610035602250E-002
 Calc obj  1.241457023576164E-003  1.235841499665432E-003
  9.983743304427650E-003  9.980323564281338E-003  9.976835082784095E-003
  9.973191485251874E-003  9.968592522511383E-003  9.915124863168520E-003
  9.896004125413884E-003  9.950000921286452E-003  9.980525115770413E-003
  9.992027018209211E-003  1.238942261942914E-003  1.241350064863677E-003
  5.796895291626476E-002  0.600004735802891     
 Design variables:  1.241457023576164E-003  1.235841499665432E-003
  9.983743304427650E-003  9.980323564281338E-003  9.976835082784095E-003
  9.973191485251874E-003  9.968592522511383E-003  9.915124863168520E-003
  9.896004125413884E-003  9.950000921286452E-003  9.980525115770413E-003
  9.992027018209211E-003  1.238942261942914E-003  1.241350064863677E-003
  5.796895291626476E-002  0.600004735802891     
 Mean drag value and variance:  6.316427919798406E-003  5.718839779660770E-006
 Calc con  1.243074872559434E-003  1.204153200640838E-003
  9.871131504333070E-003  9.861365630518275E-003  9.853485618339175E-003
  9.844985710969111E-003  9.831198855537220E-003  9.733127563152968E-003
  9.739275177839186E-003  9.841455233603960E-003  9.890627013702356E-003
  9.906347913242649E-003  1.240085458803280E-003  1.225109691906904E-003
  5.849083176836110E-002  0.600076920013377     
 Design variables:  1.243074872559434E-003  1.204153200640838E-003
  9.871131504333070E-003  9.861365630518275E-003  9.853485618339175E-003
  9.844985710969111E-003  9.831198855537220E-003  9.733127563152968E-003
  9.739275177839186E-003  9.841455233603960E-003  9.890627013702356E-003
  9.906347913242649E-003  1.240085458803280E-003  1.225109691906904E-003
  5.849083176836110E-002  0.600076920013377     
 Constraint value, mean lift and its standard deviation:  2.395024694786391E-004
  0.821110812193166       2.135031466264410E-002
 Calc obj  1.243074872559434E-003  1.204153200640838E-003
  9.871131504333070E-003  9.861365630518275E-003  9.853485618339175E-003
  9.844985710969111E-003  9.831198855537220E-003  9.733127563152968E-003
  9.739275177839186E-003  9.841455233603960E-003  9.890627013702356E-003
  9.906347913242649E-003  1.240085458803280E-003  1.225109691906904E-003
  5.849083176836110E-002  0.600076920013377     
 Design variables:  1.243074872559434E-003  1.204153200640838E-003
  9.871131504333070E-003  9.861365630518275E-003  9.853485618339175E-003
  9.844985710969111E-003  9.831198855537220E-003  9.733127563152968E-003
  9.739275177839186E-003  9.841455233603960E-003  9.890627013702356E-003
  9.906347913242649E-003  1.240085458803280E-003  1.225109691906904E-003
  5.849083176836110E-002  0.600076920013377     
 Mean drag value and variance:  6.232964940914071E-003  5.550549080181665E-006
 Calc con  1.243887505075920E-003  1.188369486850445E-003
  9.815063841039669E-003  9.802163526006899E-003  9.792122122415531E-003
  9.781226339523224E-003  9.762883225152704E-003  9.636576045129420E-003
  9.657157011491809E-003  9.786467899195704E-003  9.845751675627980E-003
  9.863736741732795E-003  1.240665203166600E-003  1.217018998192149E-003
  5.878926837826084E-002  0.600112884581096     
 Design variables:  1.243887505075920E-003  1.188369486850445E-003
  9.815063841039669E-003  9.802163526006899E-003  9.792122122415531E-003
  9.781226339523224E-003  9.762883225152704E-003  9.636576045129420E-003
  9.657157011491809E-003  9.786467899195704E-003  9.845751675627980E-003
  9.863736741732795E-003  1.240665203166600E-003  1.217018998192149E-003
  5.878926837826084E-002  0.600112884581096     
 Constraint value, mean lift and its standard deviation:  1.219894713005189E-004
  0.821182444463096       2.130443393439610E-002
 Calc obj  1.243887505075920E-003  1.188369486850445E-003
  9.815063841039669E-003  9.802163526006899E-003  9.792122122415531E-003
  9.781226339523224E-003  9.762883225152704E-003  9.636576045129420E-003
  9.657157011491809E-003  9.786467899195704E-003  9.845751675627980E-003
  9.863736741732795E-003  1.240665203166600E-003  1.217018998192149E-003
  5.878926837826084E-002  0.600112884581096     
 Design variables:  1.243887505075920E-003  1.188369486850445E-003
  9.815063841039669E-003  9.802163526006899E-003  9.792122122415531E-003
  9.781226339523224E-003  9.762883225152704E-003  9.636576045129420E-003
  9.657157011491809E-003  9.786467899195704E-003  9.845751675627980E-003
  9.863736741732795E-003  1.240665203166600E-003  1.217018998192149E-003
  5.878926837826084E-002  0.600112884581096     
 Mean drag value and variance:  6.210950392779118E-003  5.513921631203415E-006
 Calc con  1.244293821334163E-003  1.180477629955248E-003
  9.787030009392969E-003  9.772562473751210E-003  9.761440374453707E-003
  9.749346653800280E-003  9.728725409960446E-003  9.588300286117646E-003
  9.616097928318121E-003  9.758974231991577E-003  9.823314006590794E-003
  9.842431155977868E-003  1.240955075348260E-003  1.212973651334772E-003
  5.893848668321070E-002  0.600130866864955     
 Design variables:  1.244293821334163E-003  1.180477629955248E-003
  9.787030009392969E-003  9.772562473751210E-003  9.761440374453707E-003
  9.749346653800280E-003  9.728725409960446E-003  9.588300286117646E-003
  9.616097928318121E-003  9.758974231991577E-003  9.823314006590794E-003
  9.842431155977868E-003  1.240955075348260E-003  1.212973651334772E-003
  5.893848668321070E-002  0.600130866864955     
 Constraint value, mean lift and its standard deviation:  3.870742580397088E-005
  0.821223975150687       2.126268257649050E-002
 Calc obj  1.244293821334163E-003  1.180477629955248E-003
  9.787030009392969E-003  9.772562473751210E-003  9.761440374453707E-003
  9.749346653800280E-003  9.728725409960446E-003  9.588300286117646E-003
  9.616097928318121E-003  9.758974231991577E-003  9.823314006590794E-003
  9.842431155977868E-003  1.240955075348260E-003  1.212973651334772E-003
  5.893848668321070E-002  0.600130866864955     
 Design variables:  1.244293821334163E-003  1.180477629955248E-003
  9.787030009392969E-003  9.772562473751210E-003  9.761440374453707E-003
  9.749346653800280E-003  9.728725409960446E-003  9.588300286117646E-003
  9.616097928318121E-003  9.758974231991577E-003  9.823314006590794E-003
  9.842431155977868E-003  1.240955075348260E-003  1.212973651334772E-003
  5.893848668321070E-002  0.600130866864955     
 Mean drag value and variance:  6.188149301487606E-003  5.358212656956787E-006
 Calc con  1.244496979463285E-003  1.176531701507649E-003
  9.773013093569618E-003  9.757761947623365E-003  9.746099500472796E-003
  9.733406810938807E-003  9.711646502364316E-003  9.564162406611759E-003
  9.595568386731278E-003  9.745227398389513E-003  9.812095172072200E-003
  9.831778363100405E-003  1.241100011439090E-003  1.210950977906084E-003
  5.901309583568564E-002  0.600139858006885     
 Design variables:  1.244496979463285E-003  1.176531701507649E-003
  9.773013093569618E-003  9.757761947623365E-003  9.746099500472796E-003
  9.733406810938807E-003  9.711646502364316E-003  9.564162406611759E-003
  9.595568386731278E-003  9.745227398389513E-003  9.812095172072200E-003
  9.831778363100405E-003  1.241100011439090E-003  1.210950977906084E-003
  5.901309583568564E-002  0.600139858006885     
 Constraint value, mean lift and its standard deviation:  2.181492219668554E-005
  0.821263820587927       2.128563551012322E-002
 Calc obj  1.244496979463285E-003  1.176531701507649E-003
  9.773013093569618E-003  9.757761947623365E-003  9.746099500472796E-003
  9.733406810938807E-003  9.711646502364316E-003  9.564162406611759E-003
  9.595568386731278E-003  9.745227398389513E-003  9.812095172072200E-003
  9.831778363100405E-003  1.241100011439090E-003  1.210950977906084E-003
  5.901309583568564E-002  0.600139858006885     
 Design variables:  1.244496979463285E-003  1.176531701507649E-003
  9.773013093569618E-003  9.757761947623365E-003  9.746099500472796E-003
  9.733406810938807E-003  9.711646502364316E-003  9.564162406611759E-003
  9.595568386731278E-003  9.745227398389513E-003  9.812095172072200E-003
  9.831778363100405E-003  1.241100011439090E-003  1.210950977906084E-003
  5.901309583568564E-002  0.600139858006885     
 Mean drag value and variance:  6.196891411303278E-003  5.358327380773260E-006
 Calc con  1.244598558527845E-003  1.174558737283850E-003
  9.766004635657943E-003  9.750361684559445E-003  9.738429063482341E-003
  9.725436889508072E-003  9.703107048566252E-003  9.552093466858817E-003
  9.585303615937854E-003  9.738353981588481E-003  9.806485754812903E-003
  9.826451966661674E-003  1.241172479484505E-003  1.209939641191740E-003
  5.905040041192310E-002  0.600144353577850     
 Design variables:  1.244598558527845E-003  1.174558737283850E-003
  9.766004635657943E-003  9.750361684559445E-003  9.738429063482341E-003
  9.725436889508072E-003  9.703107048566252E-003  9.552093466858817E-003
  9.585303615937854E-003  9.738353981588481E-003  9.806485754812903E-003
  9.826451966661674E-003  1.241172479484505E-003  1.209939641191740E-003
  5.905040041192310E-002  0.600144353577850     
 Constraint value, mean lift and its standard deviation:  3.778072378713901E-005
  0.821257723119060       2.129550384284752E-002
 Calc obj  1.244598558527845E-003  1.174558737283850E-003
  9.766004635657943E-003  9.750361684559445E-003  9.738429063482341E-003
  9.725436889508072E-003  9.703107048566252E-003  9.552093466858817E-003
  9.585303615937854E-003  9.738353981588481E-003  9.806485754812903E-003
  9.826451966661674E-003  1.241172479484505E-003  1.209939641191740E-003
  5.905040041192310E-002  0.600144353577850     
 Design variables:  1.244598558527845E-003  1.174558737283850E-003
  9.766004635657943E-003  9.750361684559445E-003  9.738429063482341E-003
  9.725436889508072E-003  9.703107048566252E-003  9.552093466858817E-003
  9.585303615937854E-003  9.738353981588481E-003  9.806485754812903E-003
  9.826451966661674E-003  1.241172479484505E-003  1.209939641191740E-003
  5.905040041192310E-002  0.600144353577850     
 Mean drag value and variance:  6.197733210550054E-003  5.380357620607192E-006
 Calc con  1.244649348060126E-003  1.173572255171950E-003
  9.762500406702106E-003  9.746661553027483E-003  9.734593844987113E-003
  9.721451928792705E-003  9.698837321667219E-003  9.546058996982344E-003
  9.580171230541144E-003  9.734917273187964E-003  9.803681046183255E-003
  9.823788768442308E-003  1.241208713507212E-003  1.209433972834567E-003
  5.906905270004184E-002  0.600146601363332     
 Design variables:  1.244649348060126E-003  1.173572255171950E-003
  9.762500406702106E-003  9.746661553027483E-003  9.734593844987113E-003
  9.721451928792705E-003  9.698837321667219E-003  9.546058996982344E-003
  9.580171230541144E-003  9.734917273187964E-003  9.803681046183255E-003
  9.823788768442308E-003  1.241208713507212E-003  1.209433972834567E-003
  5.906905270004184E-002  0.600146601363332     
 Constraint value, mean lift and its standard deviation: -4.174535032638871E-006
  0.821293695798679       2.128952126364671E-002
 Calc obj  1.244649348060126E-003  1.173572255171950E-003
  9.762500406702106E-003  9.746661553027483E-003  9.734593844987113E-003
  9.721451928792705E-003  9.698837321667219E-003  9.546058996982344E-003
  9.580171230541144E-003  9.734917273187964E-003  9.803681046183255E-003
  9.823788768442308E-003  1.241208713507212E-003  1.209433972834567E-003
  5.906905270004184E-002  0.600146601363332     
 Design variables:  1.244649348060126E-003  1.173572255171950E-003
  9.762500406702106E-003  9.746661553027483E-003  9.734593844987113E-003
  9.721451928792705E-003  9.698837321667219E-003  9.546058996982344E-003
  9.580171230541144E-003  9.734917273187964E-003  9.803681046183255E-003
  9.823788768442308E-003  1.241208713507212E-003  1.209433972834567E-003
  5.906905270004184E-002  0.600146601363332     
 Mean drag value and variance:  6.185812948016498E-003  5.347851887781449E-006
   15  0.6191161E-02  0.1193746E-02  0.2008381E-04  0.3445215E-01  0.1701358E-05
 Calc con  1.247739906663610E-003  1.246551079602344E-003
  9.994963888484221E-003  9.994274700680142E-003  9.993615945163389E-003
  9.992953950589517E-003  9.992145617530701E-003  9.947527503987275E-003
  9.959106959600153E-003  9.987772647312501E-003  9.996581548605618E-003
  9.998247787684423E-003  1.247083363876212E-003  1.247691765174704E-003
  5.775714476447923E-002  0.600005115658545     
 Design variables:  1.247739906663610E-003  1.246551079602344E-003
  9.994963888484221E-003  9.994274700680142E-003  9.993615945163389E-003
  9.992953950589517E-003  9.992145617530701E-003  9.947527503987275E-003
  9.959106959600153E-003  9.987772647312501E-003  9.996581548605618E-003
  9.998247787684423E-003  1.247083363876212E-003  1.247691765174704E-003
  5.775714476447923E-002  0.600005115658545     
 Constraint value, mean lift and its standard deviation:  5.274947977092215E-004
  0.820813525818014       2.134102061572321E-002
 Calc obj  1.247739906663610E-003  1.246551079602344E-003
  9.994963888484221E-003  9.994274700680142E-003  9.993615945163389E-003
  9.992953950589517E-003  9.992145617530701E-003  9.947527503987275E-003
  9.959106959600153E-003  9.987772647312501E-003  9.996581548605618E-003
  9.998247787684423E-003  1.247083363876212E-003  1.247691765174704E-003
  5.775714476447923E-002  0.600005115658545     
 Design variables:  1.247739906663610E-003  1.246551079602344E-003
  9.994963888484221E-003  9.994274700680142E-003  9.993615945163389E-003
  9.992953950589517E-003  9.992145617530701E-003  9.947527503987275E-003
  9.959106959600153E-003  9.987772647312501E-003  9.996581548605618E-003
  9.998247787684423E-003  1.247083363876212E-003  1.247691765174704E-003
  5.775714476447923E-002  0.600005115658545     
 Mean drag value and variance:  6.319508420202654E-003  5.808801740242442E-006
 Calc con  1.247739813964250E-003  1.246505100699225E-003
  9.994878667225685E-003  9.994221845366859E-003  9.993596251627757E-003
  9.992962016664152E-003  9.992171785693683E-003  9.936991775874184E-003
  9.951092690303386E-003  9.985950344665283E-003  9.996304062147621E-003
  9.998247787684423E-003  1.247084850431019E-003  1.247662713015150E-003
  5.782543063019338E-002  0.600005196045776     
 Design variables:  1.247739813964250E-003  1.246505100699225E-003
  9.994878667225685E-003  9.994221845366859E-003  9.993596251627757E-003
  9.992962016664152E-003  9.992171785693683E-003  9.936991775874184E-003
  9.951092690303386E-003  9.985950344665283E-003  9.996304062147621E-003
  9.998247787684423E-003  1.247084850431019E-003  1.247662713015150E-003
  5.782543063019338E-002  0.600005196045776     
 Constraint value, mean lift and its standard deviation: -3.130652810054771E-005
  0.821361476632035       2.133017010393470E-002
 Calc obj  1.247739813964250E-003  1.246505100699225E-003
  9.994878667225685E-003  9.994221845366859E-003  9.993596251627757E-003
  9.992962016664152E-003  9.992171785693683E-003  9.936991775874184E-003
  9.951092690303386E-003  9.985950344665283E-003  9.996304062147621E-003
  9.998247787684423E-003  1.247084850431019E-003  1.247662713015150E-003
  5.782543063019338E-002  0.600005196045776     
 Design variables:  1.247739813964250E-003  1.246505100699225E-003
  9.994878667225685E-003  9.994221845366859E-003  9.993596251627757E-003
  9.992962016664152E-003  9.992171785693683E-003  9.936991775874184E-003
  9.951092690303386E-003  9.985950344665283E-003  9.996304062147621E-003
  9.998247787684423E-003  1.247084850431019E-003  1.247662713015150E-003
  5.782543063019338E-002  0.600005196045776     
 Mean drag value and variance:  6.359690014765401E-003  5.476628585001649E-006
   16  0.6365167E-02  0.1338092E-02  0.1577282E-04  0.4421505E-01  0.4567167E-06
 Calc con  1.238557013893061E-003  1.233072873485766E-003
  9.973474558227918E-003  9.969267905788644E-003  9.965161626437211E-003
  9.961010178676800E-003  9.955974053957740E-003  9.998241736821026E-003
  9.988700898052020E-003  9.975976241575644E-003  9.982188104458084E-003
  9.984595857743485E-003  1.235191029135435E-003  1.238530561937283E-003
  5.788525044026601E-002  0.600012542176456     
 Design variables:  1.238557013893061E-003  1.233072873485766E-003
  9.973474558227918E-003  9.969267905788644E-003  9.965161626437211E-003
  9.961010178676800E-003  9.955974053957740E-003  9.998241736821026E-003
  9.988700898052020E-003  9.975976241575644E-003  9.982188104458084E-003
  9.984595857743485E-003  1.235191029135435E-003  1.238530561937283E-003
  5.788525044026601E-002  0.600012542176456     
 Constraint value, mean lift and its standard deviation: -1.082218242410837E-004
  0.821377083543765       2.126886171952380E-002
 Calc obj  1.238557013893061E-003  1.233072873485766E-003
  9.973474558227918E-003  9.969267905788644E-003  9.965161626437211E-003
  9.961010178676800E-003  9.955974053957740E-003  9.998241736821026E-003
  9.988700898052020E-003  9.975976241575644E-003  9.982188104458084E-003
  9.984595857743485E-003  1.235191029135435E-003  1.238530561937283E-003
  5.788525044026601E-002  0.600012542176456     
 Design variables:  1.238557013893061E-003  1.233072873485766E-003
  9.973474558227918E-003  9.969267905788644E-003  9.965161626437211E-003
  9.961010178676800E-003  9.955974053957740E-003  9.998241736821026E-003
  9.988700898052020E-003  9.975976241575644E-003  9.982188104458084E-003
  9.984595857743485E-003  1.235191029135435E-003  1.238530561937283E-003
  5.788525044026601E-002  0.600012542176456     
 Mean drag value and variance:  6.372116517217355E-003  5.762104268892115E-006
   17  0.6377879E-02  0.6423840E-04  0.2844972E-04  0.7053170E-02  0.2318563E-05
 
 The solution was found.
 
 The final value of the objective function is   6.377878621486248E-003
 
 The optimal values of X are:
 
 X  (           1 ) =   1.238557013893061E-003
 X  (           2 ) =   1.233072873485766E-003
 X  (           3 ) =   9.973474558227918E-003
 X  (           4 ) =   9.969267905788644E-003
 X  (           5 ) =   9.965161626437211E-003
 X  (           6 ) =   9.961010178676800E-003
 X  (           7 ) =   9.955974053957740E-003
 X  (           8 ) =   9.998241736821026E-003
 X  (           9 ) =   9.988700898052020E-003
 X  (          10 ) =   9.975976241575644E-003
 X  (          11 ) =   9.982188104458084E-003
 X  (          12 ) =   9.984595857743485E-003
 X  (          13 ) =   1.235191029135435E-003
 X  (          14 ) =   1.238530561937283E-003
 X  (          15 ) =    3.31658054628503     
 X  (          16 ) =   0.600012542176456     
 
 The multipliers for the equality constraints are:
 
 LAM(           1 ) =   2.788178879820362E-002
 
 Mean drag and its variance:  6.372116517217355E-003  5.762104268892115E-006
