 >> Number of Processors =   1
 Calc con  0.000000000000000E+000  0.000000000000000E+000
  0.000000000000000E+000  0.000000000000000E+000  0.000000000000000E+000
  0.000000000000000E+000  0.000000000000000E+000  0.000000000000000E+000
  0.000000000000000E+000  0.000000000000000E+000  0.000000000000000E+000
  0.000000000000000E+000  0.000000000000000E+000  0.000000000000000E+000
  3.490658503988659E-002  0.601799990200000     
 Design variables:  0.000000000000000E+000  0.000000000000000E+000
  0.000000000000000E+000  0.000000000000000E+000  0.000000000000000E+000
  0.000000000000000E+000  0.000000000000000E+000  0.000000000000000E+000
  0.000000000000000E+000  0.000000000000000E+000  0.000000000000000E+000
  0.000000000000000E+000  0.000000000000000E+000  0.000000000000000E+000
  3.490658503988659E-002  0.601799990200000     
 Constraint value, mean lift and its standard deviation:  0.658692029782630     
  0.172942303021142       1.581716640188630E-002
 Calc obj  0.000000000000000E+000  0.000000000000000E+000
  0.000000000000000E+000  0.000000000000000E+000  0.000000000000000E+000
  0.000000000000000E+000  0.000000000000000E+000  0.000000000000000E+000
  0.000000000000000E+000  0.000000000000000E+000  0.000000000000000E+000
  0.000000000000000E+000  0.000000000000000E+000  0.000000000000000E+000
  3.490658503988659E-002  0.601799990200000     
 Design variables:  0.000000000000000E+000  0.000000000000000E+000
  0.000000000000000E+000  0.000000000000000E+000  0.000000000000000E+000
  0.000000000000000E+000  0.000000000000000E+000  0.000000000000000E+000
  0.000000000000000E+000  0.000000000000000E+000  0.000000000000000E+000
  0.000000000000000E+000  0.000000000000000E+000  0.000000000000000E+000
  3.490658503988659E-002  0.601799990200000     
 Mean drag value and variance:  7.369846426402551E-004  2.507368957941346E-009
 
 iter    objective      ||grad||        inf_pr          inf_du         lg(mu)
    0  0.7369872E-03  0.0000000E+00  0.6686920E+00  0.9959332E+00  0.1000000E+01
 Calc con  1.228141502470463E-003  8.715658860898790E-004
  4.911817299690396E-003  4.363222721617570E-003  3.896443920149544E-003
  3.466447558665228E-003  3.010572210434449E-003  3.670684130119544E-003
  4.045516464366630E-003  4.383060029718354E-003  4.761244572343969E-003
  5.240294489932449E-003  8.971366563453861E-004  1.237509900000000E-003
  6.743513249626923E-002  0.632253973074447     
 Design variables:  1.228141502470463E-003  8.715658860898790E-004
  4.911817299690396E-003  4.363222721617570E-003  3.896443920149544E-003
  3.466447558665228E-003  3.010572210434449E-003  3.670684130119544E-003
  4.045516464366630E-003  4.383060029718354E-003  4.761244572343969E-003
  5.240294489932449E-003  8.971366563453861E-004  1.237509900000000E-003
  6.743513249626923E-002  0.632253973074447     
 Constraint value, mean lift and its standard deviation:  0.132980523085215     
  0.705026791833399       1.900365745930653E-002
 Calc obj  1.228141502470463E-003  8.715658860898790E-004
  4.911817299690396E-003  4.363222721617570E-003  3.896443920149544E-003
  3.466447558665228E-003  3.010572210434449E-003  3.670684130119544E-003
  4.045516464366630E-003  4.383060029718354E-003  4.761244572343969E-003
  5.240294489932449E-003  8.971366563453861E-004  1.237509900000000E-003
  6.743513249626923E-002  0.632253973074447     
 Design variables:  1.228141502470463E-003  8.715658860898790E-004
  4.911817299690396E-003  4.363222721617570E-003  3.896443920149544E-003
  3.466447558665228E-003  3.010572210434449E-003  3.670684130119544E-003
  4.045516464366630E-003  4.383060029718354E-003  4.761244572343969E-003
  5.240294489932449E-003  8.971366563453861E-004  1.237509900000000E-003
  6.743513249626923E-002  0.632253973074447     
 Mean drag value and variance:  8.514473865642261E-003  8.983605211936385E-006
    1  0.8523457E-02  0.4632320E-01  0.1718992E+00  0.8896947E+00  0.4423846E-01
 Calc con  1.140244681254129E-003  8.324279191550506E-004
  6.128059029295200E-003  5.527895200378135E-003  4.993151845748420E-003
  4.484704336782831E-003  3.929846403279097E-003  4.670414606912874E-003
  5.703505156434272E-003  6.518812222223703E-003  6.894367626221830E-003
  7.017921376718980E-003  8.566306199424946E-004  1.147908466484737E-003
  6.978939960393814E-002  0.646147560530617     
 Design variables:  1.140244681254129E-003  8.324279191550506E-004
  6.128059029295200E-003  5.527895200378135E-003  4.993151845748420E-003
  4.484704336782831E-003  3.929846403279097E-003  4.670414606912874E-003
  5.703505156434272E-003  6.518812222223703E-003  6.894367626221830E-003
  7.017921376718980E-003  8.566306199424946E-004  1.147908466484737E-003
  6.978939960393814E-002  0.646147560530617     
 Constraint value, mean lift and its standard deviation:  1.847637310718927E-002
  0.814535900413698       1.650613676044386E-002
 Calc obj  1.140244681254129E-003  8.324279191550506E-004
  6.128059029295200E-003  5.527895200378135E-003  4.993151845748420E-003
  4.484704336782831E-003  3.929846403279097E-003  4.670414606912874E-003
  5.703505156434272E-003  6.518812222223703E-003  6.894367626221830E-003
  7.017921376718980E-003  8.566306199424946E-004  1.147908466484737E-003
  6.978939960393814E-002  0.646147560530617     
 Design variables:  1.140244681254129E-003  8.324279191550506E-004
  6.128059029295200E-003  5.527895200378135E-003  4.993151845748420E-003
  4.484704336782831E-003  3.929846403279097E-003  4.670414606912874E-003
  5.703505156434272E-003  6.518812222223703E-003  6.894367626221830E-003
  7.017921376718980E-003  8.566306199424946E-004  1.147908466484737E-003
  6.978939960393814E-002  0.646147560530617     
 Mean drag value and variance:  1.826406848137828E-002  2.791442306609244E-005
    2  0.1829198E-01  0.4588416E-01  0.1923107E-01  0.3831605E+01  0.3807150E-02
 Calc con  1.021123175480884E-003  7.640191330751029E-004
  6.823776657564882E-003  6.290531719630254E-003  5.791781975924716E-003
  5.295799078283325E-003  4.727842863838274E-003  4.294588856423621E-003
  5.772077041144008E-003  7.049969448346325E-003  7.724087034736026E-003
  7.922759265381737E-003  7.871574521598689E-004  1.026689383614989E-003
  6.929371348884820E-002  0.636491496316374     
 Design variables:  1.021123175480884E-003  7.640191330751029E-004
  6.823776657564882E-003  6.290531719630254E-003  5.791781975924716E-003
  5.295799078283325E-003  4.727842863838274E-003  4.294588856423621E-003
  5.772077041144008E-003  7.049969448346325E-003  7.724087034736026E-003
  7.922759265381737E-003  7.871574521598689E-004  1.026689383614989E-003
  6.929371348884820E-002  0.636491496316374     
 Constraint value, mean lift and its standard deviation:  2.937470357834564E-002
  0.818498503024330       2.393660330133787E-002
 Calc obj  1.021123175480884E-003  7.640191330751029E-004
  6.823776657564882E-003  6.290531719630254E-003  5.791781975924716E-003
  5.295799078283325E-003  4.727842863838274E-003  4.294588856423621E-003
  5.772077041144008E-003  7.049969448346325E-003  7.724087034736026E-003
  7.922759265381737E-003  7.871574521598689E-004  1.026689383614989E-003
  6.929371348884820E-002  0.636491496316374     
 Design variables:  1.021123175480884E-003  7.640191330751029E-004
  6.823776657564882E-003  6.290531719630254E-003  5.791781975924716E-003
  5.295799078283325E-003  4.727842863838274E-003  4.294588856423621E-003
  5.772077041144008E-003  7.049969448346325E-003  7.724087034736026E-003
  7.922759265381737E-003  7.871574521598689E-004  1.026689383614989E-003
  6.929371348884820E-002  0.636491496316374     
 Mean drag value and variance:  1.315297660891501E-002  2.243348457834374E-005
    3  0.1317541E-01  0.9656064E-02  0.3404106E-01  0.4233603E+00  0.2055137E-02
 Calc con  9.742259265942382E-004  7.778596067997134E-004
  8.160721200813936E-003  7.813466940647738E-003  7.462033774655968E-003
  7.084948547447246E-003  6.610148011225586E-003  5.431996749453633E-003
  6.326382942522289E-003  8.023671886783254E-003  8.777002871197214E-003
  8.962823535006567E-003  8.110399669446158E-004  9.781207031913347E-004
  6.980701529131261E-002  0.614960038340640     
 Design variables:  9.742259265942382E-004  7.778596067997134E-004
  8.160721200813936E-003  7.813466940647738E-003  7.462033774655968E-003
  7.084948547447246E-003  6.610148011225586E-003  5.431996749453633E-003
  6.326382942522289E-003  8.023671886783254E-003  8.777002871197214E-003
  8.962823535006567E-003  8.110399669446158E-004  9.781207031913347E-004
  6.980701529131261E-002  0.614960038340640     
 Constraint value, mean lift and its standard deviation:  1.710972399267124E-004
  0.844076816429334       2.212395683463009E-002
 Calc obj  9.742259265942382E-004  7.778596067997134E-004
  8.160721200813936E-003  7.813466940647738E-003  7.462033774655968E-003
  7.084948547447246E-003  6.610148011225586E-003  5.431996749453633E-003
  6.326382942522289E-003  8.023671886783254E-003  8.777002871197214E-003
  8.962823535006567E-003  8.110399669446158E-004  9.781207031913347E-004
  6.980701529131261E-002  0.614960038340640     
 Design variables:  9.742259265942382E-004  7.778596067997134E-004
  8.160721200813936E-003  7.813466940647738E-003  7.462033774655968E-003
  7.084948547447246E-003  6.610148011225586E-003  5.431996749453633E-003
  6.326382942522289E-003  8.023671886783254E-003  8.777002871197214E-003
  8.962823535006567E-003  8.110399669446158E-004  9.781207031913347E-004
  6.980701529131261E-002  0.614960038340640     
 Mean drag value and variance:  7.686143941863025E-003  8.957117143148137E-006
    4  0.7695101E-02  0.2153146E-01  0.4178106E-02  0.1203565E+01  0.5598709E-03
 Calc con  6.945264304641216E-004  5.278306662173896E-004
  8.430401637177985E-003  8.220411883504707E-003  8.017680955775383E-003
  7.811523473663091E-003  7.563645403471607E-003  9.110024469274747E-003
  8.506257052868980E-003  8.451089685852158E-003  8.877891243546579E-003
  9.026212471336033E-003  5.785702491050728E-004  6.948933265711556E-004
  6.941220579474067E-002  0.600149590483406     
 Design variables:  6.945264304641216E-004  5.278306662173896E-004
  8.430401637177985E-003  8.220411883504707E-003  8.017680955775383E-003
  7.811523473663091E-003  7.563645403471607E-003  9.110024469274747E-003
  8.506257052868980E-003  8.451089685852158E-003  8.877891243546579E-003
  9.026212471336033E-003  5.785702491050728E-004  6.948933265711556E-004
  6.941220579474067E-002  0.600149590483406     
 Constraint value, mean lift and its standard deviation: -6.540845322024869E-003
  0.849598742664154       2.152894867106445E-002
 Calc obj  6.945264304641216E-004  5.278306662173896E-004
  8.430401637177985E-003  8.220411883504707E-003  8.017680955775383E-003
  7.811523473663091E-003  7.563645403471607E-003  9.110024469274747E-003
  8.506257052868980E-003  8.451089685852158E-003  8.877891243546579E-003
  9.026212471336033E-003  5.785702491050728E-004  6.948933265711556E-004
  6.941220579474067E-002  0.600149590483406     
 Design variables:  6.945264304641216E-004  5.278306662173896E-004
  8.430401637177985E-003  8.220411883504707E-003  8.017680955775383E-003
  7.811523473663091E-003  7.563645403471607E-003  9.110024469274747E-003
  8.506257052868980E-003  8.451089685852158E-003  8.877891243546579E-003
  9.026212471336033E-003  5.785702491050728E-004  6.948933265711556E-004
  6.941220579474067E-002  0.600149590483406     
 Mean drag value and variance:  6.986073037504377E-003  6.269596143442428E-006
    5  0.6992343E-02  0.1867026E-01  0.4648822E-04  0.4503530E+00  0.1198443E-02
 Calc con  6.982337213689867E-004  5.342814176314732E-004
  8.439366574935520E-003  8.229213345976694E-003  8.026371497548436E-003
  7.820262291315123E-003  7.572125370990855E-003  8.874211586467373E-003
  8.477095952430552E-003  8.544729248911170E-003  8.923790847984316E-003
  9.040412857070839E-003  5.838569397345142E-004  6.985687630436031E-004
  6.927478838071371E-002  0.601020802284435     
 Design variables:  6.982337213689867E-004  5.342814176314732E-004
  8.439366574935520E-003  8.229213345976694E-003  8.026371497548436E-003
  7.820262291315123E-003  7.572125370990855E-003  8.874211586467373E-003
  8.477095952430552E-003  8.544729248911170E-003  8.923790847984316E-003
  9.040412857070839E-003  5.838569397345142E-004  6.985687630436031E-004
  6.927478838071371E-002  0.601020802284435     
 Constraint value, mean lift and its standard deviation: -6.189941736757000E-003
  0.849325443117075       2.156775069015916E-002
 Calc obj  6.982337213689867E-004  5.342814176314732E-004
  8.439366574935520E-003  8.229213345976694E-003  8.026371497548436E-003
  7.820262291315123E-003  7.572125370990855E-003  8.874211586467373E-003
  8.477095952430552E-003  8.544729248911170E-003  8.923790847984316E-003
  9.040412857070839E-003  5.838569397345142E-004  6.985687630436031E-004
  6.927478838071371E-002  0.601020802284435     
 Design variables:  6.982337213689867E-004  5.342814176314732E-004
  8.439366574935520E-003  8.229213345976694E-003  8.026371497548436E-003
  7.820262291315123E-003  7.572125370990855E-003  8.874211586467373E-003
  8.477095952430552E-003  8.544729248911170E-003  8.923790847984316E-003
  9.040412857070839E-003  5.838569397345142E-004  6.985687630436031E-004
  6.927478838071371E-002  0.601020802284435     
 Mean drag value and variance:  7.102177805522457E-003  7.020462014725201E-006
    6  0.7109198E-02  0.8712118E-03  0.7173327E-04  0.3199875E-01  0.1442717E-03
 Calc con  8.342306426011337E-004  6.845444859013176E-004
  8.912034266934613E-003  8.756992939073317E-003  8.610374308495820E-003
  8.466206915061570E-003  8.289212339655724E-003  8.341087078393695E-003
  9.754382142013051E-003  9.999841215381510E-003  9.580050612745354E-003
  9.333920825100477E-003  7.477769786238341E-004  8.539731378667433E-004
  6.578585645355686E-002  0.600634288401383     
 Design variables:  8.342306426011337E-004  6.845444859013176E-004
  8.912034266934613E-003  8.756992939073317E-003  8.610374308495820E-003
  8.466206915061570E-003  8.289212339655724E-003  8.341087078393695E-003
  9.754382142013051E-003  9.999841215381510E-003  9.580050612745354E-003
  9.333920825100477E-003  7.477769786238341E-004  8.539731378667433E-004
  6.578585645355686E-002  0.600634288401383     
 Constraint value, mean lift and its standard deviation: -3.127486832108228E-003
  0.846837486691487       2.185499992968912E-002
 Calc obj  8.342306426011337E-004  6.845444859013176E-004
  8.912034266934613E-003  8.756992939073317E-003  8.610374308495820E-003
  8.466206915061570E-003  8.289212339655724E-003  8.341087078393695E-003
  9.754382142013051E-003  9.999841215381510E-003  9.580050612745354E-003
  9.333920825100477E-003  7.477769786238341E-004  8.539731378667433E-004
  6.578585645355686E-002  0.600634288401383     
 Design variables:  8.342306426011337E-004  6.845444859013176E-004
  8.912034266934613E-003  8.756992939073317E-003  8.610374308495820E-003
  8.466206915061570E-003  8.289212339655724E-003  8.341087078393695E-003
  9.754382142013051E-003  9.999841215381510E-003  9.580050612745354E-003
  9.333920825100477E-003  7.477769786238341E-004  8.539731378667433E-004
  6.578585645355686E-002  0.600634288401383     
 Mean drag value and variance:  7.313341012806946E-003  7.928633547811465E-006
 Calc con  8.375352681442255E-004  6.880381878258719E-004
  8.924050514768939E-003  8.770007489885923E-003  8.624040510274078E-003
  8.480209732915566E-003  8.303284825341950E-003  8.348934164224213E-003
  9.752428094634617E-003  9.999841215381510E-003  9.585293262040079E-003
  9.342275601403506E-003  7.509925726890937E-004  8.569201820657397E-004
  6.580005322955933E-002  0.600633343419276     
 Design variables:  8.375352681442255E-004  6.880381878258719E-004
  8.924050514768939E-003  8.770007489885923E-003  8.624040510274078E-003
  8.480209732915566E-003  8.303284825341950E-003  8.348934164224213E-003
  9.752428094634617E-003  9.999841215381510E-003  9.585293262040079E-003
  9.342275601403506E-003  7.509925726890937E-004  8.569201820657397E-004
  6.580005322955933E-002  0.600633343419276     
 Constraint value, mean lift and its standard deviation: -3.542103702578236E-003
  0.847297319534510       2.187760791596594E-002
 Calc obj  8.375352681442255E-004  6.880381878258719E-004
  8.924050514768939E-003  8.770007489885923E-003  8.624040510274078E-003
  8.480209732915566E-003  8.303284825341950E-003  8.348934164224213E-003
  9.752428094634617E-003  9.999841215381510E-003  9.585293262040079E-003
  9.342275601403506E-003  7.509925726890937E-004  8.569201820657397E-004
  6.580005322955933E-002  0.600633343419276     
 Design variables:  8.375352681442255E-004  6.880381878258719E-004
  8.924050514768939E-003  8.770007489885923E-003  8.624040510274078E-003
  8.480209732915566E-003  8.303284825341950E-003  8.348934164224213E-003
  9.752428094634617E-003  9.999841215381510E-003  9.585293262040079E-003
  9.342275601403506E-003  7.509925726890937E-004  8.569201820657397E-004
  6.580005322955933E-002  0.600633343419276     
 Mean drag value and variance:  7.310284314656101E-003  7.824557550059952E-006
 Calc con  8.382916429804114E-004  6.888378391589527E-004
  8.926800837723457E-003  8.772986308094085E-003  8.627168480749559E-003
  8.483414749315261E-003  8.306505787571063E-003  8.350730234060926E-003
  9.751980845091057E-003  9.999841215381510E-003  9.586493218873244E-003
  9.344187873300937E-003  7.517285696735128E-004  8.575947123700601E-004
  6.580330263981268E-002  0.600633127128299     
 Design variables:  8.382916429804114E-004  6.888378391589527E-004
  8.926800837723457E-003  8.772986308094085E-003  8.627168480749559E-003
  8.483414749315261E-003  8.306505787571063E-003  8.350730234060926E-003
  9.751980845091057E-003  9.999841215381510E-003  9.586493218873244E-003
  9.344187873300937E-003  7.517285696735128E-004  8.575947123700601E-004
  6.580330263981268E-002  0.600633127128299     
 Constraint value, mean lift and its standard deviation: -3.308985805681244E-003
  0.847458039236664       2.207452671549117E-002
 Calc obj  8.382916429804114E-004  6.888378391589527E-004
  8.926800837723457E-003  8.772986308094085E-003  8.627168480749559E-003
  8.483414749315261E-003  8.306505787571063E-003  8.350730234060926E-003
  9.751980845091057E-003  9.999841215381510E-003  9.586493218873244E-003
  9.344187873300937E-003  7.517285696735128E-004  8.575947123700601E-004
  6.580330263981268E-002  0.600633127128299     
 Design variables:  8.382916429804114E-004  6.888378391589527E-004
  8.926800837723457E-003  8.772986308094085E-003  8.627168480749559E-003
  8.483414749315261E-003  8.306505787571063E-003  8.350730234060926E-003
  9.751980845091057E-003  9.999841215381510E-003  9.586493218873244E-003
  9.344187873300937E-003  7.517285696735128E-004  8.575947123700601E-004
  6.580330263981268E-002  0.600633127128299     
 Mean drag value and variance:  7.303893074124408E-003  7.969674363429015E-006
 Calc con  7.662321819850602E-004  6.094129517663954E-004
  8.675700420935066E-003  8.493103142525006E-003  8.318372903022129E-003
  8.143234603188347E-003  7.930668855323290E-003  8.607649332430533E-003
  9.115739047221802E-003  9.272285232146340E-003  9.251920730364835E-003
  9.187166841085658E-003  6.658169591791742E-004  7.762709504551732E-004
  6.753032241713529E-002  0.600827545342909     
 Design variables:  7.662321819850602E-004  6.094129517663954E-004
  8.675700420935066E-003  8.493103142525006E-003  8.318372903022129E-003
  8.143234603188347E-003  7.930668855323290E-003  8.607649332430533E-003
  9.115739047221802E-003  9.272285232146340E-003  9.251920730364835E-003
  9.187166841085658E-003  6.658169591791742E-004  7.762709504551732E-004
  6.753032241713529E-002  0.600827545342909     
 Constraint value, mean lift and its standard deviation: -4.612687352730266E-003
  0.848146653911326       2.176698327929787E-002
 Calc obj  7.662321819850602E-004  6.094129517663954E-004
  8.675700420935066E-003  8.493103142525006E-003  8.318372903022129E-003
  8.143234603188347E-003  7.930668855323290E-003  8.607649332430533E-003
  9.115739047221802E-003  9.272285232146340E-003  9.251920730364835E-003
  9.187166841085658E-003  6.658169591791742E-004  7.762709504551732E-004
  6.753032241713529E-002  0.600827545342909     
 Design variables:  7.662321819850602E-004  6.094129517663954E-004
  8.675700420935066E-003  8.493103142525006E-003  8.318372903022129E-003
  8.143234603188347E-003  7.930668855323290E-003  8.607649332430533E-003
  9.115739047221802E-003  9.272285232146340E-003  9.251920730364835E-003
  9.187166841085658E-003  6.658169591791742E-004  7.762709504551732E-004
  6.753032241713529E-002  0.600827545342909     
 Mean drag value and variance:  7.162726822429055E-003  7.609932943040660E-006
 Calc con  7.322329516770235E-004  5.718471846989343E-004
  8.557533497935293E-003  8.361158244250851E-003  8.172372200285282E-003
  7.981748447251734E-003  7.751397113157072E-003  8.740930459448954E-003
  8.796417499826176E-003  8.908507240528756E-003  9.087855789174575E-003
  9.113789849078248E-003  6.248369494568441E-004  7.374198567493881E-004
  6.840255539892449E-002  0.600924173813672     
 Design variables:  7.322329516770235E-004  5.718471846989343E-004
  8.557533497935293E-003  8.361158244250851E-003  8.172372200285282E-003
  7.981748447251734E-003  7.751397113157072E-003  8.740930459448954E-003
  8.796417499826176E-003  8.908507240528756E-003  9.087855789174575E-003
  9.113789849078248E-003  6.248369494568441E-004  7.374198567493881E-004
  6.840255539892449E-002  0.600924173813672     
 Constraint value, mean lift and its standard deviation: -5.060366677317935E-003
  0.848716792519209       2.182821292094526E-002
 Calc obj  7.322329516770235E-004  5.718471846989343E-004
  8.557533497935293E-003  8.361158244250851E-003  8.172372200285282E-003
  7.981748447251734E-003  7.751397113157072E-003  8.740930459448954E-003
  8.796417499826176E-003  8.908507240528756E-003  9.087855789174575E-003
  9.113789849078248E-003  6.248369494568441E-004  7.374198567493881E-004
  6.840255539892449E-002  0.600924173813672     
 Design variables:  7.322329516770235E-004  5.718471846989343E-004
  8.557533497935293E-003  8.361158244250851E-003  8.172372200285282E-003
  7.981748447251734E-003  7.751397113157072E-003  8.740930459448954E-003
  8.796417499826176E-003  8.908507240528756E-003  9.087855789174575E-003
  9.113789849078248E-003  6.248369494568441E-004  7.374198567493881E-004
  6.840255539892449E-002  0.600924173813672     
 Mean drag value and variance:  7.125974028575878E-003  7.182324902697120E-006
 Calc con  7.152333365230051E-004  5.530643011652037E-004
  8.498450036435406E-003  8.295185795113772E-003  8.099371848916858E-003
  7.901005369283429E-003  7.661761242073964E-003  8.807571022958163E-003
  8.636756726128365E-003  8.726618244719963E-003  9.005823318579445E-003
  9.077101353074544E-003  6.043469445956792E-004  7.179943098964956E-004
  6.883867188981911E-002  0.600972488049054     
 Design variables:  7.152333365230051E-004  5.530643011652037E-004
  8.498450036435406E-003  8.295185795113772E-003  8.099371848916858E-003
  7.901005369283429E-003  7.661761242073964E-003  8.807571022958163E-003
  8.636756726128365E-003  8.726618244719963E-003  9.005823318579445E-003
  9.077101353074544E-003  6.043469445956792E-004  7.179943098964956E-004
  6.883867188981911E-002  0.600972488049054     
 Constraint value, mean lift and its standard deviation: -5.575331760058047E-003
  0.849087340377551       2.175600430874632E-002
 Calc obj  7.152333365230051E-004  5.530643011652037E-004
  8.498450036435406E-003  8.295185795113772E-003  8.099371848916858E-003
  7.901005369283429E-003  7.661761242073964E-003  8.807571022958163E-003
  8.636756726128365E-003  8.726618244719963E-003  9.005823318579445E-003
  9.077101353074544E-003  6.043469445956792E-004  7.179943098964956E-004
  6.883867188981911E-002  0.600972488049054     
 Design variables:  7.152333365230051E-004  5.530643011652037E-004
  8.498450036435406E-003  8.295185795113772E-003  8.099371848916858E-003
  7.901005369283429E-003  7.661761242073964E-003  8.807571022958163E-003
  8.636756726128365E-003  8.726618244719963E-003  9.005823318579445E-003
  9.077101353074544E-003  6.043469445956792E-004  7.179943098964956E-004
  6.883867188981911E-002  0.600972488049054     
 Mean drag value and variance:  6.980086653962908E-003  6.258056460390691E-006
    7  0.6986345E-02  0.3720743E-02  0.3763493E-03  0.2010448E+00  0.1159808E-03
 Calc con  7.870333220770103E-004  6.445662706765789E-004
  8.658207848091506E-003  8.455020340447825E-003  8.259905025642401E-003
  8.065020981725374E-003  7.831532659285852E-003  8.363345085608357E-003
  8.821967163920795E-003  9.033823134671848E-003  9.182072413694838E-003
  9.175988639915967E-003  6.944592433981389E-004  7.917227152883283E-004
  6.796133104843588E-002  0.600792821704336     
 Design variables:  7.870333220770103E-004  6.445662706765789E-004
  8.658207848091506E-003  8.455020340447825E-003  8.259905025642401E-003
  8.065020981725374E-003  7.831532659285852E-003  8.363345085608357E-003
  8.821967163920795E-003  9.033823134671848E-003  9.182072413694838E-003
  9.175988639915967E-003  6.944592433981389E-004  7.917227152883283E-004
  6.796133104843588E-002  0.600792821704336     
 Constraint value, mean lift and its standard deviation: -4.279552436675813E-003
  0.847810526772987       2.176548716815566E-002
 Calc obj  7.870333220770103E-004  6.445662706765789E-004
  8.658207848091506E-003  8.455020340447825E-003  8.259905025642401E-003
  8.065020981725374E-003  7.831532659285852E-003  8.363345085608357E-003
  8.821967163920795E-003  9.033823134671848E-003  9.182072413694838E-003
  9.175988639915967E-003  6.944592433981389E-004  7.917227152883283E-004
  6.796133104843588E-002  0.600792821704336     
 Design variables:  7.870333220770103E-004  6.445662706765789E-004
  8.658207848091506E-003  8.455020340447825E-003  8.259905025642401E-003
  8.065020981725374E-003  7.831532659285852E-003  8.363345085608357E-003
  8.821967163920795E-003  9.033823134671848E-003  9.182072413694838E-003
  9.175988639915967E-003  6.944592433981389E-004  7.917227152883283E-004
  6.796133104843588E-002  0.600792821704336     
 Mean drag value and variance:  6.934317846737164E-003  7.216101390284765E-006
    8  0.6941534E-02  0.1508127E-02  0.1640017E-03  0.4861164E-01  0.1277788E-03
 Calc con  8.644080162545572E-004  7.331333228883861E-004
  8.946788162942127E-003  8.766705598208574E-003  8.588585607609852E-003
  8.408261626208502E-003  8.189226750370503E-003  8.173708632123800E-003
  9.008487661368688E-003  9.287829455133892E-003  9.434208166780221E-003
  9.426846714252828E-003  7.829836957029140E-004  8.682128309214697E-004
  6.661144423360242E-002  0.600007918317043     
 Design variables:  8.644080162545572E-004  7.331333228883861E-004
  8.946788162942127E-003  8.766705598208574E-003  8.588585607609852E-003
  8.408261626208502E-003  8.189226750370503E-003  8.173708632123800E-003
  9.008487661368688E-003  9.287829455133892E-003  9.434208166780221E-003
  9.426846714252828E-003  7.829836957029140E-004  8.682128309214697E-004
  6.661144423360242E-002  0.600007918317043     
 Constraint value, mean lift and its standard deviation: -2.612772792093890E-003
  0.846012988090373       2.170010764913956E-002
 Calc obj  8.644080162545572E-004  7.331333228883861E-004
  8.946788162942127E-003  8.766705598208574E-003  8.588585607609852E-003
  8.408261626208502E-003  8.189226750370503E-003  8.173708632123800E-003
  9.008487661368688E-003  9.287829455133892E-003  9.434208166780221E-003
  9.426846714252828E-003  7.829836957029140E-004  8.682128309214697E-004
  6.661144423360242E-002  0.600007918317043     
 Design variables:  8.644080162545572E-004  7.331333228883861E-004
  8.946788162942127E-003  8.766705598208574E-003  8.588585607609852E-003
  8.408261626208502E-003  8.189226750370503E-003  8.173708632123800E-003
  9.008487661368688E-003  9.287829455133892E-003  9.434208166780221E-003
  9.426846714252828E-003  7.829836957029140E-004  8.682128309214697E-004
  6.661144423360242E-002  0.600007918317043     
 Mean drag value and variance:  6.620963850473923E-003  6.359554847773593E-006
    9  0.6627323E-02  0.1769049E-02  0.4233128E-03  0.9551846E-01  0.3535630E-04
 Calc con  9.991080951884540E-004  8.991151723101688E-004
  9.381364194372214E-003  9.311544710695467E-003  9.246922206915382E-003
  9.177608991230841E-003  9.086006412480474E-003  7.761080440133634E-003
  8.747084164155117E-003  9.342674774065704E-003  9.581596532902416E-003
  9.662440917300489E-003  9.346635161872345E-004  9.944966255311868E-004
  6.502992753739940E-002  0.600298114022863     
 Design variables:  9.991080951884540E-004  8.991151723101688E-004
  9.381364194372214E-003  9.311544710695467E-003  9.246922206915382E-003
  9.177608991230841E-003  9.086006412480474E-003  7.761080440133634E-003
  8.747084164155117E-003  9.342674774065704E-003  9.581596532902416E-003
  9.662440917300489E-003  9.346635161872345E-004  9.944966255311868E-004
  6.502992753739940E-002  0.600298114022863     
 Constraint value, mean lift and its standard deviation: -2.450809474789130E-003
  0.845597114542919       2.157315253406512E-002
 Calc obj  9.991080951884540E-004  8.991151723101688E-004
  9.381364194372214E-003  9.311544710695467E-003  9.246922206915382E-003
  9.177608991230841E-003  9.086006412480474E-003  7.761080440133634E-003
  8.747084164155117E-003  9.342674774065704E-003  9.581596532902416E-003
  9.662440917300489E-003  9.346635161872345E-004  9.944966255311868E-004
  6.502992753739940E-002  0.600298114022863     
 Design variables:  9.991080951884540E-004  8.991151723101688E-004
  9.381364194372214E-003  9.311544710695467E-003  9.246922206915382E-003
  9.177608991230841E-003  9.086006412480474E-003  7.761080440133634E-003
  8.747084164155117E-003  9.342674774065704E-003  9.581596532902416E-003
  9.662440917300489E-003  9.346635161872345E-004  9.944966255311868E-004
  6.502992753739940E-002  0.600298114022863     
 Mean drag value and variance:  6.219166229216950E-003  5.119277629281892E-006
   10  0.6224286E-02  0.1581517E-02  0.1496396E-03  0.6237951E-01  0.7496426E-04
 Calc con  1.059073788176714E-003  9.764925543822664E-004
  9.564055976602568E-003  9.515938602131239E-003  9.473583368147192E-003
  9.431341545011874E-003  9.378371476319031E-003  7.713856147533739E-003
  8.918209258936860E-003  9.558487694151260E-003  9.727034004963402E-003
  9.764238518428503E-003  1.005827656418533E-003  1.056703412349508E-003
  6.394400487790732E-002  0.600116928981150     
 Design variables:  1.059073788176714E-003  9.764925543822664E-004
  9.564055976602568E-003  9.515938602131239E-003  9.473583368147192E-003
  9.431341545011874E-003  9.378371476319031E-003  7.713856147533739E-003
  8.918209258936860E-003  9.558487694151260E-003  9.727034004963402E-003
  9.764238518428503E-003  1.005827656418533E-003  1.056703412349508E-003
  6.394400487790732E-002  0.600116928981150     
 Constraint value, mean lift and its standard deviation: -9.064382738238133E-004
  0.843976257185471       2.153490945582351E-002
 Calc obj  1.059073788176714E-003  9.764925543822664E-004
  9.564055976602568E-003  9.515938602131239E-003  9.473583368147192E-003
  9.431341545011874E-003  9.378371476319031E-003  7.713856147533739E-003
  8.918209258936860E-003  9.558487694151260E-003  9.727034004963402E-003
  9.764238518428503E-003  1.005827656418533E-003  1.056703412349508E-003
  6.394400487790732E-002  0.600116928981150     
 Design variables:  1.059073788176714E-003  9.764925543822664E-004
  9.564055976602568E-003  9.515938602131239E-003  9.473583368147192E-003
  9.431341545011874E-003  9.378371476319031E-003  7.713856147533739E-003
  8.918209258936860E-003  9.558487694151260E-003  9.727034004963402E-003
  9.764238518428503E-003  1.005827656418533E-003  1.056703412349508E-003
  6.394400487790732E-002  0.600116928981150     
 Mean drag value and variance:  6.146039410951250E-003  5.152970338152684E-006
 Calc con  1.060104573030185E-003  9.777886025117597E-004
  9.566881616214388E-003  9.518992633581535E-003  9.476790064494006E-003
  9.434647597612859E-003  9.381717690595258E-003  7.721917284009748E-003
  8.919747478924905E-003  9.560429176826606E-003  9.728889368449803E-003
  9.765936795471294E-003  1.006986515614072E-003  1.057707156910776E-003
  6.397152403833875E-002  0.600116454142003     
 Design variables:  1.060104573030185E-003  9.777886025117597E-004
  9.566881616214388E-003  9.518992633581535E-003  9.476790064494006E-003
  9.434647597612859E-003  9.381717690595258E-003  7.721917284009748E-003
  8.919747478924905E-003  9.560429176826606E-003  9.728889368449803E-003
  9.765936795471294E-003  1.006986515614072E-003  1.057707156910776E-003
  6.397152403833875E-002  0.600116454142003     
 Constraint value, mean lift and its standard deviation: -1.264082205078697E-003
  0.844414292163903       2.157510497941222E-002
 Calc obj  1.060104573030185E-003  9.777886025117597E-004
  9.566881616214388E-003  9.518992633581535E-003  9.476790064494006E-003
  9.434647597612859E-003  9.381717690595258E-003  7.721917284009748E-003
  8.919747478924905E-003  9.560429176826606E-003  9.728889368449803E-003
  9.765936795471294E-003  1.006986515614072E-003  1.057707156910776E-003
  6.397152403833875E-002  0.600116454142003     
 Design variables:  1.060104573030185E-003  9.777886025117597E-004
  9.566881616214388E-003  9.518992633581535E-003  9.476790064494006E-003
  9.434647597612859E-003  9.381717690595258E-003  7.721917284009748E-003
  8.919747478924905E-003  9.560429176826606E-003  9.728889368449803E-003
  9.765936795471294E-003  1.006986515614072E-003  1.057707156910776E-003
  6.397152403833875E-002  0.600116454142003     
 Mean drag value and variance:  6.137256443986023E-003  5.047092153379872E-006
   11  0.6142304E-02  0.1085923E-02  0.5959299E-04  0.5998534E-01  0.1779925E-04
 Calc con  1.200207723394016E-003  1.172239786898555E-003
  9.907778665438982E-003  9.901665185322159E-003  9.899056077501335E-003
  9.899011474984062E-003  9.901271224083897E-003  7.370008322587594E-003
  9.214773163754204E-003  9.873138574749694E-003  9.941156496861531E-003
  9.952804045626013E-003  1.183365447418528E-003  1.199967747814475E-003
  6.214825185164007E-002  0.600012485337179     
 Design variables:  1.200207723394016E-003  1.172239786898555E-003
  9.907778665438982E-003  9.901665185322159E-003  9.899056077501335E-003
  9.899011474984062E-003  9.901271224083897E-003  7.370008322587594E-003
  9.214773163754204E-003  9.873138574749694E-003  9.941156496861531E-003
  9.952804045626013E-003  1.183365447418528E-003  1.199967747814475E-003
  6.214825185164007E-002  0.600012485337179     
 Constraint value, mean lift and its standard deviation:  3.537668489496520E-004
  0.842633815557177       2.149379120306352E-002
 Calc obj  1.200207723394016E-003  1.172239786898555E-003
  9.907778665438982E-003  9.901665185322159E-003  9.899056077501335E-003
  9.899011474984062E-003  9.901271224083897E-003  7.370008322587594E-003
  9.214773163754204E-003  9.873138574749694E-003  9.941156496861531E-003
  9.952804045626013E-003  1.183365447418528E-003  1.199967747814475E-003
  6.214825185164007E-002  0.600012485337179     
 Design variables:  1.200207723394016E-003  1.172239786898555E-003
  9.907778665438982E-003  9.901665185322159E-003  9.899056077501335E-003
  9.899011474984062E-003  9.901271224083897E-003  7.370008322587594E-003
  9.214773163754204E-003  9.873138574749694E-003  9.941156496861531E-003
  9.952804045626013E-003  1.183365447418528E-003  1.199967747814475E-003
  6.214825185164007E-002  0.600012485337179     
 Mean drag value and variance:  6.011107503776359E-003  4.592496535183744E-006
   12  0.6015700E-02  0.1823272E-02  0.5749549E-03  0.6346459E-01  0.2903452E-05
 Calc con  1.179626499305708E-003  1.150886478537856E-003
  9.831156906735885E-003  9.805413395080840E-003  9.780936290766281E-003
  9.756896746827729E-003  9.728415160169963E-003  7.349254204716645E-003
  9.972894812143130E-003  9.863249843399893E-003  9.908007032247455E-003
  9.912221665271798E-003  1.160903685714845E-003  1.179219682901905E-003
  6.213122765962439E-002  0.600053093898924     
 Design variables:  1.179626499305708E-003  1.150886478537856E-003
  9.831156906735885E-003  9.805413395080840E-003  9.780936290766281E-003
  9.756896746827729E-003  9.728415160169963E-003  7.349254204716645E-003
  9.972894812143130E-003  9.863249843399893E-003  9.908007032247455E-003
  9.912221665271798E-003  1.160903685714845E-003  1.179219682901905E-003
  6.213122765962439E-002  0.600053093898924     
 Constraint value, mean lift and its standard deviation: -8.736819435107429E-005
  0.843184507015355       2.154856941050198E-002
 Calc obj  1.179626499305708E-003  1.150886478537856E-003
  9.831156906735885E-003  9.805413395080840E-003  9.780936290766281E-003
  9.756896746827729E-003  9.728415160169963E-003  7.349254204716645E-003
  9.972894812143130E-003  9.863249843399893E-003  9.908007032247455E-003
  9.912221665271798E-003  1.160903685714845E-003  1.179219682901905E-003
  6.213122765962439E-002  0.600053093898924     
 Design variables:  1.179626499305708E-003  1.150886478537856E-003
  9.831156906735885E-003  9.805413395080840E-003  9.780936290766281E-003
  9.756896746827729E-003  9.728415160169963E-003  7.349254204716645E-003
  9.972894812143130E-003  9.863249843399893E-003  9.908007032247455E-003
  9.912221665271798E-003  1.160903685714845E-003  1.179219682901905E-003
  6.213122765962439E-002  0.600053093898924     
 Mean drag value and variance:  6.293435048785975E-003  5.256197681580163E-006
   13  0.6298691E-02  0.7581216E-03  0.4097911E-03  0.7207386E-01  0.1110027E-04
 Calc con  1.192442607757060E-003  1.165728752985387E-003
  9.862657893412320E-003  9.840838654410588E-003  9.820099679027465E-003
  9.799695494297178E-003  9.775600865770633E-003  8.615208421911883E-003
  9.666008358396493E-003  9.957724626519037E-003  9.944851503502213E-003
  9.933927771890425E-003  1.176776195025897E-003  1.193274200908064E-003
  6.146941651414333E-002  0.600055287850273     
 Design variables:  1.192442607757060E-003  1.165728752985387E-003
  9.862657893412320E-003  9.840838654410588E-003  9.820099679027465E-003
  9.799695494297178E-003  9.775600865770633E-003  8.615208421911883E-003
  9.666008358396493E-003  9.957724626519037E-003  9.944851503502213E-003
  9.933927771890425E-003  1.176776195025897E-003  1.193274200908064E-003
  6.146941651414333E-002  0.600055287850273     
 Constraint value, mean lift and its standard deviation:  2.719610328201019E-004
  0.842984192005821       2.162807651932063E-002
 Calc obj  1.192442607757060E-003  1.165728752985387E-003
  9.862657893412320E-003  9.840838654410588E-003  9.820099679027465E-003
  9.799695494297178E-003  9.775600865770633E-003  8.615208421911883E-003
  9.666008358396493E-003  9.957724626519037E-003  9.944851503502213E-003
  9.933927771890425E-003  1.176776195025897E-003  1.193274200908064E-003
  6.146941651414333E-002  0.600055287850273     
 Design variables:  1.192442607757060E-003  1.165728752985387E-003
  9.862657893412320E-003  9.840838654410588E-003  9.820099679027465E-003
  9.799695494297178E-003  9.775600865770633E-003  8.615208421911883E-003
  9.666008358396493E-003  9.957724626519037E-003  9.944851503502213E-003
  9.933927771890425E-003  1.176776195025897E-003  1.193274200908064E-003
  6.146941651414333E-002  0.600055287850273     
 Mean drag value and variance:  6.532964338112821E-003  5.931192249944332E-006
 Calc con  1.193755924069931E-003  1.167522838205898E-003
  9.865763982586002E-003  9.844356800137285E-003  9.823973929067236E-003
  9.803870331990436E-003  9.780059171279481E-003  8.638740213815809E-003
  9.666668228679362E-003  9.960022919263211E-003  9.946670599923265E-003
  9.935760727767784E-003  1.178389823683571E-003  1.194572318547395E-003
  6.151307667509118E-002  0.600054630328524     
 Design variables:  1.193755924069931E-003  1.167522838205898E-003
  9.865763982586002E-003  9.844356800137285E-003  9.823973929067236E-003
  9.803870331990436E-003  9.780059171279481E-003  8.638740213815809E-003
  9.666668228679362E-003  9.960022919263211E-003  9.946670599923265E-003
  9.935760727767784E-003  1.178389823683571E-003  1.194572318547395E-003
  6.151307667509118E-002  0.600054630328524     
 Constraint value, mean lift and its standard deviation: -3.237986830978701E-004
  0.843600037593571       2.163811945523651E-002
 Calc obj  1.193755924069931E-003  1.167522838205898E-003
  9.865763982586002E-003  9.844356800137285E-003  9.823973929067236E-003
  9.803870331990436E-003  9.780059171279481E-003  8.638740213815809E-003
  9.666668228679362E-003  9.960022919263211E-003  9.946670599923265E-003
  9.935760727767784E-003  1.178389823683571E-003  1.194572318547395E-003
  6.151307667509118E-002  0.600054630328524     
 Design variables:  1.193755924069931E-003  1.167522838205898E-003
  9.865763982586002E-003  9.844356800137285E-003  9.823973929067236E-003
  9.803870331990436E-003  9.780059171279481E-003  8.638740213815809E-003
  9.666668228679362E-003  9.960022919263211E-003  9.946670599923265E-003
  9.935760727767784E-003  1.178389823683571E-003  1.194572318547395E-003
  6.151307667509118E-002  0.600054630328524     
 Mean drag value and variance:  6.594956251081409E-003  6.046117331272617E-006
   14  0.6601002E-02  0.1265954E-02  0.5900150E-04  0.4911206E-01  0.9167648E-05
 Calc con  1.185337425459882E-003  1.155383165776189E-003
  9.846583956639473E-003  9.822327191410308E-003  9.798985404717752E-003
  9.775702093652697E-003  9.747809887929977E-003  9.986397302138158E-003
  9.664071707668578E-003  9.923924572299367E-003  9.929555509485035E-003
  9.925327839341481E-003  1.167288747296741E-003  1.185622300501891E-003
  6.094164891700939E-002  0.600064709684899     
 Design variables:  1.185337425459882E-003  1.155383165776189E-003
  9.846583956639473E-003  9.822327191410308E-003  9.798985404717752E-003
  9.775702093652697E-003  9.747809887929977E-003  9.986397302138158E-003
  9.664071707668578E-003  9.923924572299367E-003  9.929555509485035E-003
  9.925327839341481E-003  1.167288747296741E-003  1.185622300501891E-003
  6.094164891700939E-002  0.600064709684899     
 Constraint value, mean lift and its standard deviation: -4.130839451430141E-004
  0.843247358493882       2.141713727436941E-002
 Calc obj  1.185337425459882E-003  1.155383165776189E-003
  9.846583956639473E-003  9.822327191410308E-003  9.798985404717752E-003
  9.775702093652697E-003  9.747809887929977E-003  9.986397302138158E-003
  9.664071707668578E-003  9.923924572299367E-003  9.929555509485035E-003
  9.925327839341481E-003  1.167288747296741E-003  1.185622300501891E-003
  6.094164891700939E-002  0.600064709684899     
 Design variables:  1.185337425459882E-003  1.155383165776189E-003
  9.846583956639473E-003  9.822327191410308E-003  9.798985404717752E-003
  9.775702093652697E-003  9.747809887929977E-003  9.986397302138158E-003
  9.664071707668578E-003  9.923924572299367E-003  9.929555509485035E-003
  9.925327839341481E-003  1.167288747296741E-003  1.185622300501891E-003
  6.094164891700939E-002  0.600064709684899     
 Mean drag value and variance:  6.987216121146755E-003  7.372137307113104E-006
   15  0.6994588E-02  0.4780885E-02  0.4651379E-04  0.9889020E-01  0.2203824E-04
 Calc con  1.187890387762383E-003  1.158928429436085E-003
  9.852392980054253E-003  9.828501525845407E-003  9.804937188338924E-003
  9.780876896663028E-003  9.751558084698873E-003  9.567605655352113E-003
  9.899524061406564E-003  9.883305111890043E-003  9.913433031416450E-003
  9.918496441857712E-003  1.169327447788730E-003  1.187577589609721E-003
  6.105224637913841E-002  0.600073176763959     
 Design variables:  1.187890387762383E-003  1.158928429436085E-003
  9.852392980054253E-003  9.828501525845407E-003  9.804937188338924E-003
  9.780876896663028E-003  9.751558084698873E-003  9.567605655352113E-003
  9.899524061406564E-003  9.883305111890043E-003  9.913433031416450E-003
  9.918496441857712E-003  1.169327447788730E-003  1.187577589609721E-003
  6.105224637913841E-002  0.600073176763959     
 Constraint value, mean lift and its standard deviation: -4.309883544546603E-004
  0.843276725485128       2.142286856533654E-002
 Calc obj  1.187890387762383E-003  1.158928429436085E-003
  9.852392980054253E-003  9.828501525845407E-003  9.804937188338924E-003
  9.780876896663028E-003  9.751558084698873E-003  9.567605655352113E-003
  9.899524061406564E-003  9.883305111890043E-003  9.913433031416450E-003
  9.918496441857712E-003  1.169327447788730E-003  1.187577589609721E-003
  6.105224637913841E-002  0.600073176763959     
 Design variables:  1.187890387762383E-003  1.158928429436085E-003
  9.852392980054253E-003  9.828501525845407E-003  9.804937188338924E-003
  9.780876896663028E-003  9.751558084698873E-003  9.567605655352113E-003
  9.899524061406564E-003  9.883305111890043E-003  9.913433031416450E-003
  9.918496441857712E-003  1.169327447788730E-003  1.187577589609721E-003
  6.105224637913841E-002  0.600073176763959     
 Mean drag value and variance:  6.911652225791488E-003  6.925745422044449E-006
   16  0.6918578E-02  0.4187916E-03  0.3975061E-04  0.3366571E-02  0.1591721E-04
 Calc con  1.226123154031987E-003  1.214150393643363E-003
  9.944708609583760E-003  9.935461816881963E-003  9.926272536289688E-003
  9.916871526667368E-003  9.905479025615659E-003  9.978757023801122E-003
  9.974218131205411E-003  9.955686614930631E-003  9.959797046974901E-003
  9.962523758653485E-003  1.218423515625609E-003  1.226167561815007E-003
  6.028937804248372E-002  0.600019297621957     
 Design variables:  1.226123154031987E-003  1.214150393643363E-003
  9.944708609583760E-003  9.935461816881963E-003  9.926272536289688E-003
  9.916871526667368E-003  9.905479025615659E-003  9.978757023801122E-003
  9.974218131205411E-003  9.955686614930631E-003  9.959797046974901E-003
  9.962523758653485E-003  1.218423515625609E-003  1.226167561815007E-003
  6.028937804248372E-002  0.600019297621957     
 Constraint value, mean lift and its standard deviation:  7.481370688854558E-004
  0.842528858147212       2.163849760804855E-002
 Calc obj  1.226123154031987E-003  1.214150393643363E-003
  9.944708609583760E-003  9.935461816881963E-003  9.926272536289688E-003
  9.916871526667368E-003  9.905479025615659E-003  9.978757023801122E-003
  9.974218131205411E-003  9.955686614930631E-003  9.959797046974901E-003
  9.962523758653485E-003  1.218423515625609E-003  1.226167561815007E-003
  6.028937804248372E-002  0.600019297621957     
 Design variables:  1.226123154031987E-003  1.214150393643363E-003
  9.944708609583760E-003  9.935461816881963E-003  9.926272536289688E-003
  9.916871526667368E-003  9.905479025615659E-003  9.978757023801122E-003
  9.974218131205411E-003  9.955686614930631E-003  9.959797046974901E-003
  9.962523758653485E-003  1.218423515625609E-003  1.226167561815007E-003
  6.028937804248372E-002  0.600019297621957     
 Mean drag value and variance:  7.029572679589433E-003  7.148001456306138E-006
 Calc con  1.228495585971466E-003  1.217596271300894E-003
  9.950509600910228E-003  9.942217045396841E-003  9.933968825385536E-003
  9.925519710638720E-003  9.915256055074921E-003  9.974240236677992E-003
  9.974707118220813E-003  9.959939936997729E-003  9.964353700280662E-003
  9.966885141319166E-003  1.221496131244986E-003  1.228516776776846E-003
  6.035967937588595E-002  0.600017286562220     
 Design variables:  1.228495585971466E-003  1.217596271300894E-003
  9.950509600910228E-003  9.942217045396841E-003  9.933968825385536E-003
  9.925519710638720E-003  9.915256055074921E-003  9.974240236677992E-003
  9.974707118220813E-003  9.959939936997729E-003  9.964353700280662E-003
  9.966885141319166E-003  1.221496131244986E-003  1.228516776776846E-003
  6.035967937588595E-002  0.600017286562220     
 Constraint value, mean lift and its standard deviation:  1.556686267732699E-005
  0.843274485691332       2.164502627700454E-002
 Calc obj  1.228495585971466E-003  1.217596271300894E-003
  9.950509600910228E-003  9.942217045396841E-003  9.933968825385536E-003
  9.925519710638720E-003  9.915256055074921E-003  9.974240236677992E-003
  9.974707118220813E-003  9.959939936997729E-003  9.964353700280662E-003
  9.966885141319166E-003  1.221496131244986E-003  1.228516776776846E-003
  6.035967937588595E-002  0.600017286562220     
 Design variables:  1.228495585971466E-003  1.217596271300894E-003
  9.950509600910228E-003  9.942217045396841E-003  9.933968825385536E-003
  9.925519710638720E-003  9.915256055074921E-003  9.974240236677992E-003
  9.974707118220813E-003  9.959939936997729E-003  9.964353700280662E-003
  9.966885141319166E-003  1.221496131244986E-003  1.228516776776846E-003
  6.035967937588595E-002  0.600017286562220     
 Mean drag value and variance:  7.065232658019478E-003  7.602210950716103E-006
 Calc con  1.228909419057252E-003  1.218197349949570E-003
  9.951521491747347E-003  9.943395387761475E-003  9.935311320827717E-003
  9.927028249029119E-003  9.916961502638502E-003  9.973452354875408E-003
  9.974792414242220E-003  9.960681861504214E-003  9.965148536105875E-003
  9.967645915281443E-003  1.222032100257223E-003  1.228926560029488E-003
  6.037194232735461E-002  0.600016935764777     
 Design variables:  1.228909419057252E-003  1.218197349949570E-003
  9.951521491747347E-003  9.943395387761475E-003  9.935311320827717E-003
  9.927028249029119E-003  9.916961502638502E-003  9.973452354875408E-003
  9.974792414242220E-003  9.960681861504214E-003  9.965148536105875E-003
  9.967645915281443E-003  1.222032100257223E-003  1.228926560029488E-003
  6.037194232735461E-002  0.600016935764777     
 Constraint value, mean lift and its standard deviation: -1.447777326645458E-004
  0.843625633794221       2.174042803077796E-002
 Calc obj  1.228909419057252E-003  1.218197349949570E-003
  9.951521491747347E-003  9.943395387761475E-003  9.935311320827717E-003
  9.927028249029119E-003  9.916961502638502E-003  9.973452354875408E-003
  9.974792414242220E-003  9.960681861504214E-003  9.965148536105875E-003
  9.967645915281443E-003  1.222032100257223E-003  1.228926560029488E-003
  6.037194232735461E-002  0.600016935764777     
 Design variables:  1.228909419057252E-003  1.218197349949570E-003
  9.951521491747347E-003  9.943395387761475E-003  9.935311320827717E-003
  9.927028249029119E-003  9.916961502638502E-003  9.973452354875408E-003
  9.974792414242220E-003  9.960681861504214E-003  9.965148536105875E-003
  9.967645915281443E-003  1.222032100257223E-003  1.228926560029488E-003
  6.037194232735461E-002  0.600016935764777     
 Mean drag value and variance:  7.054775098344183E-003  7.460765224312660E-006
   17  0.7062236E-02  0.7628683E-03  0.4937817E-05  0.5119256E-01  0.1442922E-05
 Calc con  1.247316523128658E-003  1.246066336102064E-003
  9.993860010276330E-003  9.992956666160917E-003  9.992111039430002E-003
  9.991289886038450E-003  9.990318600768185E-003  9.984792740201946E-003
  9.987631157938468E-003  9.993454678623337E-003  9.998876369902385E-003
  9.999686359152814E-003  1.246656260392915E-003  1.247279187204811E-003
  6.011101907123823E-002  0.600003328278374     
 Design variables:  1.247316523128658E-003  1.246066336102064E-003
  9.993860010276330E-003  9.992956666160917E-003  9.992111039430002E-003
  9.991289886038450E-003  9.990318600768185E-003  9.984792740201946E-003
  9.987631157938468E-003  9.993454678623337E-003  9.998876369902385E-003
  9.999686359152814E-003  1.246656260392915E-003  1.247279187204811E-003
  6.011101907123823E-002  0.600003328278374     
 Constraint value, mean lift and its standard deviation:  5.650647890505234E-005
  0.843353282763603       2.170489462125384E-002
 Calc obj  1.247316523128658E-003  1.246066336102064E-003
  9.993860010276330E-003  9.992956666160917E-003  9.992111039430002E-003
  9.991289886038450E-003  9.990318600768185E-003  9.984792740201946E-003
  9.987631157938468E-003  9.993454678623337E-003  9.998876369902385E-003
  9.999686359152814E-003  1.246656260392915E-003  1.247279187204811E-003
  6.011101907123823E-002  0.600003328278374     
 
 Problem in epistemic optimization!
 
 STOP: TOTAL NO. of f EVALUATIONS EXCEEDS LIMIT              
 
rank 0 in job 46  cfd1_38995   caused collective abort of all ranks
  exit status of rank 0: return code 0 
