 >> Number of Processors =   1
 Calc con  0.000000000000000E+000  0.000000000000000E+000
  0.000000000000000E+000  0.000000000000000E+000  0.000000000000000E+000
  0.000000000000000E+000  0.000000000000000E+000  0.000000000000000E+000
  0.000000000000000E+000  0.000000000000000E+000  0.000000000000000E+000
  0.000000000000000E+000  0.000000000000000E+000  0.000000000000000E+000
  3.490658503988659E-002  0.615000000000000     
 Design variables:  0.000000000000000E+000  0.000000000000000E+000
  0.000000000000000E+000  0.000000000000000E+000  0.000000000000000E+000
  0.000000000000000E+000  0.000000000000000E+000  0.000000000000000E+000
  0.000000000000000E+000  0.000000000000000E+000  0.000000000000000E+000
  0.000000000000000E+000  0.000000000000000E+000  0.000000000000000E+000
  3.490658503988659E-002  0.615000000000000     
 Constraint value, mean lift and its standard deviation:  0.688513152187248     
  0.176039722195225       1.613821859561827E-002
 Calc obj  0.000000000000000E+000  0.000000000000000E+000
  0.000000000000000E+000  0.000000000000000E+000  0.000000000000000E+000
  0.000000000000000E+000  0.000000000000000E+000  0.000000000000000E+000
  0.000000000000000E+000  0.000000000000000E+000  0.000000000000000E+000
  0.000000000000000E+000  0.000000000000000E+000  0.000000000000000E+000
  3.490658503988659E-002  0.615000000000000     
 Design variables:  0.000000000000000E+000  0.000000000000000E+000
  0.000000000000000E+000  0.000000000000000E+000  0.000000000000000E+000
  0.000000000000000E+000  0.000000000000000E+000  0.000000000000000E+000
  0.000000000000000E+000  0.000000000000000E+000  0.000000000000000E+000
  0.000000000000000E+000  0.000000000000000E+000  0.000000000000000E+000
  3.490658503988659E-002  0.615000000000000     
 Mean drag value and variance:  7.674624461327452E-004  2.832472738711886E-009
 
 iter    objective      ||grad||        inf_pr          inf_du         lg(mu)
    0  0.7674653E-03  0.0000000E+00  0.6985131E+00  0.9959432E+00  0.1000000E+01
 Calc con  1.228050875982824E-003  8.718462492367935E-004
  4.916157681314596E-003  4.367330848673581E-003  3.899171829178657E-003
  3.466639745315392E-003  3.007277843257018E-003  3.711532904775323E-003
  4.081291459519296E-003  4.410253594534667E-003  4.779516156524323E-003
  5.251571398521035E-003  8.975450602495362E-004  1.237509900000000E-003
  6.726101599260964E-002  0.640115709178977     
 Design variables:  1.228050875982824E-003  8.718462492367935E-004
  4.916157681314596E-003  4.367330848673581E-003  3.899171829178657E-003
  3.466639745315392E-003  3.007277843257018E-003  3.711532904775323E-003
  4.081291459519296E-003  4.410253594534667E-003  4.779516156524323E-003
  5.251571398521035E-003  8.975450602495362E-004  1.237509900000000E-003
  6.726101599260964E-002  0.640115709178977     
 Constraint value, mean lift and its standard deviation:  0.164820816074423     
  0.712342706795118       1.929088071738538E-002
 Calc obj  1.228050875982824E-003  8.718462492367935E-004
  4.916157681314596E-003  4.367330848673581E-003  3.899171829178657E-003
  3.466639745315392E-003  3.007277843257018E-003  3.711532904775323E-003
  4.081291459519296E-003  4.410253594534667E-003  4.779516156524323E-003
  5.251571398521035E-003  8.975450602495362E-004  1.237509900000000E-003
  6.726101599260964E-002  0.640115709178977     
 Design variables:  1.228050875982824E-003  8.718462492367935E-004
  4.916157681314596E-003  4.367330848673581E-003  3.899171829178657E-003
  3.466639745315392E-003  3.007277843257018E-003  3.711532904775323E-003
  4.081291459519296E-003  4.410253594534667E-003  4.779516156524323E-003
  5.251571398521035E-003  8.975450602495362E-004  1.237509900000000E-003
  6.726101599260964E-002  0.640115709178977     
 Mean drag value and variance:  1.086820319492843E-002  1.371425650926227E-005
    1  0.1088192E-01  0.4755588E-01  0.2028089E+00  0.1149930E+01  0.4423846E-01
 Calc con  1.031090642699038E-003  7.603886462640760E-004
  6.143885842224759E-003  5.567886874890278E-003  5.049113408350988E-003
  4.550940375646618E-003  4.000842778100599E-003  3.511198997908148E-003
  4.836432005890448E-003  6.387322516197700E-003  7.391640317542703E-003
  7.596006779159784E-003  7.829570387541810E-004  1.037719200112610E-003
  6.978765843890154E-002  0.662901396601893     
 Design variables:  1.031090642699038E-003  7.603886462640760E-004
  6.143885842224759E-003  5.567886874890278E-003  5.049113408350988E-003
  4.550940375646618E-003  4.000842778100599E-003  3.511198997908148E-003
  4.836432005890448E-003  6.387322516197700E-003  7.391640317542703E-003
  7.596006779159784E-003  7.829570387541810E-004  1.037719200112610E-003
  6.978765843890154E-002  0.662901396601893     
 Constraint value, mean lift and its standard deviation:  2.500091356768987E-002
  0.831179294530821       1.404505202462772E-002
 Calc obj  1.031090642699038E-003  7.603886462640760E-004
  6.143885842224759E-003  5.567886874890278E-003  5.049113408350988E-003
  4.550940375646618E-003  4.000842778100599E-003  3.511198997908148E-003
  4.836432005890448E-003  6.387322516197700E-003  7.391640317542703E-003
  7.596006779159784E-003  7.829570387541810E-004  1.037719200112610E-003
  6.978765843890154E-002  0.662901396601893     
 Design variables:  1.031090642699038E-003  7.603886462640760E-004
  6.143885842224759E-003  5.567886874890278E-003  5.049113408350988E-003
  4.550940375646618E-003  4.000842778100599E-003  3.511198997908148E-003
  4.836432005890448E-003  6.387322516197700E-003  7.391640317542703E-003
  7.596006779159784E-003  7.829570387541810E-004  1.037719200112610E-003
  6.978765843890154E-002  0.662901396601893     
 Mean drag value and variance:  2.543059246202749E-002  3.871291064260884E-005
    2  0.2546931E-01  0.5123974E-01  0.2540854E-01  0.3436249E+01  0.9271526E-02
 Calc con  8.929381272683667E-004  6.715060228013399E-004
  6.889999303772359E-003  6.406872976644424E-003  5.947388019797905E-003
  5.482312766935504E-003  4.937226782010203E-003  2.561286399892057E-003
  4.898609016092481E-003  7.065484323984707E-003  8.078287531477650E-003
  8.271089620354118E-003  6.943638873932148E-004  8.957728369152439E-004
  6.912138853000471E-002  0.650200821917515     
 Design variables:  8.929381272683667E-004  6.715060228013399E-004
  6.889999303772359E-003  6.406872976644424E-003  5.947388019797905E-003
  5.482312766935504E-003  4.937226782010203E-003  2.561286399892057E-003
  4.898609016092481E-003  7.065484323984707E-003  8.078287531477650E-003
  8.271089620354118E-003  6.943638873932148E-004  8.957728369152439E-004
  6.912138853000471E-002  0.650200821917515     
 Constraint value, mean lift and its standard deviation:  6.704441365427281E-002
  0.826737992911266       2.344560164138473E-002
 Calc obj  8.929381272683667E-004  6.715060228013399E-004
  6.889999303772359E-003  6.406872976644424E-003  5.947388019797905E-003
  5.482312766935504E-003  4.937226782010203E-003  2.561286399892057E-003
  4.898609016092481E-003  7.065484323984707E-003  8.078287531477650E-003
  8.271089620354118E-003  6.943638873932148E-004  8.957728369152439E-004
  6.912138853000471E-002  0.650200821917515     
 Design variables:  8.929381272683667E-004  6.715060228013399E-004
  6.889999303772359E-003  6.406872976644424E-003  5.947388019797905E-003
  5.482312766935504E-003  4.937226782010203E-003  2.561286399892057E-003
  4.898609016092481E-003  7.065484323984707E-003  8.078287531477650E-003
  8.271089620354118E-003  6.943638873932148E-004  8.957728369152439E-004
  6.912138853000471E-002  0.650200821917515     
 Mean drag value and variance:  1.689125923688118E-002  3.556234833386121E-005
    3  0.1692682E-01  0.1270057E-01  0.7322962E-01  0.1452738E+01  0.3934573E-02
 Calc con  1.008232431813444E-003  8.401308460370000E-004
  9.260393684959612E-003  9.030617464089830E-003  8.770838320892475E-003
  8.465568058141529E-003  8.044318264865780E-003  1.542978924448620E-003
  4.357912638927897E-003  8.259084380118867E-003  9.439891817388225E-003
  9.765819960690106E-003  8.823133389886682E-004  1.007205180862334E-003
  6.930107759052746E-002  0.643943670946355     
 Design variables:  1.008232431813444E-003  8.401308460370000E-004
  9.260393684959612E-003  9.030617464089830E-003  8.770838320892475E-003
  8.465568058141529E-003  8.044318264865780E-003  1.542978924448620E-003
  4.357912638927897E-003  8.259084380118867E-003  9.439891817388225E-003
  9.765819960690106E-003  8.823133389886682E-004  1.007205180862334E-003
  6.930107759052746E-002  0.643943670946355     
 Constraint value, mean lift and its standard deviation:  9.146272220978399E-003
  0.891054942620627       2.505030371040140E-002
 Calc obj  1.008232431813444E-003  8.401308460370000E-004
  9.260393684959612E-003  9.030617464089830E-003  8.770838320892475E-003
  8.465568058141529E-003  8.044318264865780E-003  1.542978924448620E-003
  4.357912638927897E-003  8.259084380118867E-003  9.439891817388225E-003
  9.765819960690106E-003  8.823133389886682E-004  1.007205180862334E-003
  6.930107759052746E-002  0.643943670946355     
 Design variables:  1.008232431813444E-003  8.401308460370000E-004
  9.260393684959612E-003  9.030617464089830E-003  8.770838320892475E-003
  8.465568058141529E-003  8.044318264865780E-003  1.542978924448620E-003
  4.357912638927897E-003  8.259084380118867E-003  9.439891817388225E-003
  9.765819960690106E-003  8.823133389886682E-004  1.007205180862334E-003
  6.930107759052746E-002  0.643943670946355     
 Mean drag value and variance:  1.528177237378205E-002  2.489370658182341E-005
    4  0.1530667E-01  0.6257151E-02  0.1074815E-01  0.1809417E+01  0.6720450E-03
 Calc con  1.018618333290597E-003  8.808567081647781E-004
  9.344601399111131E-003  9.177576619764864E-003  8.998629081730622E-003
  8.801508228977959E-003  8.549180033977475E-003  2.240150421779138E-003
  9.943589026389279E-003  9.302303343096011E-003  9.603992034235103E-003
  9.763759311035304E-003  9.208533272810301E-004  1.020346039227709E-003
  6.952418866627495E-002  0.626035945617547     
 Design variables:  1.018618333290597E-003  8.808567081647781E-004
  9.344601399111131E-003  9.177576619764864E-003  8.998629081730622E-003
  8.801508228977959E-003  8.549180033977475E-003  2.240150421779138E-003
  9.943589026389279E-003  9.302303343096011E-003  9.603992034235103E-003
  9.763759311035304E-003  9.208533272810301E-004  1.020346039227709E-003
  6.952418866627495E-002  0.626035945617547     
 Constraint value, mean lift and its standard deviation: -5.172980856073262E-005
  0.908536398457080       2.712116716212984E-002
 Calc obj  1.018618333290597E-003  8.808567081647781E-004
  9.344601399111131E-003  9.177576619764864E-003  8.998629081730622E-003
  8.801508228977959E-003  8.549180033977475E-003  2.240150421779138E-003
  9.943589026389279E-003  9.302303343096011E-003  9.603992034235103E-003
  9.763759311035304E-003  9.208533272810301E-004  1.020346039227709E-003
  6.952418866627495E-002  0.626035945617547     
 Design variables:  1.018618333290597E-003  8.808567081647781E-004
  9.344601399111131E-003  9.177576619764864E-003  8.998629081730622E-003
  8.801508228977959E-003  8.549180033977475E-003  2.240150421779138E-003
  9.943589026389279E-003  9.302303343096011E-003  9.603992034235103E-003
  9.763759311035304E-003  9.208533272810301E-004  1.020346039227709E-003
  6.952418866627495E-002  0.626035945617547     
 Mean drag value and variance:  1.409389111229403E-002  2.510566651571053E-005
    5  0.1411900E-01  0.1911293E-01  0.1760370E-02  0.6004324E+00  0.3338536E-03
 Calc con  8.847154851709537E-004  7.002422669452107E-004
  8.940022202381791E-003  8.703060759238013E-003  8.460933202937547E-003
  8.210849633855804E-003  7.911639473784910E-003  9.089986025548922E-003
  7.678859348766980E-003  9.393053421885456E-003  9.549939822212028E-003
  9.624571000486755E-003  7.699178902317523E-004  9.072661363477357E-004
  6.954580398730302E-002  0.614188742176745     
 Design variables:  8.847154851709537E-004  7.002422669452107E-004
  8.940022202381791E-003  8.703060759238013E-003  8.460933202937547E-003
  8.210849633855804E-003  7.911639473784910E-003  9.089986025548922E-003
  7.678859348766980E-003  9.393053421885456E-003  9.549939822212028E-003
  9.624571000486755E-003  7.699178902317523E-004  9.072661363477357E-004
  6.954580398730302E-002  0.614188742176745     
 Constraint value, mean lift and its standard deviation: -3.648640766002936E-003
  0.893016506791673       2.234196650641761E-002
 Calc obj  8.847154851709537E-004  7.002422669452107E-004
  8.940022202381791E-003  8.703060759238013E-003  8.460933202937547E-003
  8.210849633855804E-003  7.911639473784910E-003  9.089986025548922E-003
  7.678859348766980E-003  9.393053421885456E-003  9.549939822212028E-003
  9.624571000486755E-003  7.699178902317523E-004  9.072661363477357E-004
  6.954580398730302E-002  0.614188742176745     
 Design variables:  8.847154851709537E-004  7.002422669452107E-004
  8.940022202381791E-003  8.703060759238013E-003  8.460933202937547E-003
  8.210849633855804E-003  7.911639473784910E-003  9.089986025548922E-003
  7.678859348766980E-003  9.393053421885456E-003  9.549939822212028E-003
  9.624571000486755E-003  7.699178902317523E-004  9.072661363477357E-004
  6.954580398730302E-002  0.614188742176745     
 Mean drag value and variance:  1.187106395392522E-002  2.279207313068407E-005
    6  0.1189386E-01  0.1184720E-01  0.1723199E-03  0.1386618E+01  0.2712624E-03
 Calc con  9.122447848003653E-004  7.288863761636861E-004
  9.072601188822069E-003  8.817565647980394E-003  8.492067281406111E-003
  8.190633619552296E-003  7.899285224416268E-003  9.990909760255490E-003
  8.156365565842110E-003  9.496370031163605E-003  9.601218531728161E-003
  9.639840138900464E-003  7.801811537884295E-004  9.310129871277950E-004
  6.957712218971818E-002  0.609474595143157     
 Design variables:  9.122447848003653E-004  7.288863761636861E-004
  9.072601188822069E-003  8.817565647980394E-003  8.492067281406111E-003
  8.190633619552296E-003  7.899285224416268E-003  9.990909760255490E-003
  8.156365565842110E-003  9.496370031163605E-003  9.601218531728161E-003
  9.639840138900464E-003  7.801811537884295E-004  9.310129871277950E-004
  6.957712218971818E-002  0.609474595143157     
 Constraint value, mean lift and its standard deviation: -6.870709488229737E-003
  0.895372821806616       2.212552807959665E-002
 Calc obj  9.122447848003653E-004  7.288863761636861E-004
  9.072601188822069E-003  8.817565647980394E-003  8.492067281406111E-003
  8.190633619552296E-003  7.899285224416268E-003  9.990909760255490E-003
  8.156365565842110E-003  9.496370031163605E-003  9.601218531728161E-003
  9.639840138900464E-003  7.801811537884295E-004  9.310129871277950E-004
  6.957712218971818E-002  0.609474595143157     
 Design variables:  9.122447848003653E-004  7.288863761636861E-004
  9.072601188822069E-003  8.817565647980394E-003  8.492067281406111E-003
  8.190633619552296E-003  7.899285224416268E-003  9.990909760255490E-003
  8.156365565842110E-003  9.496370031163605E-003  9.601218531728161E-003
  9.639840138900464E-003  7.801811537884295E-004  9.310129871277950E-004
  6.957712218971818E-002  0.609474595143157     
 Mean drag value and variance:  1.130985538365961E-002  1.587510629995589E-005
    7  0.1132573E-01  0.3031094E-01  0.3172053E-02  0.1289354E+01  0.5463625E-04
 Calc con  1.013603233624531E-003  9.246255996728406E-004
  9.207647880706171E-003  8.976700142225598E-003  8.584971756672716E-003
  8.142763454371208E-003  7.775364636624258E-003  9.846519569301248E-003
  9.014480604661613E-003  9.574725118871558E-003  9.658679323939458E-003
  9.688406940397907E-003  9.301990026374814E-004  1.012762899023305E-003
  6.965588560460846E-002  0.600094736051431     
 Design variables:  1.013603233624531E-003  9.246255996728406E-004
  9.207647880706171E-003  8.976700142225598E-003  8.584971756672716E-003
  8.142763454371208E-003  7.775364636624258E-003  9.846519569301248E-003
  9.014480604661613E-003  9.574725118871558E-003  9.658679323939458E-003
  9.688406940397907E-003  9.301990026374814E-004  1.012762899023305E-003
  6.965588560460846E-002  0.600094736051431     
 Constraint value, mean lift and its standard deviation: -3.476556585829932E-003
  0.892204816033863       2.218206486200838E-002
 Calc obj  1.013603233624531E-003  9.246255996728406E-004
  9.207647880706171E-003  8.976700142225598E-003  8.584971756672716E-003
  8.142763454371208E-003  7.775364636624258E-003  9.846519569301248E-003
  9.014480604661613E-003  9.574725118871558E-003  9.658679323939458E-003
  9.688406940397907E-003  9.301990026374814E-004  1.012762899023305E-003
  6.965588560460846E-002  0.600094736051431     
 Design variables:  1.013603233624531E-003  9.246255996728406E-004
  9.207647880706171E-003  8.976700142225598E-003  8.584971756672716E-003
  8.142763454371208E-003  7.775364636624258E-003  9.846519569301248E-003
  9.014480604661613E-003  9.574725118871558E-003  9.658679323939458E-003
  9.688406940397907E-003  9.301990026374814E-004  1.012762899023305E-003
  6.965588560460846E-002  0.600094736051431     
 Mean drag value and variance:  8.655863606643005E-003  1.096199021546645E-005
    8  0.8666826E-02  0.9415747E-02  0.8803119E-03  0.8129877E+00  0.7954108E-04
 Calc con  9.454627795778777E-004  8.235554787814083E-004
  9.131397799217005E-003  8.984100560644612E-003  8.877335717389976E-003
  8.810350027239842E-003  8.664581249544326E-003  9.592551359286050E-003
  8.874941811187814E-003  9.447736173180451E-003  9.616127162337444E-003
  9.644459171418419E-003  8.512851117699209E-004  9.487410257673586E-004
  6.953691240629502E-002  0.601191361205873     
 Design variables:  9.454627795778777E-004  8.235554787814083E-004
  9.131397799217005E-003  8.984100560644612E-003  8.877335717389976E-003
  8.810350027239842E-003  8.664581249544326E-003  9.592551359286050E-003
  8.874941811187814E-003  9.447736173180451E-003  9.616127162337444E-003
  9.644459171418419E-003  8.512851117699209E-004  9.487410257673586E-004
  6.953691240629502E-002  0.601191361205873     
 Constraint value, mean lift and its standard deviation: -3.051799862619067E-003
  0.891686542502310       2.215868565992274E-002
 Calc obj  9.454627795778777E-004  8.235554787814083E-004
  9.131397799217005E-003  8.984100560644612E-003  8.877335717389976E-003
  8.810350027239842E-003  8.664581249544326E-003  9.592551359286050E-003
  8.874941811187814E-003  9.447736173180451E-003  9.616127162337444E-003
  9.644459171418419E-003  8.512851117699209E-004  9.487410257673586E-004
  6.953691240629502E-002  0.601191361205873     
 Design variables:  9.454627795778777E-004  8.235554787814083E-004
  9.131397799217005E-003  8.984100560644612E-003  8.877335717389976E-003
  8.810350027239842E-003  8.664581249544326E-003  9.592551359286050E-003
  8.874941811187814E-003  9.447736173180451E-003  9.616127162337444E-003
  9.644459171418419E-003  8.512851117699209E-004  9.487410257673586E-004
  6.953691240629502E-002  0.601191361205873     
 Mean drag value and variance:  8.491266195068268E-003  8.684481832007277E-006
    9  0.8499951E-02  0.1096625E-02  0.3676617E-03  0.6057237E-01  0.8093846E-04
 Calc con  1.024007177700036E-003  9.160508223979277E-004
  9.313456801249176E-003  9.172542959374018E-003  9.060747252669629E-003
  8.983320278378870E-003  8.850280784601627E-003  9.548244080639236E-003
  9.007200482960805E-003  9.579787743080208E-003  9.773220356763574E-003
  9.804517402028813E-003  9.410039716255440E-004  1.034169603255987E-003
  6.860688663888803E-002  0.600171042268729     
 Design variables:  1.024007177700036E-003  9.160508223979277E-004
  9.313456801249176E-003  9.172542959374018E-003  9.060747252669629E-003
  8.983320278378870E-003  8.850280784601627E-003  9.548244080639236E-003
  9.007200482960805E-003  9.579787743080208E-003  9.773220356763574E-003
  9.804517402028813E-003  9.410039716255440E-004  1.034169603255987E-003
  6.860688663888803E-002  0.600171042268729     
 Constraint value, mean lift and its standard deviation: -8.747181329525761E-004
  0.890051036358759       2.229407955645163E-002
 Calc obj  1.024007177700036E-003  9.160508223979277E-004
  9.313456801249176E-003  9.172542959374018E-003  9.060747252669629E-003
  8.983320278378870E-003  8.850280784601627E-003  9.548244080639236E-003
  9.007200482960805E-003  9.579787743080208E-003  9.773220356763574E-003
  9.804517402028813E-003  9.410039716255440E-004  1.034169603255987E-003
  6.860688663888803E-002  0.600171042268729     
 Design variables:  1.024007177700036E-003  9.160508223979277E-004
  9.313456801249176E-003  9.172542959374018E-003  9.060747252669629E-003
  8.983320278378870E-003  8.850280784601627E-003  9.548244080639236E-003
  9.007200482960805E-003  9.579787743080208E-003  9.773220356763574E-003
  9.804517402028813E-003  9.410039716255440E-004  1.034169603255987E-003
  6.860688663888803E-002  0.600171042268729     
 Mean drag value and variance:  8.306948785450274E-003  1.007021115810458E-005
   10  0.8317019E-02  0.1026978E-02  0.7824416E-03  0.2046075E+00  0.7816974E-05
 Calc con  1.136234707574924E-003  1.071665647002925E-003
  9.555688844699848E-003  9.413769221526331E-003  9.268090934124784E-003
  9.141995264581719E-003  9.002074702120612E-003  9.646451702866543E-003
  9.048441964404019E-003  9.717617850717165E-003  9.906278044475339E-003
  9.929740505650755E-003  1.087760990335741E-003  1.146951441517098E-003
  6.747804504526585E-002  0.600001861275117     
 Design variables:  1.136234707574924E-003  1.071665647002925E-003
  9.555688844699848E-003  9.413769221526331E-003  9.268090934124784E-003
  9.141995264581719E-003  9.002074702120612E-003  9.646451702866543E-003
  9.048441964404019E-003  9.717617850717165E-003  9.906278044475339E-003
  9.929740505650755E-003  1.087760990335741E-003  1.146951441517098E-003
  6.747804504526585E-002  0.600001861275117     
 Constraint value, mean lift and its standard deviation:  7.313222338850150E-004
  0.889511290166731       2.256065310015406E-002
 Calc obj  1.136234707574924E-003  1.071665647002925E-003
  9.555688844699848E-003  9.413769221526331E-003  9.268090934124784E-003
  9.141995264581719E-003  9.002074702120612E-003  9.646451702866543E-003
  9.048441964404019E-003  9.717617850717165E-003  9.906278044475339E-003
  9.929740505650755E-003  1.087760990335741E-003  1.146951441517098E-003
  6.747804504526585E-002  0.600001861275117     
 Design variables:  1.136234707574924E-003  1.071665647002925E-003
  9.555688844699848E-003  9.413769221526331E-003  9.268090934124784E-003
  9.141995264581719E-003  9.002074702120612E-003  9.646451702866543E-003
  9.048441964404019E-003  9.717617850717165E-003  9.906278044475339E-003
  9.929740505650755E-003  1.087760990335741E-003  1.146951441517098E-003
  6.747804504526585E-002  0.600001861275117     
 Mean drag value and variance:  8.171633044337831E-003  9.681666707235444E-006
   11  0.8181315E-02  0.1128842E-02  0.1442260E-02  0.2092966E+00  0.7272309E-05
 Calc con  9.081915803201344E-004  7.612550988913102E-004
  9.341393397825774E-003  9.447312624140955E-003  9.646192705502042E-003
  9.801670103552229E-003  9.906445624600189E-003  8.072970992077926E-003
  8.538735885994747E-003  9.219903027357415E-003  9.619575190900150E-003
  9.682035202870464E-003  8.177626864960732E-004  9.129400229504021E-004
  6.978982872942810E-002  0.600144695898124     
 Design variables:  9.081915803201344E-004  7.612550988913102E-004
  9.341393397825774E-003  9.447312624140955E-003  9.646192705502042E-003
  9.801670103552229E-003  9.906445624600189E-003  8.072970992077926E-003
  8.538735885994747E-003  9.219903027357415E-003  9.619575190900150E-003
  9.682035202870464E-003  8.177626864960732E-004  9.129400229504021E-004
  6.978982872942810E-002  0.600144695898124     
 Constraint value, mean lift and its standard deviation: -3.700406076893190E-003
  0.892410304761232       2.217747467108465E-002
 Calc obj  9.081915803201344E-004  7.612550988913102E-004
  9.341393397825774E-003  9.447312624140955E-003  9.646192705502042E-003
  9.801670103552229E-003  9.906445624600189E-003  8.072970992077926E-003
  8.538735885994747E-003  9.219903027357415E-003  9.619575190900150E-003
  9.682035202870464E-003  8.177626864960732E-004  9.129400229504021E-004
  6.978982872942810E-002  0.600144695898124     
 Design variables:  9.081915803201344E-004  7.612550988913102E-004
  9.341393397825774E-003  9.447312624140955E-003  9.646192705502042E-003
  9.801670103552229E-003  9.906445624600189E-003  8.072970992077926E-003
  8.538735885994747E-003  9.219903027357415E-003  9.619575190900150E-003
  9.682035202870464E-003  8.177626864960732E-004  9.129400229504021E-004
  6.978982872942810E-002  0.600144695898124     
 Mean drag value and variance:  7.479286750801341E-003  7.888407291712736E-006
   12  0.7487175E-02  0.3492225E-02  0.1237483E-02  0.7132519E-01  0.6005181E-04
 Calc con  1.049133325895060E-003  9.618449123503059E-004
  9.531003789828333E-003  9.486673247931735E-003  9.455987653941090E-003
  9.415745783311358E-003  9.352358151791348E-003  8.637611249196368E-003
  9.029479485513086E-003  9.545013526418287E-003  9.729865331679860E-003
  9.761684341746844E-003  9.942217964300950E-004  1.048717487378797E-003
  6.835411813458353E-002  0.600186852944261     
 Design variables:  1.049133325895060E-003  9.618449123503059E-004
  9.531003789828333E-003  9.486673247931735E-003  9.455987653941090E-003
  9.415745783311358E-003  9.352358151791348E-003  8.637611249196368E-003
  9.029479485513086E-003  9.545013526418287E-003  9.729865331679860E-003
  9.761684341746844E-003  9.942217964300950E-004  1.048717487378797E-003
  6.835411813458353E-002  0.600186852944261     
 Constraint value, mean lift and its standard deviation: -1.520423590419318E-003
  0.889717115107758       2.204917287933454E-002
 Calc obj  1.049133325895060E-003  9.618449123503059E-004
  9.531003789828333E-003  9.486673247931735E-003  9.455987653941090E-003
  9.415745783311358E-003  9.352358151791348E-003  8.637611249196368E-003
  9.029479485513086E-003  9.545013526418287E-003  9.729865331679860E-003
  9.761684341746844E-003  9.942217964300950E-004  1.048717487378797E-003
  6.835411813458353E-002  0.600186852944261     
 Design variables:  1.049133325895060E-003  9.618449123503059E-004
  9.531003789828333E-003  9.486673247931735E-003  9.455987653941090E-003
  9.415745783311358E-003  9.352358151791348E-003  8.637611249196368E-003
  9.029479485513086E-003  9.545013526418287E-003  9.729865331679860E-003
  9.761684341746844E-003  9.942217964300950E-004  1.048717487378797E-003
  6.835411813458353E-002  0.600186852944261     
 Mean drag value and variance:  7.808405570001138E-003  8.842855598842780E-006
   13  0.7817248E-02  0.1435711E-02  0.3375054E-04  0.2068390E-01  0.4528673E-04
 Calc con  1.227888501031722E-003  1.207420777944340E-003
  9.970063401376317E-003  9.954327538943996E-003  9.931181720548200E-003
  9.904377782215867E-003  9.867495117773151E-003  9.668584200841957E-003
  9.860082509210279E-003  9.989299797845300E-003  9.997308553316799E-003
  9.995863274593007E-003  1.215695004539668E-003  1.227975522663401E-003
  6.496546243615123E-002  0.600019451729153     
 Design variables:  1.227888501031722E-003  1.207420777944340E-003
  9.970063401376317E-003  9.954327538943996E-003  9.931181720548200E-003
  9.904377782215867E-003  9.867495117773151E-003  9.668584200841957E-003
  9.860082509210279E-003  9.989299797845300E-003  9.997308553316799E-003
  9.995863274593007E-003  1.215695004539668E-003  1.227975522663401E-003
  6.496546243615123E-002  0.600019451729153     
 Constraint value, mean lift and its standard deviation:  3.760784051868638E-003
  0.885650953255993       2.235293432696531E-002
 Calc obj  1.227888501031722E-003  1.207420777944340E-003
  9.970063401376317E-003  9.954327538943996E-003  9.931181720548200E-003
  9.904377782215867E-003  9.867495117773151E-003  9.668584200841957E-003
  9.860082509210279E-003  9.989299797845300E-003  9.997308553316799E-003
  9.995863274593007E-003  1.215695004539668E-003  1.227975522663401E-003
  6.496546243615123E-002  0.600019451729153     
 Design variables:  1.227888501031722E-003  1.207420777944340E-003
  9.970063401376317E-003  9.954327538943996E-003  9.931181720548200E-003
  9.904377782215867E-003  9.867495117773151E-003  9.668584200841957E-003
  9.860082509210279E-003  9.989299797845300E-003  9.997308553316799E-003
  9.995863274593007E-003  1.215695004539668E-003  1.227975522663401E-003
  6.496546243615123E-002  0.600019451729153     
 Mean drag value and variance:  8.262318007748532E-003  1.032412412181556E-005
 Calc con  1.227179228953374E-003  1.206326253749920E-003
  9.968369090740899E-003  9.953504777056289E-003  9.932096591776924E-003
  9.907277371711829E-003  9.872993820841636E-003  9.582000880906631E-003
  9.826698797999224E-003  9.984663497051946E-003  9.997308553316799E-003
  9.996337443695037E-003  1.214877478333290E-003  1.227298670871510E-003
  6.545383782288858E-002  0.600020137018677     
 Design variables:  1.227179228953374E-003  1.206326253749920E-003
  9.968369090740899E-003  9.953504777056289E-003  9.932096591776924E-003
  9.907277371711829E-003  9.872993820841636E-003  9.582000880906631E-003
  9.826698797999224E-003  9.984663497051946E-003  9.997308553316799E-003
  9.996337443695037E-003  1.214877478333290E-003  1.227298670871510E-003
  6.545383782288858E-002  0.600020137018677     
 Constraint value, mean lift and its standard deviation: -1.070620930303301E-003
  0.889533822536539       2.211580040155886E-002
 Calc obj  1.227179228953374E-003  1.206326253749920E-003
  9.968369090740899E-003  9.953504777056289E-003  9.932096591776924E-003
  9.907277371711829E-003  9.872993820841636E-003  9.582000880906631E-003
  9.826698797999224E-003  9.984663497051946E-003  9.997308553316799E-003
  9.996337443695037E-003  1.214877478333290E-003  1.227298670871510E-003
  6.545383782288858E-002  0.600020137018677     
 Design variables:  1.227179228953374E-003  1.206326253749920E-003
  9.968369090740899E-003  9.953504777056289E-003  9.932096591776924E-003
  9.907277371711829E-003  9.872993820841636E-003  9.582000880906631E-003
  9.826698797999224E-003  9.984663497051946E-003  9.997308553316799E-003
  9.996337443695037E-003  1.214877478333290E-003  1.227298670871510E-003
  6.545383782288858E-002  0.600020137018677     
 Mean drag value and variance:  8.395160845783069E-003  1.070970206638957E-005
 Calc con  1.227380888371179E-003  1.206637447604238E-003
  9.968850815183113E-003  9.953738703765563E-003  9.931836476646238E-003
  9.906452963776593E-003  9.871430435938539E-003  9.606618150390184E-003
  9.836190416198405E-003  9.985981684736620E-003  9.997308553316799E-003
  9.996202628483815E-003  1.215109916439698E-003  1.227491112590929E-003
  6.531498349721213E-002  0.600019942177951     
 Design variables:  1.227380888371179E-003  1.206637447604238E-003
  9.968850815183113E-003  9.953738703765563E-003  9.931836476646238E-003
  9.906452963776593E-003  9.871430435938539E-003  9.606618150390184E-003
  9.836190416198405E-003  9.985981684736620E-003  9.997308553316799E-003
  9.996202628483815E-003  1.215109916439698E-003  1.227491112590929E-003
  6.531498349721213E-002  0.600019942177951     
 Constraint value, mean lift and its standard deviation:  4.392559909981025E-004
  0.888656416365206       2.227391808905095E-002
 Calc obj  1.227380888371179E-003  1.206637447604238E-003
  9.968850815183113E-003  9.953738703765563E-003  9.931836476646238E-003
  9.906452963776593E-003  9.871430435938539E-003  9.606618150390184E-003
  9.836190416198405E-003  9.985981684736620E-003  9.997308553316799E-003
  9.996202628483815E-003  1.215109916439698E-003  1.227491112590929E-003
  6.531498349721213E-002  0.600019942177951     
 Design variables:  1.227380888371179E-003  1.206637447604238E-003
  9.968850815183113E-003  9.953738703765563E-003  9.931836476646238E-003
  9.906452963776593E-003  9.871430435938539E-003  9.606618150390184E-003
  9.836190416198405E-003  9.985981684736620E-003  9.997308553316799E-003
  9.996202628483815E-003  1.215109916439698E-003  1.227491112590929E-003
  6.531498349721213E-002  0.600019942177951     
 Mean drag value and variance:  8.355278611010007E-003  1.029665461395953E-005
 Calc con  1.227298390188307E-003  1.206510139255430E-003
  9.968653743350016E-003  9.953643005143349E-003  9.931942888862701E-003
  9.906790226262735E-003  9.872070011392240E-003  9.596547309058887E-003
  9.832307427432123E-003  9.985442418632143E-003  9.997308553316799E-003
  9.996257780928816E-003  1.215014826799860E-003  1.227412385337158E-003
  6.537178833021710E-002  0.600020021886630     
 Design variables:  1.227298390188307E-003  1.206510139255430E-003
  9.968653743350016E-003  9.953643005143349E-003  9.931942888862701E-003
  9.906790226262735E-003  9.872070011392240E-003  9.596547309058887E-003
  9.832307427432123E-003  9.985442418632143E-003  9.997308553316799E-003
  9.996257780928816E-003  1.215014826799860E-003  1.227412385337158E-003
  6.537178833021710E-002  0.600020021886630     
 Constraint value, mean lift and its standard deviation:  9.337622750606178E-004
  0.888966638249108       2.247510013104204E-002
 Calc obj  1.227298390188307E-003  1.206510139255430E-003
  9.968653743350016E-003  9.953643005143349E-003  9.931942888862701E-003
  9.906790226262735E-003  9.872070011392240E-003  9.596547309058887E-003
  9.832307427432123E-003  9.985442418632143E-003  9.997308553316799E-003
  9.996257780928816E-003  1.215014826799860E-003  1.227412385337158E-003
  6.537178833021710E-002  0.600020021886630     
 Design variables:  1.227298390188307E-003  1.206510139255430E-003
  9.968653743350016E-003  9.953643005143349E-003  9.931942888862701E-003
  9.906790226262735E-003  9.872070011392240E-003  9.596547309058887E-003
  9.832307427432123E-003  9.985442418632143E-003  9.997308553316799E-003
  9.996257780928816E-003  1.215014826799860E-003  1.227412385337158E-003
  6.537178833021710E-002  0.600020021886630     
 Mean drag value and variance:  8.367362424248544E-003  1.046956527360274E-005
 Calc con  1.138510913463391E-003  1.084632845147323E-003
  9.750533595602325E-003  9.720500393437866E-003  9.693584687244645E-003
  9.660061782763612E-003  9.609926634782249E-003  9.153097725019163E-003
  9.444780997361683E-003  9.767156662131793E-003  9.863586942498330E-003
  9.878773808169925E-003  1.104958400484882E-003  1.138346505021099E-003
  6.665979028536738E-002  0.600103152336707     
 Design variables:  1.138510913463391E-003  1.084632845147323E-003
  9.750533595602325E-003  9.720500393437866E-003  9.693584687244645E-003
  9.660061782763612E-003  9.609926634782249E-003  9.153097725019163E-003
  9.444780997361683E-003  9.767156662131793E-003  9.863586942498330E-003
  9.878773808169925E-003  1.104958400484882E-003  1.138346505021099E-003
  6.665979028536738E-002  0.600103152336707     
 Constraint value, mean lift and its standard deviation:  8.360422924294231E-004
  0.887628815579991       2.211621446810508E-002
 Calc obj  1.138510913463391E-003  1.084632845147323E-003
  9.750533595602325E-003  9.720500393437866E-003  9.693584687244645E-003
  9.660061782763612E-003  9.609926634782249E-003  9.153097725019163E-003
  9.444780997361683E-003  9.767156662131793E-003  9.863586942498330E-003
  9.878773808169925E-003  1.104958400484882E-003  1.138346505021099E-003
  6.665979028536738E-002  0.600103152336707     
 Design variables:  1.138510913463391E-003  1.084632845147323E-003
  9.750533595602325E-003  9.720500393437866E-003  9.693584687244645E-003
  9.660061782763612E-003  9.609926634782249E-003  9.153097725019163E-003
  9.444780997361683E-003  9.767156662131793E-003  9.863586942498330E-003
  9.878773808169925E-003  1.104958400484882E-003  1.138346505021099E-003
  6.665979028536738E-002  0.600103152336707     
 Mean drag value and variance:  8.032922073895362E-003  9.500921338824475E-006
 Calc con  1.093822119679225E-003  1.023238878748814E-003
  9.640768692715329E-003  9.603586820684800E-003  9.574786170592866E-003
  9.537903783037486E-003  9.481142393286799E-003  8.895354487107765E-003
  9.237130241437385E-003  9.656085094275041E-003  9.796726137089094E-003
  9.820229074958385E-003  1.049590098457488E-003  1.093531996199948E-003
  6.750695420997546E-002  0.600145002640484     
 Design variables:  1.093822119679225E-003  1.023238878748814E-003
  9.640768692715329E-003  9.603586820684800E-003  9.574786170592866E-003
  9.537903783037486E-003  9.481142393286799E-003  8.895354487107765E-003
  9.237130241437385E-003  9.656085094275041E-003  9.796726137089094E-003
  9.820229074958385E-003  1.049590098457488E-003  1.093531996199948E-003
  6.750695420997546E-002  0.600145002640484     
 Constraint value, mean lift and its standard deviation:  5.901074899827830E-005
  0.888676854279228       2.218396625705665E-002
 Calc obj  1.093822119679225E-003  1.023238878748814E-003
  9.640768692715329E-003  9.603586820684800E-003  9.574786170592866E-003
  9.537903783037486E-003  9.481142393286799E-003  8.895354487107765E-003
  9.237130241437385E-003  9.656085094275041E-003  9.796726137089094E-003
  9.820229074958385E-003  1.049590098457488E-003  1.093531996199948E-003
  6.750695420997546E-002  0.600145002640484     
 Design variables:  1.093822119679225E-003  1.023238878748814E-003
  9.640768692715329E-003  9.603586820684800E-003  9.574786170592866E-003
  9.537903783037486E-003  9.481142393286799E-003  8.895354487107765E-003
  9.237130241437385E-003  9.656085094275041E-003  9.796726137089094E-003
  9.820229074958385E-003  1.049590098457488E-003  1.093531996199948E-003
  6.750695420997546E-002  0.600145002640484     
 Mean drag value and variance:  7.969895981060583E-003  9.278385993849027E-006
 Calc con  1.071477722787143E-003  9.925418955495601E-004
  9.585886241271831E-003  9.545130034308269E-003  9.515386912266978E-003
  9.476824783174421E-003  9.416750272539074E-003  8.766482868152067E-003
  9.133304863475236E-003  9.600549310346663E-003  9.763295734384477E-003
  9.790956708352614E-003  1.021905947443792E-003  1.071124741789372E-003
  6.793053617227950E-002  0.600165927792372     
 Design variables:  1.071477722787143E-003  9.925418955495601E-004
  9.585886241271831E-003  9.545130034308269E-003  9.515386912266978E-003
  9.476824783174421E-003  9.416750272539074E-003  8.766482868152067E-003
  9.133304863475236E-003  9.600549310346663E-003  9.763295734384477E-003
  9.790956708352614E-003  1.021905947443792E-003  1.071124741789372E-003
  6.793053617227950E-002  0.600165927792372     
 Constraint value, mean lift and its standard deviation: -2.831868717366320E-004
  0.889234618444620       2.223785789322076E-002
 Calc obj  1.071477722787143E-003  9.925418955495601E-004
  9.585886241271831E-003  9.545130034308269E-003  9.515386912266978E-003
  9.476824783174421E-003  9.416750272539074E-003  8.766482868152067E-003
  9.133304863475236E-003  9.600549310346663E-003  9.763295734384477E-003
  9.790956708352614E-003  1.021905947443792E-003  1.071124741789372E-003
  6.793053617227950E-002  0.600165927792372     
 Design variables:  1.071477722787143E-003  9.925418955495601E-004
  9.585886241271831E-003  9.545130034308269E-003  9.515386912266978E-003
  9.476824783174421E-003  9.416750272539074E-003  8.766482868152067E-003
  9.133304863475236E-003  9.600549310346663E-003  9.763295734384477E-003
  9.790956708352614E-003  1.021905947443792E-003  1.071124741789372E-003
  6.793053617227950E-002  0.600165927792372     
 Mean drag value and variance:  7.916488051342681E-003  9.889966337412514E-006
 Calc con  1.060305524341101E-003  9.771934039499331E-004
  9.558445015550081E-003  9.515901641120001E-003  9.485687283104035E-003
  9.446285283242890E-003  9.384554212165211E-003  8.702047058674217E-003
  9.081392174494161E-003  9.572781418382475E-003  9.746580533032168E-003
  9.776320525049729E-003  1.008063871936943E-003  1.059921114584084E-003
  6.814232715343151E-002  0.600176390368316     
 Design variables:  1.060305524341101E-003  9.771934039499331E-004
  9.558445015550081E-003  9.515901641120001E-003  9.485687283104035E-003
  9.446285283242890E-003  9.384554212165211E-003  8.702047058674217E-003
  9.081392174494161E-003  9.572781418382475E-003  9.746580533032168E-003
  9.776320525049729E-003  1.008063871936943E-003  1.059921114584084E-003
  6.814232715343151E-002  0.600176390368316     
 Constraint value, mean lift and its standard deviation: -5.746431846670036E-004
  0.889509808255715       2.223379126776188E-002
 Calc obj  1.060305524341101E-003  9.771934039499331E-004
  9.558445015550081E-003  9.515901641120001E-003  9.485687283104035E-003
  9.446285283242890E-003  9.384554212165211E-003  8.702047058674217E-003
  9.081392174494161E-003  9.572781418382475E-003  9.746580533032168E-003
  9.776320525049729E-003  1.008063871936943E-003  1.059921114584084E-003
  6.814232715343151E-002  0.600176390368316     
 Design variables:  1.060305524341101E-003  9.771934039499331E-004
  9.558445015550081E-003  9.515901641120001E-003  9.485687283104035E-003
  9.446285283242890E-003  9.384554212165211E-003  8.702047058674217E-003
  9.081392174494161E-003  9.572781418382475E-003  9.746580533032168E-003
  9.776320525049729E-003  1.008063871936943E-003  1.059921114584084E-003
  6.814232715343151E-002  0.600176390368316     
 Mean drag value and variance:  7.885568651044889E-003  8.889246517666810E-006
 Calc con  1.054719425118080E-003  9.695191581501195E-004
  9.544724402689208E-003  9.501287444525868E-003  9.470837468522562E-003
  9.431015533277125E-003  9.368456181978280E-003  8.669829153935294E-003
  9.055435830003624E-003  9.558897472400381E-003  9.738222932356015E-003
  9.769002433398287E-003  1.001142834183519E-003  1.054319300981440E-003
  6.824822264400753E-002  0.600181621656289     
 Design variables:  1.054719425118080E-003  9.695191581501195E-004
  9.544724402689208E-003  9.501287444525868E-003  9.470837468522562E-003
  9.431015533277125E-003  9.368456181978280E-003  8.669829153935294E-003
  9.055435830003624E-003  9.558897472400381E-003  9.738222932356015E-003
  9.769002433398287E-003  1.001142834183519E-003  1.054319300981440E-003
  6.824822264400753E-002  0.600181621656289     
 Constraint value, mean lift and its standard deviation: -1.031619342058587E-003
  0.889676425434674       2.216120152315380E-002
 Calc obj  1.054719425118080E-003  9.695191581501195E-004
  9.544724402689208E-003  9.501287444525868E-003  9.470837468522562E-003
  9.431015533277125E-003  9.368456181978280E-003  8.669829153935294E-003
  9.055435830003624E-003  9.558897472400381E-003  9.738222932356015E-003
  9.769002433398287E-003  1.001142834183519E-003  1.054319300981440E-003
  6.824822264400753E-002  0.600181621656289     
 Design variables:  1.054719425118080E-003  9.695191581501195E-004
  9.544724402689208E-003  9.501287444525868E-003  9.470837468522562E-003
  9.431015533277125E-003  9.368456181978280E-003  8.669829153935294E-003
  9.055435830003624E-003  9.558897472400381E-003  9.738222932356015E-003
  9.769002433398287E-003  1.001142834183519E-003  1.054319300981440E-003
  6.824822264400753E-002  0.600181621656289     
 Mean drag value and variance:  7.794688457050783E-003  8.358138903162230E-006
   14  0.7803047E-02  0.3445258E-02  0.4108314E-03  0.9648662E-01  0.5541536E-05
 Calc con  1.061623136055958E-003  9.729652055014054E-004
  9.567102479392428E-003  9.550263545953213E-003  9.556624219940246E-003
  9.549866978611012E-003  9.519599195369302E-003  8.523383765837864E-003
  9.024405534211979E-003  9.540778394071097E-003  9.755909424243760E-003
  9.791671783183992E-003  1.008487853399098E-003  1.061091577845337E-003
  6.818699780730303E-002  0.600083855885155     
 Design variables:  1.061623136055958E-003  9.729652055014054E-004
  9.567102479392428E-003  9.550263545953213E-003  9.556624219940246E-003
  9.549866978611012E-003  9.519599195369302E-003  8.523383765837864E-003
  9.024405534211979E-003  9.540778394071097E-003  9.755909424243760E-003
  9.791671783183992E-003  1.008487853399098E-003  1.061091577845337E-003
  6.818699780730303E-002  0.600083855885155     
 Constraint value, mean lift and its standard deviation: -9.539903147378209E-004
  0.889672454122059       2.217961595183017E-002
 Calc obj  1.061623136055958E-003  9.729652055014054E-004
  9.567102479392428E-003  9.550263545953213E-003  9.556624219940246E-003
  9.549866978611012E-003  9.519599195369302E-003  8.523383765837864E-003
  9.024405534211979E-003  9.540778394071097E-003  9.755909424243760E-003
  9.791671783183992E-003  1.008487853399098E-003  1.061091577845337E-003
  6.818699780730303E-002  0.600083855885155     
 Design variables:  1.061623136055958E-003  9.729652055014054E-004
  9.567102479392428E-003  9.550263545953213E-003  9.556624219940246E-003
  9.549866978611012E-003  9.519599195369302E-003  8.523383765837864E-003
  9.024405534211979E-003  9.540778394071097E-003  9.755909424243760E-003
  9.791671783183992E-003  1.008487853399098E-003  1.061091577845337E-003
  6.818699780730303E-002  0.600083855885155     
 Mean drag value and variance:  7.804750495314841E-003  8.075443712153886E-006
   15  0.7812826E-02  0.3980521E-03  0.9040825E-04  0.1191599E+00  0.4971836E-05
 Calc con  1.048298260832454E-003  1.011110088736359E-003
  9.401805755190592E-003  9.245597964452502E-003  9.135797967433464E-003
  9.047716384000969E-003  8.933356120965139E-003  8.579132221173371E-003
  9.547406055373303E-003  9.995417683940711E-003  9.664469412184538E-003
  9.684545886155560E-003  1.007526463852668E-003  1.045480775590020E-003
  6.838925396782433E-002  0.600192396834674     
 Design variables:  1.048298260832454E-003  1.011110088736359E-003
  9.401805755190592E-003  9.245597964452502E-003  9.135797967433464E-003
  9.047716384000969E-003  8.933356120965139E-003  8.579132221173371E-003
  9.547406055373303E-003  9.995417683940711E-003  9.664469412184538E-003
  9.684545886155560E-003  1.007526463852668E-003  1.045480775590020E-003
  6.838925396782433E-002  0.600192396834674     
 Constraint value, mean lift and its standard deviation: -1.158470315078236E-003
  0.890037504166166       2.221975846277188E-002
 Calc obj  1.048298260832454E-003  1.011110088736359E-003
  9.401805755190592E-003  9.245597964452502E-003  9.135797967433464E-003
  9.047716384000969E-003  8.933356120965139E-003  8.579132221173371E-003
  9.547406055373303E-003  9.995417683940711E-003  9.664469412184538E-003
  9.684545886155560E-003  1.007526463852668E-003  1.045480775590020E-003
  6.838925396782433E-002  0.600192396834674     
 Design variables:  1.048298260832454E-003  1.011110088736359E-003
  9.401805755190592E-003  9.245597964452502E-003  9.135797967433464E-003
  9.047716384000969E-003  8.933356120965139E-003  8.579132221173371E-003
  9.547406055373303E-003  9.995417683940711E-003  9.664469412184538E-003
  9.684545886155560E-003  1.007526463852668E-003  1.045480775590020E-003
  6.838925396782433E-002  0.600192396834674     
 Mean drag value and variance:  8.262522965623992E-003  9.015418035645333E-006
 Calc con  1.048741988587935E-003  1.011442630308701E-003
  9.403603772040477E-003  9.248136076127461E-003  9.138949630687551E-003
  9.051324424992183E-003  8.937455308471728E-003  8.625260654375350E-003
  9.551191513885702E-003  9.995417683940711E-003  9.665448982346708E-003
  9.685489237325534E-003  1.007971515021744E-003  1.045935035609712E-003
  6.840317068178062E-002  0.600191656927913     
 Design variables:  1.048741988587935E-003  1.011442630308701E-003
  9.403603772040477E-003  9.248136076127461E-003  9.138949630687551E-003
  9.051324424992183E-003  8.937455308471728E-003  8.625260654375350E-003
  9.551191513885702E-003  9.995417683940711E-003  9.665448982346708E-003
  9.685489237325534E-003  1.007971515021744E-003  1.045935035609712E-003
  6.840317068178062E-002  0.600191656927913     
 Constraint value, mean lift and its standard deviation: -8.365415856501773E-004
  0.890515887571652       2.241983649650047E-002
 Calc obj  1.048741988587935E-003  1.011442630308701E-003
  9.403603772040477E-003  9.248136076127461E-003  9.138949630687551E-003
  9.051324424992183E-003  8.937455308471728E-003  8.625260654375350E-003
  9.551191513885702E-003  9.995417683940711E-003  9.665448982346708E-003
  9.685489237325534E-003  1.007971515021744E-003  1.045935035609712E-003
  6.840317068178062E-002  0.600191656927913     
 Design variables:  1.048741988587935E-003  1.011442630308701E-003
  9.403603772040477E-003  9.248136076127461E-003  9.138949630687551E-003
  9.051324424992183E-003  8.937455308471728E-003  8.625260654375350E-003
  9.551191513885702E-003  9.995417683940711E-003  9.665448982346708E-003
  9.685489237325534E-003  1.007971515021744E-003  1.045935035609712E-003
  6.840317068178062E-002  0.600191656927913     
 Mean drag value and variance:  8.315130122656517E-003  1.018490900802235E-005
 Calc con  1.054960698444206E-003  9.920376471188822E-004
  9.484454117291510E-003  9.397930755202857E-003  9.346211093686855E-003
  9.298791681305990E-003  9.226477658167221E-003  8.551257993505618E-003
  9.285905794792642E-003  9.768098039005904E-003  9.710189418214150E-003
  9.738108834669777E-003  1.008007158625883E-003  1.053286176717678E-003
  6.828812588756368E-002  0.600138126359914     
 Design variables:  1.054960698444206E-003  9.920376471188822E-004
  9.484454117291510E-003  9.397930755202857E-003  9.346211093686855E-003
  9.298791681305990E-003  9.226477658167221E-003  8.551257993505618E-003
  9.285905794792642E-003  9.768098039005904E-003  9.710189418214150E-003
  9.738108834669777E-003  1.008007158625883E-003  1.053286176717678E-003
  6.828812588756368E-002  0.600138126359914     
 Constraint value, mean lift and its standard deviation: -7.585511400273887E-004
  0.889856100087656       2.227438723690707E-002
 Calc obj  1.054960698444206E-003  9.920376471188822E-004
  9.484454117291510E-003  9.397930755202857E-003  9.346211093686855E-003
  9.298791681305990E-003  9.226477658167221E-003  8.551257993505618E-003
  9.285905794792642E-003  9.768098039005904E-003  9.710189418214150E-003
  9.738108834669777E-003  1.008007158625883E-003  1.053286176717678E-003
  6.828812588756368E-002  0.600138126359914     
 Design variables:  1.054960698444206E-003  9.920376471188822E-004
  9.484454117291510E-003  9.397930755202857E-003  9.346211093686855E-003
  9.298791681305990E-003  9.226477658167221E-003  8.551257993505618E-003
  9.285905794792642E-003  9.768098039005904E-003  9.710189418214150E-003
  9.738108834669777E-003  1.008007158625883E-003  1.053286176717678E-003
  6.828812588756368E-002  0.600138126359914     
 Mean drag value and variance:  7.993668383446199E-003  9.373638383321310E-006
 Calc con  1.058291917250082E-003  9.825014263101439E-004
  9.525778298341968E-003  9.474097150578035E-003  9.451417656813552E-003
  9.424329329958502E-003  9.373038426768262E-003  8.537320879671741E-003
  9.155155664502311E-003  9.654438216538500E-003  9.733049421228955E-003
  9.764890308926884E-003  1.008247506012491E-003  1.057188877281508E-003
  6.823756184743336E-002  0.600110991122535     
 Design variables:  1.058291917250082E-003  9.825014263101439E-004
  9.525778298341968E-003  9.474097150578035E-003  9.451417656813552E-003
  9.424329329958502E-003  9.373038426768262E-003  8.537320879671741E-003
  9.155155664502311E-003  9.654438216538500E-003  9.733049421228955E-003
  9.764890308926884E-003  1.008247506012491E-003  1.057188877281508E-003
  6.823756184743336E-002  0.600110991122535     
 Constraint value, mean lift and its standard deviation: -1.207700362027234E-003
  0.889750816650419       2.213577907209793E-002
 Calc obj  1.058291917250082E-003  9.825014263101439E-004
  9.525778298341968E-003  9.474097150578035E-003  9.451417656813552E-003
  9.424329329958502E-003  9.373038426768262E-003  8.537320879671741E-003
  9.155155664502311E-003  9.654438216538500E-003  9.733049421228955E-003
  9.764890308926884E-003  1.008247506012491E-003  1.057188877281508E-003
  6.823756184743336E-002  0.600110991122535     
 Design variables:  1.058291917250082E-003  9.825014263101439E-004
  9.525778298341968E-003  9.474097150578035E-003  9.451417656813552E-003
  9.424329329958502E-003  9.373038426768262E-003  8.537320879671741E-003
  9.155155664502311E-003  9.654438216538500E-003  9.733049421228955E-003
  9.764890308926884E-003  1.008247506012491E-003  1.057188877281508E-003
  6.823756184743336E-002  0.600110991122535     
 Mean drag value and variance:  7.864835211651679E-003  8.826713036938020E-006
   16  0.7873662E-02  0.8204509E-03  0.4902524E-05  0.1989639E+00  0.4099085E-04
 Calc con  1.088827755249947E-003  1.020926766950898E-003
  9.594956489213543E-003  9.551619424921673E-003  9.538554541416387E-003
  9.525996683477318E-003  9.498546302684645E-003  8.175673561289400E-003
  9.033216402587673E-003  9.668470097846152E-003  9.788974219115983E-003
  9.817329402912965E-003  1.046840618795068E-003  1.088231166123510E-003
  6.810336084450572E-002  0.600043734308289     
 Design variables:  1.088827755249947E-003  1.020926766950898E-003
  9.594956489213543E-003  9.551619424921673E-003  9.538554541416387E-003
  9.525996683477318E-003  9.498546302684645E-003  8.175673561289400E-003
  9.033216402587673E-003  9.668470097846152E-003  9.788974219115983E-003
  9.817329402912965E-003  1.046840618795068E-003  1.088231166123510E-003
  6.810336084450572E-002  0.600043734308289     
 Constraint value, mean lift and its standard deviation:  1.491958592529929E-004
  0.889419836454539       2.239225807844802E-002
 Calc obj  1.088827755249947E-003  1.020926766950898E-003
  9.594956489213543E-003  9.551619424921673E-003  9.538554541416387E-003
  9.525996683477318E-003  9.498546302684645E-003  8.175673561289400E-003
  9.033216402587673E-003  9.668470097846152E-003  9.788974219115983E-003
  9.817329402912965E-003  1.046840618795068E-003  1.088231166123510E-003
  6.810336084450572E-002  0.600043734308289     
 Design variables:  1.088827755249947E-003  1.020926766950898E-003
  9.594956489213543E-003  9.551619424921673E-003  9.538554541416387E-003
  9.525996683477318E-003  9.498546302684645E-003  8.175673561289400E-003
  9.033216402587673E-003  9.668470097846152E-003  9.788974219115983E-003
  9.817329402912965E-003  1.046840618795068E-003  1.088231166123510E-003
  6.810336084450572E-002  0.600043734308289     
 Mean drag value and variance:  7.613956391993355E-003  8.235102258079179E-006
   17  0.7622191E-02  0.3616473E-03  0.1027314E-02  0.1506818E+00  0.1053032E-04
 Calc con  1.194704375646830E-003  1.166032511312133E-003
  9.849579782073403E-003  9.824033841960560E-003  9.824890157720208E-003
  9.837546747471709E-003  9.857466289358267E-003  6.860500339572870E-003
  8.826411337345932E-003  9.851352848869782E-003  9.931268628402143E-003
  9.944389230709696E-003  1.179553229767465E-003  1.195322046485776E-003
  6.772133542780082E-002  0.600003798306158     
 Design variables:  1.194704375646830E-003  1.166032511312133E-003
  9.849579782073403E-003  9.824033841960560E-003  9.824890157720208E-003
  9.837546747471709E-003  9.857466289358267E-003  6.860500339572870E-003
  8.826411337345932E-003  9.851352848869782E-003  9.931268628402143E-003
  9.944389230709696E-003  1.179553229767465E-003  1.195322046485776E-003
  6.772133542780082E-002  0.600003798306158     
 Constraint value, mean lift and its standard deviation: -5.537438947424006E-004
  0.889749126517665       2.229884565573076E-002
 Calc obj  1.194704375646830E-003  1.166032511312133E-003
  9.849579782073403E-003  9.824033841960560E-003  9.824890157720208E-003
  9.837546747471709E-003  9.857466289358267E-003  6.860500339572870E-003
  8.826411337345932E-003  9.851352848869782E-003  9.931268628402143E-003
  9.944389230709696E-003  1.179553229767465E-003  1.195322046485776E-003
  6.772133542780082E-002  0.600003798306158     
 Design variables:  1.194704375646830E-003  1.166032511312133E-003
  9.849579782073403E-003  9.824033841960560E-003  9.824890157720208E-003
  9.837546747471709E-003  9.857466289358267E-003  6.860500339572870E-003
  8.826411337345932E-003  9.851352848869782E-003  9.931268628402143E-003
  9.944389230709696E-003  1.179553229767465E-003  1.195322046485776E-003
  6.772133542780082E-002  0.600003798306158     
 Mean drag value and variance:  7.022410483034257E-003  6.702322917861983E-006
   18  0.7029113E-02  0.1315173E-02  0.3462885E-03  0.1504103E+00  0.1873055E-05
 Calc con  1.238635276384835E-003  1.235762463343166E-003
  9.990228821797557E-003  9.983591216523837E-003  9.966804973722942E-003
  9.952758055794850E-003  9.942447620455963E-003  5.849206705585493E-003
  9.023453384095728E-003  9.998403079584080E-003  9.982976513959938E-003
  9.985388008198379E-003  1.236522683464066E-003  1.238781893906817E-003
  6.751341504211554E-002  0.600006556009995     
 Design variables:  1.238635276384835E-003  1.235762463343166E-003
  9.990228821797557E-003  9.983591216523837E-003  9.966804973722942E-003
  9.952758055794850E-003  9.942447620455963E-003  5.849206705585493E-003
  9.023453384095728E-003  9.998403079584080E-003  9.982976513959938E-003
  9.985388008198379E-003  1.236522683464066E-003  1.238781893906817E-003
  6.751341504211554E-002  0.600006556009995     
 Constraint value, mean lift and its standard deviation: -7.801843275381942E-004
  0.889362371382542       2.214554676375084E-002
 Calc obj  1.238635276384835E-003  1.235762463343166E-003
  9.990228821797557E-003  9.983591216523837E-003  9.966804973722942E-003
  9.952758055794850E-003  9.942447620455963E-003  5.849206705585493E-003
  9.023453384095728E-003  9.998403079584080E-003  9.982976513959938E-003
  9.985388008198379E-003  1.236522683464066E-003  1.238781893906817E-003
  6.751341504211554E-002  0.600006556009995     
 Design variables:  1.238635276384835E-003  1.235762463343166E-003
  9.990228821797557E-003  9.983591216523837E-003  9.966804973722942E-003
  9.952758055794850E-003  9.942447620455963E-003  5.849206705585493E-003
  9.023453384095728E-003  9.998403079584080E-003  9.982976513959938E-003
  9.985388008198379E-003  1.236522683464066E-003  1.238781893906817E-003
  6.751341504211554E-002  0.600006556009995     
 Mean drag value and variance:  6.739303899113458E-003  6.077379987067605E-006
   19  0.6745381E-02  0.1011294E-02  0.6937775E-03  0.1191046E+00  0.1582015E-05
 Calc con  1.246327810176504E-003  1.244633231514013E-003
  9.991769470060649E-003  9.990691279118990E-003  9.989797380270173E-003
  9.987791252741815E-003  9.984096696124666E-003  4.744874518448673E-003
  9.904663308690128E-003  9.991640428736145E-003  9.995343929833565E-003
  9.995955839585466E-003  1.245360215421223E-003  1.246354504190556E-003
  6.742060202370262E-002  0.600001431599152     
 Design variables:  1.246327810176504E-003  1.244633231514013E-003
  9.991769470060649E-003  9.990691279118990E-003  9.989797380270173E-003
  9.987791252741815E-003  9.984096696124666E-003  4.744874518448673E-003
  9.904663308690128E-003  9.991640428736145E-003  9.995343929833565E-003
  9.995955839585466E-003  1.245360215421223E-003  1.246354504190556E-003
  6.742060202370262E-002  0.600001431599152     
 Constraint value, mean lift and its standard deviation: -9.638413045580385E-005
  0.888546157819662       2.211244342230161E-002
 Calc obj  1.246327810176504E-003  1.244633231514013E-003
  9.991769470060649E-003  9.990691279118990E-003  9.989797380270173E-003
  9.987791252741815E-003  9.984096696124666E-003  4.744874518448673E-003
  9.904663308690128E-003  9.991640428736145E-003  9.995343929833565E-003
  9.995955839585466E-003  1.245360215421223E-003  1.246354504190556E-003
  6.742060202370262E-002  0.600001431599152     
 Design variables:  1.246327810176504E-003  1.244633231514013E-003
  9.991769470060649E-003  9.990691279118990E-003  9.989797380270173E-003
  9.987791252741815E-003  9.984096696124666E-003  4.744874518448673E-003
  9.904663308690128E-003  9.991640428736145E-003  9.995343929833565E-003
  9.995955839585466E-003  1.245360215421223E-003  1.246354504190556E-003
  6.742060202370262E-002  0.600001431599152     
 Mean drag value and variance:  6.698039948279133E-003  5.857828575657543E-006
   20  0.6703898E-02  0.1104332E-02  0.7781513E-04  0.1257587E+00  0.2967727E-06
 Calc con  1.242457051754618E-003  1.238915518209761E-003
  9.982536547810677E-003  9.979776880630405E-003  9.977331476307456E-003
  9.975175147244367E-003  9.972638484009007E-003  4.758416888669197E-003
  9.945982749896413E-003  9.982502645811825E-003  9.990430380363223E-003
  9.991859649441220E-003  1.240489476758533E-003  1.242510221370361E-003
  6.742968582646758E-002  0.600002975310557     
 Design variables:  1.242457051754618E-003  1.238915518209761E-003
  9.982536547810677E-003  9.979776880630405E-003  9.977331476307456E-003
  9.975175147244367E-003  9.972638484009007E-003  4.758416888669197E-003
  9.945982749896413E-003  9.982502645811825E-003  9.990430380363223E-003
  9.991859649441220E-003  1.240489476758533E-003  1.242510221370361E-003
  6.742968582646758E-002  0.600002975310557     
 Constraint value, mean lift and its standard deviation:  1.848491858968682E-004
  0.888474729836791       2.216489475567198E-002
 Calc obj  1.242457051754618E-003  1.238915518209761E-003
  9.982536547810677E-003  9.979776880630405E-003  9.977331476307456E-003
  9.975175147244367E-003  9.972638484009007E-003  4.758416888669197E-003
  9.945982749896413E-003  9.982502645811825E-003  9.990430380363223E-003
  9.991859649441220E-003  1.240489476758533E-003  1.242510221370361E-003
  6.742968582646758E-002  0.600002975310557     
 Design variables:  1.242457051754618E-003  1.238915518209761E-003
  9.982536547810677E-003  9.979776880630405E-003  9.977331476307456E-003
  9.975175147244367E-003  9.972638484009007E-003  4.758416888669197E-003
  9.945982749896413E-003  9.982502645811825E-003  9.990430380363223E-003
  9.991859649441220E-003  1.240489476758533E-003  1.242510221370361E-003
  6.742968582646758E-002  0.600002975310557     
 Mean drag value and variance:  6.719981371629663E-003  5.993576063661510E-006
 Calc con  1.242496602840265E-003  1.238971348205064E-003
  9.982613007964564E-003  9.979860996050735E-003  9.977429969232466E-003
  9.975303269586035E-003  9.972820856706543E-003  4.786336607435482E-003
  9.947951198757021E-003  9.982589760100743E-003  9.990483236908843E-003
  9.991904110149824E-003  1.240537638455089E-003  1.242549041817979E-003
  6.743815068006989E-002  0.600002972103398     
 Design variables:  1.242496602840265E-003  1.238971348205064E-003
  9.982613007964564E-003  9.979860996050735E-003  9.977429969232466E-003
  9.975303269586035E-003  9.972820856706543E-003  4.786336607435482E-003
  9.947951198757021E-003  9.982589760100743E-003  9.990483236908843E-003
  9.991904110149824E-003  1.240537638455089E-003  1.242549041817979E-003
  6.743815068006989E-002  0.600002972103398     
 Constraint value, mean lift and its standard deviation: -1.123629670041343E-004
  0.888695207722960       2.214571118898892E-002
 Calc obj  1.242496602840265E-003  1.238971348205064E-003
  9.982613007964564E-003  9.979860996050735E-003  9.977429969232466E-003
  9.975303269586035E-003  9.972820856706543E-003  4.786336607435482E-003
  9.947951198757021E-003  9.982589760100743E-003  9.990483236908843E-003
  9.991904110149824E-003  1.240537638455089E-003  1.242549041817979E-003
  6.743815068006989E-002  0.600002972103398     
 Design variables:  1.242496602840265E-003  1.238971348205064E-003
  9.982613007964564E-003  9.979860996050735E-003  9.977429969232466E-003
  9.975303269586035E-003  9.972820856706543E-003  4.786336607435482E-003
  9.947951198757021E-003  9.982589760100743E-003  9.990483236908843E-003
  9.991904110149824E-003  1.240537638455089E-003  1.242549041817979E-003
  6.743815068006989E-002  0.600002972103398     
 Mean drag value and variance:  6.721482606656256E-003  5.688476346366049E-006
   21  0.6727171E-02  0.4131944E-04  0.7289052E-04  0.9870383E-01  0.6622110E-06
 
 The solution was found.
 
 The final value of the objective function is   6.727171083002622E-003
 
 The optimal values of X are:
 
 X  (           1 ) =   1.242496602840265E-003
 X  (           2 ) =   1.238971348205064E-003
 X  (           3 ) =   9.982613007964564E-003
 X  (           4 ) =   9.979860996050735E-003
 X  (           5 ) =   9.977429969232466E-003
 X  (           6 ) =   9.975303269586035E-003
 X  (           7 ) =   9.972820856706543E-003
 X  (           8 ) =   4.786336607435482E-003
 X  (           9 ) =   9.947951198757021E-003
 X  (          10 ) =   9.982589760100743E-003
 X  (          11 ) =   9.990483236908843E-003
 X  (          12 ) =   9.991904110149824E-003
 X  (          13 ) =   1.240537638455089E-003
 X  (          14 ) =   1.242549041817979E-003
 X  (          15 ) =    3.86392141213531     
 X  (          16 ) =   0.600002972103398     
 
 The multipliers for the equality constraints are:
 
 LAM(           1 ) =   1.740322620723038E-002
 
 Mean drag and its variance:  6.721482606656256E-003  5.688476346366049E-006
