 >> Number of Processors =   1
 Calc con  0.000000000000000E+000  0.000000000000000E+000
  0.000000000000000E+000  0.000000000000000E+000  0.000000000000000E+000
  0.000000000000000E+000  0.000000000000000E+000  0.000000000000000E+000
  0.000000000000000E+000  0.000000000000000E+000  0.000000000000000E+000
  0.000000000000000E+000  0.000000000000000E+000  0.000000000000000E+000
  3.490658503988659E-002  0.600000000000000     
 Design variables:  0.000000000000000E+000  0.000000000000000E+000
  0.000000000000000E+000  0.000000000000000E+000  0.000000000000000E+000
  0.000000000000000E+000  0.000000000000000E+000  0.000000000000000E+000
  0.000000000000000E+000  0.000000000000000E+000  0.000000000000000E+000
  0.000000000000000E+000  0.000000000000000E+000  0.000000000000000E+000
  3.490658503988659E-002  0.600000000000000     
 Constraint value, mean lift and its standard deviation:  0.643242697700028     
  0.172540470679565       1.578316837959316E-002
 Calc obj  0.000000000000000E+000  0.000000000000000E+000
  0.000000000000000E+000  0.000000000000000E+000  0.000000000000000E+000
  0.000000000000000E+000  0.000000000000000E+000  0.000000000000000E+000
  0.000000000000000E+000  0.000000000000000E+000  0.000000000000000E+000
  0.000000000000000E+000  0.000000000000000E+000  0.000000000000000E+000
  3.490658503988659E-002  0.600000000000000     
 Design variables:  0.000000000000000E+000  0.000000000000000E+000
  0.000000000000000E+000  0.000000000000000E+000  0.000000000000000E+000
  0.000000000000000E+000  0.000000000000000E+000  0.000000000000000E+000
  0.000000000000000E+000  0.000000000000000E+000  0.000000000000000E+000
  0.000000000000000E+000  0.000000000000000E+000  0.000000000000000E+000
  3.490658503988659E-002  0.600000000000000     
 Mean drag value and variance:  7.330899721881009E-004  2.478707416446952E-009
 
 iter    objective      ||grad||        inf_pr          inf_du         lg(mu)
    0  0.7330925E-03  0.0000000E+00  0.6532427E+00  0.9959334E+00  0.1000000E+01
 Calc con  1.228156447237780E-003  8.715308040488681E-004
  4.911270425053082E-003  4.362714337581407E-003  3.896123288107628E-003
  3.466463693780847E-003  3.011047958435387E-003  3.665686190111336E-003
  4.041126391486372E-003  4.379668566049899E-003  4.758899942477926E-003
  5.238796186847376E-003  8.970797469856886E-004  1.237509900000000E-003
  6.751970668134559E-002  0.597425416264102     
 Design variables:  1.228156447237780E-003  8.715308040488681E-004
  4.911270425053082E-003  4.362714337581407E-003  3.896123288107628E-003
  3.466463693780847E-003  3.011047958435387E-003  3.665686190111336E-003
  4.041126391486372E-003  4.379668566049899E-003  4.758899942477926E-003
  5.238796186847376E-003  8.970797469856886E-004  1.237509900000000E-003
  6.751970668134559E-002  0.597425416264102     
 Constraint value, mean lift and its standard deviation:  0.148094109627453     
  0.670711926624086       1.880603625153861E-002
 Calc obj  1.228156447237780E-003  8.715308040488681E-004
  4.911270425053082E-003  4.362714337581407E-003  3.896123288107628E-003
  3.466463693780847E-003  3.011047958435387E-003  3.665686190111336E-003
  4.041126391486372E-003  4.379668566049899E-003  4.758899942477926E-003
  5.238796186847376E-003  8.970797469856886E-004  1.237509900000000E-003
  6.751970668134559E-002  0.597425416264102     
 Design variables:  1.228156447237780E-003  8.715308040488681E-004
  4.911270425053082E-003  4.362714337581407E-003  3.896123288107628E-003
  3.466463693780847E-003  3.011047958435387E-003  3.665686190111336E-003
  4.041126391486372E-003  4.379668566049899E-003  4.758899942477926E-003
  5.238796186847376E-003  8.970797469856886E-004  1.237509900000000E-003
  6.751970668134559E-002  0.597425416264102     
 Mean drag value and variance:  3.155237995239237E-003  2.291373556665482E-007
    1  0.3155467E-02  0.4581465E-01  0.1859155E+00  0.5084510E+00  0.4210486E-01
 Calc con  1.160923351065707E-003  8.452046577749109E-004
  6.052210922045390E-003  5.448566235015636E-003  4.912250816546129E-003
  4.403902862840092E-003  3.851578206364930E-003  5.091661824525293E-003
  5.508197838269936E-003  5.852444250922953E-003  6.217194211457528E-003
  6.660755585799975E-003  8.704983811485534E-004  1.168862571221215E-003
  6.979024534578890E-002  0.685602671572117     
 Design variables:  1.160923351065707E-003  8.452046577749109E-004
  6.052210922045390E-003  5.448566235015636E-003  4.912250816546129E-003
  4.403902862840092E-003  3.851578206364930E-003  5.091661824525293E-003
  5.508197838269936E-003  5.852444250922953E-003  6.217194211457528E-003
  6.660755585799975E-003  8.704983811485534E-004  1.168862571221215E-003
  6.979024534578890E-002  0.685602671572117     
 Constraint value, mean lift and its standard deviation: -2.407398778405613E-002
  0.831758641562723       7.684653778666994E-003
 Calc obj  1.160923351065707E-003  8.452046577749109E-004
  6.052210922045390E-003  5.448566235015636E-003  4.912250816546129E-003
  4.403902862840092E-003  3.851578206364930E-003  5.091661824525293E-003
  5.508197838269936E-003  5.852444250922953E-003  6.217194211457528E-003
  6.660755585799975E-003  8.704983811485534E-004  1.168862571221215E-003
  6.979024534578890E-002  0.685602671572117     
 Design variables:  1.160923351065707E-003  8.452046577749109E-004
  6.052210922045390E-003  5.448566235015636E-003  4.912250816546129E-003
  4.403902862840092E-003  3.851578206364930E-003  5.091661824525293E-003
  5.508197838269936E-003  5.852444250922953E-003  6.217194211457528E-003
  6.660755585799975E-003  8.704983811485534E-004  1.168862571221215E-003
  6.979024534578890E-002  0.685602671572117     
 Mean drag value and variance:  4.454900889802842E-002  6.453454191273061E-005
    2  0.4461354E-01  0.8871240E-01  0.1698440E-01  0.3877348E+01  0.2239948E-02
 Calc con  4.864825005427168E-004  3.540398279981112E-004
  6.430998086702912E-003  6.062127809429952E-003  5.701794502405573E-003
  5.327129121013007E-003  4.869890807346594E-003  2.995400136373074E-003
  3.518487062170918E-003  4.923493074978545E-003  6.592179544431728E-003
  7.706001910927560E-003  3.769906692968036E-004  4.917159686914085E-004
  6.719267952552745E-002  0.643345544128913     
 Design variables:  4.864825005427168E-004  3.540398279981112E-004
  6.430998086702912E-003  6.062127809429952E-003  5.701794502405573E-003
  5.327129121013007E-003  4.869890807346594E-003  2.995400136373074E-003
  3.518487062170918E-003  4.923493074978545E-003  6.592179544431728E-003
  7.706001910927560E-003  3.769906692968036E-004  4.917159686914085E-004
  6.719267952552745E-002  0.643345544128913     
 Constraint value, mean lift and its standard deviation:  7.256409892135993E-002
  0.748011642151798       2.057574107315749E-002
 Calc obj  4.864825005427168E-004  3.540398279981112E-004
  6.430998086702912E-003  6.062127809429952E-003  5.701794502405573E-003
  5.327129121013007E-003  4.869890807346594E-003  2.995400136373074E-003
  3.518487062170918E-003  4.923493074978545E-003  6.592179544431728E-003
  7.706001910927560E-003  3.769906692968036E-004  4.917159686914085E-004
  6.719267952552745E-002  0.643345544128913     
 Design variables:  4.864825005427168E-004  3.540398279981112E-004
  6.430998086702912E-003  6.062127809429952E-003  5.701794502405573E-003
  5.327129121013007E-003  4.869890807346594E-003  2.995400136373074E-003
  3.518487062170918E-003  4.923493074978545E-003  6.592179544431728E-003
  7.706001910927560E-003  3.769906692968036E-004  4.917159686914085E-004
  6.719267952552745E-002  0.643345544128913     
 Mean drag value and variance:  1.021382754146404E-002  1.510936373162110E-005
    3  0.1022894E-01  0.4225713E-01  0.9324946E-01  0.2555311E+01  0.8137729E-02
 Calc con  4.829412487672651E-004  3.555138615366421E-004
  7.451065327971637E-003  7.102897844823233E-003  6.764181294848032E-003
  6.413156995039533E-003  5.981031055509820E-003  4.579072130860598E-003
  8.508578353823563E-003  9.949244830749786E-003  9.067093084502251E-003
  8.477336511597879E-003  3.754942150813326E-004  4.497687955969854E-004
  6.757572408737784E-002  0.600661701497941     
 Design variables:  4.829412487672651E-004  3.555138615366421E-004
  7.451065327971637E-003  7.102897844823233E-003  6.764181294848032E-003
  6.413156995039533E-003  5.981031055509820E-003  4.579072130860598E-003
  8.508578353823563E-003  9.949244830749786E-003  9.067093084502251E-003
  8.477336511597879E-003  3.754942150813326E-004  4.497687955969854E-004
  6.757572408737784E-002  0.600661701497941     
 Constraint value, mean lift and its standard deviation:  2.970072291251817E-002
  0.791282562240938       2.098328515345609E-002
 Calc obj  4.829412487672651E-004  3.555138615366421E-004
  7.451065327971637E-003  7.102897844823233E-003  6.764181294848032E-003
  6.413156995039533E-003  5.981031055509820E-003  4.579072130860598E-003
  8.508578353823563E-003  9.949244830749786E-003  9.067093084502251E-003
  8.477336511597879E-003  3.754942150813326E-004  4.497687955969854E-004
  6.757572408737784E-002  0.600661701497941     
 Design variables:  4.829412487672651E-004  3.555138615366421E-004
  7.451065327971637E-003  7.102897844823233E-003  6.764181294848032E-003
  6.413156995039533E-003  5.981031055509820E-003  4.579072130860598E-003
  8.508578353823563E-003  9.949244830749786E-003  9.067093084502251E-003
  8.477336511597879E-003  3.754942150813326E-004  4.497687955969854E-004
  6.757572408737784E-002  0.600661701497941     
 Mean drag value and variance:  5.038001448806603E-003  2.841200350571601E-006
    4  0.5040843E-02  0.4732679E-01  0.4132168E-01  0.1982473E+01  0.7621370E-02
 Calc con  5.483878427442444E-004  4.105795966357128E-004
  7.834578881144281E-003  7.525661521028335E-003  7.220202015388026E-003
  6.899273307447569E-003  6.499023512643027E-003  6.548385756046056E-003
  8.714740051717801E-003  9.617897367523201E-003  9.094148633123444E-003
  8.666673799294556E-003  4.333586472767274E-004  5.184689814122930E-004
  6.819142345716071E-002  0.612916033170667     
 Design variables:  5.483878427442444E-004  4.105795966357128E-004
  7.834578881144281E-003  7.525661521028335E-003  7.220202015388026E-003
  6.899273307447569E-003  6.499023512643027E-003  6.548385756046056E-003
  8.714740051717801E-003  9.617897367523201E-003  9.094148633123444E-003
  8.666673799294556E-003  4.333586472767274E-004  5.184689814122930E-004
  6.819142345716071E-002  0.612916033170667     
 Constraint value, mean lift and its standard deviation: -1.070848593563697E-002
  0.833178671263327       2.247018532769044E-002
 Calc obj  5.483878427442444E-004  4.105795966357128E-004
  7.834578881144281E-003  7.525661521028335E-003  7.220202015388026E-003
  6.899273307447569E-003  6.499023512643027E-003  6.548385756046056E-003
  8.714740051717801E-003  9.617897367523201E-003  9.094148633123444E-003
  8.666673799294556E-003  4.333586472767274E-004  5.184689814122930E-004
  6.819142345716071E-002  0.612916033170667     
 Design variables:  5.483878427442444E-004  4.105795966357128E-004
  7.834578881144281E-003  7.525661521028335E-003  7.220202015388026E-003
  6.899273307447569E-003  6.499023512643027E-003  6.548385756046056E-003
  8.714740051717801E-003  9.617897367523201E-003  9.094148633123444E-003
  8.666673799294556E-003  4.333586472767274E-004  5.184689814122930E-004
  6.819142345716071E-002  0.612916033170667     
 Mean drag value and variance:  9.302760466327291E-003  1.349853231425366E-005
    5  0.9316259E-02  0.1225433E-01  0.1013020E-02  0.2325228E+00  0.1094565E-02
 Calc con  6.985484306196480E-004  5.598321688434468E-004
  8.378988803540073E-003  8.130663606561110E-003  7.878603291792264E-003
  7.607447682579274E-003  7.261175500320214E-003  8.650825435159210E-003
  9.078031496532860E-003  9.510999251916053E-003  9.072480869711580E-003
  8.803512636955372E-003  6.020454080010229E-004  6.917158610667830E-004
  6.875581565992328E-002  0.587049016732194     
 Design variables:  6.985484306196480E-004  5.598321688434468E-004
  8.378988803540073E-003  8.130663606561110E-003  7.878603291792264E-003
  7.607447682579274E-003  7.261175500320214E-003  8.650825435159210E-003
  9.078031496532860E-003  9.510999251916053E-003  9.072480869711580E-003
  8.803512636955372E-003  6.020454080010229E-004  6.917158610667830E-004
  6.875581565992328E-002  0.587049016732194     
 Constraint value, mean lift and its standard deviation: -9.462234919770374E-003
  0.830026958424391       2.056472350462092E-002
 Calc obj  6.985484306196480E-004  5.598321688434468E-004
  8.378988803540073E-003  8.130663606561110E-003  7.878603291792264E-003
  7.607447682579274E-003  7.261175500320214E-003  8.650825435159210E-003
  9.078031496532860E-003  9.510999251916053E-003  9.072480869711580E-003
  8.803512636955372E-003  6.020454080010229E-004  6.917158610667830E-004
  6.875581565992328E-002  0.587049016732194     
 Design variables:  6.985484306196480E-004  5.598321688434468E-004
  8.378988803540073E-003  8.130663606561110E-003  7.878603291792264E-003
  7.607447682579274E-003  7.261175500320214E-003  8.650825435159210E-003
  9.078031496532860E-003  9.510999251916053E-003  9.072480869711580E-003
  8.803512636955372E-003  6.020454080010229E-004  6.917158610667830E-004
  6.875581565992328E-002  0.587049016732194     
 Mean drag value and variance:  4.872007308843805E-003  1.789144593132849E-006
    6  0.4873796E-02  0.2586702E-01  0.2889015E-02  0.2136962E+00  0.2721750E-03
 Calc con  7.473447741330519E-004  6.135866073088271E-004
  8.534924319984663E-003  8.307478405937549E-003  8.077155386466223E-003
  7.830895391435449E-003  7.518578123338639E-003  8.999311251797294E-003
  9.296653189946297E-003  9.570610982098458E-003  9.065807760966908E-003
  8.757943829457751E-003  6.536904605983143E-004  7.436019976150243E-004
  6.884331241317744E-002  0.576680760548734     
 Design variables:  7.473447741330519E-004  6.135866073088271E-004
  8.534924319984663E-003  8.307478405937549E-003  8.077155386466223E-003
  7.830895391435449E-003  7.518578123338639E-003  8.999311251797294E-003
  9.296653189946297E-003  9.570610982098458E-003  9.065807760966908E-003
  8.757943829457751E-003  6.536904605983143E-004  7.436019976150243E-004
  6.884331241317744E-002  0.576680760548734     
 Constraint value, mean lift and its standard deviation: -5.789428734188567E-003
  0.825473501222768       1.968407248857980E-002
 Calc obj  7.473447741330519E-004  6.135866073088271E-004
  8.534924319984663E-003  8.307478405937549E-003  8.077155386466223E-003
  7.830895391435449E-003  7.518578123338639E-003  8.999311251797294E-003
  9.296653189946297E-003  9.570610982098458E-003  9.065807760966908E-003
  8.757943829457751E-003  6.536904605983143E-004  7.436019976150243E-004
  6.884331241317744E-002  0.576680760548734     
 Design variables:  7.473447741330519E-004  6.135866073088271E-004
  8.534924319984663E-003  8.307478405937549E-003  8.077155386466223E-003
  7.830895391435449E-003  7.518578123338639E-003  8.999311251797294E-003
  9.296653189946297E-003  9.570610982098458E-003  9.065807760966908E-003
  8.757943829457751E-003  6.536904605983143E-004  7.436019976150243E-004
  6.884331241317744E-002  0.576680760548734     
 Mean drag value and variance:  4.178410381991959E-003  4.365493812172600E-007
    7  0.4178847E-02  0.1036826E-01  0.1677363E-03  0.9729611E-01  0.1977640E-04
 Calc con  7.767038465687809E-004  6.486871178155131E-004
  8.637887697194637E-003  8.433834267939280E-003  8.235327266763140E-003
  8.030996461009458E-003  7.775833787270414E-003  8.999063813940718E-003
  9.285722467006584E-003  9.514211886425686E-003  9.179404609751144E-003
  9.326073246745085E-003  6.847792110806688E-004  7.727921756215215E-004
  6.868982001106771E-002  0.569393590001378     
 Design variables:  7.767038465687809E-004  6.486871178155131E-004
  8.637887697194637E-003  8.433834267939280E-003  8.235327266763140E-003
  8.030996461009458E-003  7.775833787270414E-003  8.999063813940718E-003
  9.285722467006584E-003  9.514211886425686E-003  9.179404609751144E-003
  9.326073246745085E-003  6.847792110806688E-004  7.727921756215215E-004
  6.868982001106771E-002  0.569393590001378     
 Constraint value, mean lift and its standard deviation: -3.385744868507522E-003
  0.822599047776279       1.921330290777145E-002
 Calc obj  7.767038465687809E-004  6.486871178155131E-004
  8.637887697194637E-003  8.433834267939280E-003  8.235327266763140E-003
  8.030996461009458E-003  7.775833787270414E-003  8.999063813940718E-003
  9.285722467006584E-003  9.514211886425686E-003  9.179404609751144E-003
  9.326073246745085E-003  6.847792110806688E-004  7.727921756215215E-004
  6.868982001106771E-002  0.569393590001378     
 Design variables:  7.767038465687809E-004  6.486871178155131E-004
  8.637887697194637E-003  8.433834267939280E-003  8.235327266763140E-003
  8.030996461009458E-003  7.775833787270414E-003  8.999063813940718E-003
  9.285722467006584E-003  9.514211886425686E-003  9.179404609751144E-003
  9.326073246745085E-003  6.847792110806688E-004  7.727921756215215E-004
  6.868982001106771E-002  0.569393590001378     
 Mean drag value and variance:  3.919028120064256E-003  8.316588273452581E-008
    8  0.3919111E-02  0.7287171E-02  0.4287617E-04  0.1286167E-01  0.1188299E-04
 Calc con  8.053135727915615E-004  6.837349615633615E-004
  8.728549844667564E-003  8.544523267153489E-003  8.384678952623001E-003
  8.236111263290704E-003  8.053617107480008E-003  8.894213886643144E-003
  9.260697756544103E-003  9.503560914614344E-003  9.233466037296181E-003
  9.387827744575944E-003  7.226177898064761E-004  8.035304300394938E-004
  6.845829805524571E-002  0.565876806163929     
 Design variables:  8.053135727915615E-004  6.837349615633615E-004
  8.728549844667564E-003  8.544523267153489E-003  8.384678952623001E-003
  8.236111263290704E-003  8.053617107480008E-003  8.894213886643144E-003
  9.260697756544103E-003  9.503560914614344E-003  9.233466037296181E-003
  9.387827744575944E-003  7.226177898064761E-004  8.035304300394938E-004
  6.845829805524571E-002  0.565876806163929     
 Constraint value, mean lift and its standard deviation: -1.199019719730497E-003
  0.820125476217430       1.892645649769939E-002
 Calc obj  8.053135727915615E-004  6.837349615633615E-004
  8.728549844667564E-003  8.544523267153489E-003  8.384678952623001E-003
  8.236111263290704E-003  8.053617107480008E-003  8.894213886643144E-003
  9.260697756544103E-003  9.503560914614344E-003  9.233466037296181E-003
  9.387827744575944E-003  7.226177898064761E-004  8.035304300394938E-004
  6.845829805524571E-002  0.565876806163929     
 Design variables:  8.053135727915615E-004  6.837349615633615E-004
  8.728549844667564E-003  8.544523267153489E-003  8.384678952623001E-003
  8.236111263290704E-003  8.053617107480008E-003  8.894213886643144E-003
  9.260697756544103E-003  9.503560914614344E-003  9.233466037296181E-003
  9.387827744575944E-003  7.226177898064761E-004  8.035304300394938E-004
  6.845829805524571E-002  0.565876806163929     
 Mean drag value and variance:  3.851477594780577E-003  4.433914613295036E-008
    9  0.3851522E-02  0.3516784E-02  0.1354060E-03  0.1085322E-01  0.1393402E-05
 Calc con  7.031196137831996E-004  5.857001346224942E-004
  8.613668293332330E-003  8.474918075000323E-003  8.386145553973007E-003
  8.327375995127681E-003  8.256880029413218E-003  8.559831574150016E-003
  9.223496330681277E-003  9.480837605948852E-003  9.230716518816557E-003
  9.230985604900051E-003  6.092516651722049E-004  7.026148129972100E-004
  6.979963125952790E-002  0.559852986810508     
 Design variables:  7.031196137831996E-004  5.857001346224942E-004
  8.613668293332330E-003  8.474918075000323E-003  8.386145553973007E-003
  8.327375995127681E-003  8.256880029413218E-003  8.559831574150016E-003
  9.223496330681277E-003  9.480837605948852E-003  9.230716518816557E-003
  9.230985604900051E-003  6.092516651722049E-004  7.026148129972100E-004
  6.979963125952790E-002  0.559852986810508     
 Constraint value, mean lift and its standard deviation: -1.421690654347326E-003
  0.820000690912843       1.857900025849552E-002
 Calc obj  7.031196137831996E-004  5.857001346224942E-004
  8.613668293332330E-003  8.474918075000323E-003  8.386145553973007E-003
  8.327375995127681E-003  8.256880029413218E-003  8.559831574150016E-003
  9.223496330681277E-003  9.480837605948852E-003  9.230716518816557E-003
  9.230985604900051E-003  6.092516651722049E-004  7.026148129972100E-004
  6.979963125952790E-002  0.559852986810508     
 Design variables:  7.031196137831996E-004  5.857001346224942E-004
  8.613668293332330E-003  8.474918075000323E-003  8.386145553973007E-003
  8.327375995127681E-003  8.256880029413218E-003  8.559831574150016E-003
  9.223496330681277E-003  9.480837605948852E-003  9.230716518816557E-003
  9.230985604900051E-003  6.092516651722049E-004  7.026148129972100E-004
  6.979963125952790E-002  0.559852986810508     
 Mean drag value and variance:  3.795431154366103E-003  3.137283414374801E-008
   10  0.3795463E-02  0.3454567E-01  0.4218420E-03  0.1840102E-01  0.3188542E-05
 Calc con  1.201548750119870E-003  8.061692993033838E-004
  8.736570549529664E-003  8.591814437144666E-003  8.570707034687408E-003
  8.611667597088502E-003  8.653448067650789E-003  7.833344213034502E-003
  8.970084815971873E-003  9.317385361171590E-003  9.151090256307996E-003
  8.772375073851760E-003  1.061680416580069E-003  1.244536048129972E-003
  6.957502662130936E-002  0.551900505476229     
 Design variables:  1.201548750119870E-003  8.061692993033838E-004
  8.736570549529664E-003  8.591814437144666E-003  8.570707034687408E-003
  8.611667597088502E-003  8.653448067650789E-003  7.833344213034502E-003
  8.970084815971873E-003  9.317385361171590E-003  9.151090256307996E-003
  8.772375073851760E-003  1.061680416580069E-003  1.244536048129972E-003
  6.957502662130936E-002  0.551900505476229     
 Constraint value, mean lift and its standard deviation: -1.135467832433842E-003
  0.819236063797569       1.810059596513475E-002
 Calc obj  1.201548750119870E-003  8.061692993033838E-004
  8.736570549529664E-003  8.591814437144666E-003  8.570707034687408E-003
  8.611667597088502E-003  8.653448067650789E-003  7.833344213034502E-003
  8.970084815971873E-003  9.317385361171590E-003  9.151090256307996E-003
  8.772375073851760E-003  1.061680416580069E-003  1.244536048129972E-003
  6.957502662130936E-002  0.551900505476229     
 Design variables:  1.201548750119870E-003  8.061692993033838E-004
  8.736570549529664E-003  8.591814437144666E-003  8.570707034687408E-003
  8.611667597088502E-003  8.653448067650789E-003  7.833344213034502E-003
  8.970084815971873E-003  9.317385361171590E-003  9.151090256307996E-003
  8.772375073851760E-003  1.061680416580069E-003  1.244536048129972E-003
  6.957502662130936E-002  0.551900505476229     
 Mean drag value and variance:  3.727992874065088E-003  2.554418507453434E-008
   11  0.3728018E-02  0.1037406E-01  0.6900479E-03  0.1050239E-01  0.2534708E-05
 Calc con  1.070554428149561E-003  9.455666201483786E-004
  9.583805065789238E-003  9.491658482100910E-003  9.432803712077196E-003
  9.407881091899144E-003  9.393139452321982E-003  9.978343342130346E-003
  8.504859596118545E-003  8.921611227678048E-003  9.060754486788114E-003
  9.419925271084161E-003  1.042403168000285E-003  1.075783904426998E-003
  6.944979863751080E-002  0.532811166316799     
 Design variables:  1.070554428149561E-003  9.455666201483786E-004
  9.583805065789238E-003  9.491658482100910E-003  9.432803712077196E-003
  9.407881091899144E-003  9.393139452321982E-003  9.978343342130346E-003
  8.504859596118545E-003  8.921611227678048E-003  9.060754486788114E-003
  9.419925271084161E-003  1.042403168000285E-003  1.075783904426998E-003
  6.944979863751080E-002  0.532811166316799     
 Constraint value, mean lift and its standard deviation: -1.252318407356911E-003
  0.818482883593921       1.723056518656390E-002
 Calc obj  1.070554428149561E-003  9.455666201483786E-004
  9.583805065789238E-003  9.491658482100910E-003  9.432803712077196E-003
  9.407881091899144E-003  9.393139452321982E-003  9.978343342130346E-003
  8.504859596118545E-003  8.921611227678048E-003  9.060754486788114E-003
  9.419925271084161E-003  1.042403168000285E-003  1.075783904426998E-003
  6.944979863751080E-002  0.532811166316799     
 Design variables:  1.070554428149561E-003  9.455666201483786E-004
  9.583805065789238E-003  9.491658482100910E-003  9.432803712077196E-003
  9.407881091899144E-003  9.393139452321982E-003  9.978343342130346E-003
  8.504859596118545E-003  8.921611227678048E-003  9.060754486788114E-003
  9.419925271084161E-003  1.042403168000285E-003  1.075783904426998E-003
  6.944979863751080E-002  0.532811166316799     
 Mean drag value and variance:  3.620790719742951E-003  2.088663730161297E-008
   12  0.3620812E-02  0.3364998E-01  0.9126185E-03  0.6339482E-02  0.1747644E-05
 Calc con  1.129762948024187E-003  1.043335509416502E-003
  9.726244911218299E-003  9.666444224312200E-003  9.620509406311241E-003
  9.594035026211374E-003  9.577354609630802E-003  9.841434852218224E-003
  9.843567773961091E-003  9.993173510302270E-003  9.427402867961097E-003
  9.679434029241950E-003  1.105080399103055E-003  1.129643108593506E-003
  6.963807382134132E-002  0.509024455334883     
 Design variables:  1.129762948024187E-003  1.043335509416502E-003
  9.726244911218299E-003  9.666444224312200E-003  9.620509406311241E-003
  9.594035026211374E-003  9.577354609630802E-003  9.841434852218224E-003
  9.843567773961091E-003  9.993173510302270E-003  9.427402867961097E-003
  9.679434029241950E-003  1.105080399103055E-003  1.129643108593506E-003
  6.963807382134132E-002  0.509024455334883     
 Constraint value, mean lift and its standard deviation: -9.692968323085568E-004
  0.817380446603068       1.641114977075903E-002
 Calc obj  1.129762948024187E-003  1.043335509416502E-003
  9.726244911218299E-003  9.666444224312200E-003  9.620509406311241E-003
  9.594035026211374E-003  9.577354609630802E-003  9.841434852218224E-003
  9.843567773961091E-003  9.993173510302270E-003  9.427402867961097E-003
  9.679434029241950E-003  1.105080399103055E-003  1.129643108593506E-003
  6.963807382134132E-002  0.509024455334883     
 Design variables:  1.129762948024187E-003  1.043335509416502E-003
  9.726244911218299E-003  9.666444224312200E-003  9.620509406311241E-003
  9.594035026211374E-003  9.577354609630802E-003  9.841434852218224E-003
  9.843567773961091E-003  9.993173510302270E-003  9.427402867961097E-003
  9.679434029241950E-003  1.105080399103055E-003  1.129643108593506E-003
  6.963807382134132E-002  0.509024455334883     
 Mean drag value and variance:  3.515281231374341E-003  1.745763527781071E-008
   13  0.3515299E-02  0.9706535E-01  0.6978987E-03  0.8748058E-02  0.6045457E-06
 Calc con  1.167841109578313E-003  1.111242916746857E-003
  9.812063105032276E-003  9.771828708169623E-003  9.736760531469608E-003
  9.710157240072577E-003  9.686488688095084E-003  9.885720366002663E-003
  9.998354664720479E-003  9.814714872387382E-003  9.995000799867690E-003
  9.800530437063755E-003  1.146120604925697E-003  1.168385637009263E-003
  6.971615093484101E-002  0.499695911482066     
 Design variables:  1.167841109578313E-003  1.111242916746857E-003
  9.812063105032276E-003  9.771828708169623E-003  9.736760531469608E-003
  9.710157240072577E-003  9.686488688095084E-003  9.885720366002663E-003
  9.998354664720479E-003  9.814714872387382E-003  9.995000799867690E-003
  9.800530437063755E-003  1.146120604925697E-003  1.168385637009263E-003
  6.971615093484101E-002  0.499695911482066     
 Constraint value, mean lift and its standard deviation: -9.644782321940951E-004
  0.817065309838798       1.610083160660374E-002
 Calc obj  1.167841109578313E-003  1.111242916746857E-003
  9.812063105032276E-003  9.771828708169623E-003  9.736760531469608E-003
  9.710157240072577E-003  9.686488688095084E-003  9.885720366002663E-003
  9.998354664720479E-003  9.814714872387382E-003  9.995000799867690E-003
  9.800530437063755E-003  1.146120604925697E-003  1.168385637009263E-003
  6.971615093484101E-002  0.499695911482066     
 Design variables:  1.167841109578313E-003  1.111242916746857E-003
  9.812063105032276E-003  9.771828708169623E-003  9.736760531469608E-003
  9.710157240072577E-003  9.686488688095084E-003  9.885720366002663E-003
  9.998354664720479E-003  9.814714872387382E-003  9.995000799867690E-003
  9.800530437063755E-003  1.146120604925697E-003  1.168385637009263E-003
  6.971615093484101E-002  0.499695911482066     
 Mean drag value and variance:  3.473553061141042E-003  1.647732116443024E-008
   14  0.3473570E-02  0.6235844E-01  0.7297906E-03  0.2726125E-01  0.9346937E-06
 Calc con  1.203250057477015E-003  1.191133377385187E-003
  9.886657275935689E-003  9.873506257215288E-003  9.859504399989547E-003
  9.842413006464872E-003  9.819132525650053E-003  9.844546009938128E-003
  9.820474558833080E-003  9.910345004659366E-003  9.847688352646990E-003
  9.947464161262784E-003  1.189022438285680E-003  1.203522439090015E-003
  6.975296295345734E-002  0.494940946926309     
 Design variables:  1.203250057477015E-003  1.191133377385187E-003
  9.886657275935689E-003  9.873506257215288E-003  9.859504399989547E-003
  9.842413006464872E-003  9.819132525650053E-003  9.844546009938128E-003
  9.820474558833080E-003  9.910345004659366E-003  9.847688352646990E-003
  9.947464161262784E-003  1.189022438285680E-003  1.203522439090015E-003
  6.975296295345734E-002  0.494940946926309     
 Constraint value, mean lift and its standard deviation: -3.594765067119927E-004
  0.816322544155272       1.596306764856002E-002
 Calc obj  1.203250057477015E-003  1.191133377385187E-003
  9.886657275935689E-003  9.873506257215288E-003  9.859504399989547E-003
  9.842413006464872E-003  9.819132525650053E-003  9.844546009938128E-003
  9.820474558833080E-003  9.910345004659366E-003  9.847688352646990E-003
  9.947464161262784E-003  1.189022438285680E-003  1.203522439090015E-003
  6.975296295345734E-002  0.494940946926309     
 Design variables:  1.203250057477015E-003  1.191133377385187E-003
  9.886657275935689E-003  9.873506257215288E-003  9.859504399989547E-003
  9.842413006464872E-003  9.819132525650053E-003  9.844546009938128E-003
  9.820474558833080E-003  9.910345004659366E-003  9.847688352646990E-003
  9.947464161262784E-003  1.189022438285680E-003  1.203522439090015E-003
  6.975296295345734E-002  0.494940946926309     
 Mean drag value and variance:  3.447305459005340E-003  1.573826194327145E-008
   15  0.3447321E-02  0.4754965E-02  0.6734157E-04  0.2542548E-03  0.3456950E-05
 Calc con  1.247007969208053E-003  1.244979958031621E-003
  9.994610961869634E-003  9.993605613227723E-003  9.992708999454715E-003
  9.992005464428086E-003  9.991452736691988E-003  9.992924983012640E-003
  9.993044712002182E-003  9.994549785049106E-003  9.995025551308642E-003
  9.996188184302745E-003  1.246149739913149E-003  1.247415346691116E-003
  6.981200512010614E-002  0.485410155406554     
 Design variables:  1.247007969208053E-003  1.244979958031621E-003
  9.994610961869634E-003  9.993605613227723E-003  9.992708999454715E-003
  9.992005464428086E-003  9.991452736691988E-003  9.992924983012640E-003
  9.993044712002182E-003  9.994549785049106E-003  9.995025551308642E-003
  9.996188184302745E-003  1.246149739913149E-003  1.247415346691116E-003
  6.981200512010614E-002  0.485410155406554     
 Constraint value, mean lift and its standard deviation: -1.248559519365956E-004
  0.815813136503779       1.568828055184187E-002
 Calc obj  1.247007969208053E-003  1.244979958031621E-003
  9.994610961869634E-003  9.993605613227723E-003  9.992708999454715E-003
  9.992005464428086E-003  9.991452736691988E-003  9.992924983012640E-003
  9.993044712002182E-003  9.994549785049106E-003  9.995025551308642E-003
  9.996188184302745E-003  1.246149739913149E-003  1.247415346691116E-003
  6.981200512010614E-002  0.485410155406554     
 Design variables:  1.247007969208053E-003  1.244979958031621E-003
  9.994610961869634E-003  9.993605613227723E-003  9.992708999454715E-003
  9.992005464428086E-003  9.991452736691988E-003  9.992924983012640E-003
  9.993044712002182E-003  9.994549785049106E-003  9.995025551308642E-003
  9.996188184302745E-003  1.246149739913149E-003  1.247415346691116E-003
  6.981200512010614E-002  0.485410155406554     
 Mean drag value and variance:  3.405313298443688E-003  1.481988638378277E-008
   16  0.3405328E-02  0.9530792E-02  0.1170560E-03  0.3278640E-03  0.1382813E-06
 Calc con  1.249972228905118E-003  1.249965698675720E-003
  9.999918706104852E-003  9.999906362920174E-003  9.999891312250951E-003
  9.999868360861855E-003  9.999830215839623E-003  9.999965841681399E-003
  9.999985074214224E-003  9.999967874809501E-003  9.999960425392012E-003
  9.999942694868171E-003  1.249940183283928E-003  1.249953859816295E-003
  6.981310360181485E-002  0.484744034018405     
 Design variables:  1.249972228905118E-003  1.249965698675720E-003
  9.999918706104852E-003  9.999906362920174E-003  9.999891312250951E-003
  9.999868360861855E-003  9.999830215839623E-003  9.999965841681399E-003
  9.999985074214224E-003  9.999967874809501E-003  9.999960425392012E-003
  9.999942694868171E-003  1.249940183283928E-003  1.249953859816295E-003
  6.981310360181485E-002  0.484744034018405     
 Constraint value, mean lift and its standard deviation:  1.012435370468800E-004
  0.815613165416586       1.571440895363285E-002
 Calc obj  1.249972228905118E-003  1.249965698675720E-003
  9.999918706104852E-003  9.999906362920174E-003  9.999891312250951E-003
  9.999868360861855E-003  9.999830215839623E-003  9.999965841681399E-003
  9.999985074214224E-003  9.999967874809501E-003  9.999960425392012E-003
  9.999942694868171E-003  1.249940183283928E-003  1.249953859816295E-003
  6.981310360181485E-002  0.484744034018405     
 Design variables:  1.249972228905118E-003  1.249965698675720E-003
  9.999918706104852E-003  9.999906362920174E-003  9.999891312250951E-003
  9.999868360861855E-003  9.999830215839623E-003  9.999965841681399E-003
  9.999985074214224E-003  9.999967874809501E-003  9.999960425392012E-003
  9.999942694868171E-003  1.249940183283928E-003  1.249953859816295E-003
  6.981310360181485E-002  0.484744034018405     
 Mean drag value and variance:  3.401635672450269E-003  1.472231323894375E-008
   17  0.3401650E-02  0.6661214E-03  0.1015155E-03  0.1636371E-04  0.3761761E-08
 Calc con  1.250009722949457E-003  1.250009623850069E-003
  1.000000935372185E-002  1.000000926029780E-002  1.000000916918126E-002
  1.000000906959939E-002  1.000000894200900E-002  1.000000944641877E-002
  1.000000955144244E-002  1.000000952765352E-002  1.000000953655009E-002
  1.000000951964691E-002  1.250009593639149E-003  1.250009679299082E-003
  6.981317966459383E-002  0.484889187971845     
 Design variables:  1.250009722949457E-003  1.250009623850069E-003
  1.000000935372185E-002  1.000000926029780E-002  1.000000916918126E-002
  1.000000906959939E-002  1.000000894200900E-002  1.000000944641877E-002
  1.000000955144244E-002  1.000000952765352E-002  1.000000953655009E-002
  1.000000951964691E-002  1.250009593639149E-003  1.250009679299082E-003
  6.981317966459383E-002  0.484889187971845     
 Constraint value, mean lift and its standard deviation: -1.749623588237839E-005
  0.815723184644929       1.570568840904657E-002
 Calc obj  1.250009722949457E-003  1.250009623850069E-003
  1.000000935372185E-002  1.000000926029780E-002  1.000000916918126E-002
  1.000000906959939E-002  1.000000894200900E-002  1.000000944641877E-002
  1.000000955144244E-002  1.000000952765352E-002  1.000000953655009E-002
  1.000000951964691E-002  1.250009593639149E-003  1.250009679299082E-003
  6.981317966459383E-002  0.484889187971845     
 Design variables:  1.250009722949457E-003  1.250009623850069E-003
  1.000000935372185E-002  1.000000926029780E-002  1.000000916918126E-002
  1.000000906959939E-002  1.000000894200900E-002  1.000000944641877E-002
  1.000000955144244E-002  1.000000952765352E-002  1.000000953655009E-002
  1.000000951964691E-002  1.250009593639149E-003  1.250009679299082E-003
  6.981317966459383E-002  0.484889187971845     
 Mean drag value and variance:  3.402919910427596E-003  1.478119488221490E-008
   18  0.3402935E-02  0.1451540E-03  0.1750502E-04  0.3158885E-04  0.1000000E-10
 Calc con  1.250009830768913E-003  1.250009750169960E-003
  1.000000960880531E-002  1.000000954682130E-002  1.000000948902418E-002
  1.000000943423930E-002  1.000000937123230E-002  1.000000958956991E-002
  1.000000963237438E-002  1.000000966353369E-002  1.000000969076932E-002
  1.000000971772533E-002  1.250009781315002E-003  1.250009832293838E-003
  6.981317987615863E-002  0.484862850027256     
 Design variables:  1.250009830768913E-003  1.250009750169960E-003
  1.000000960880531E-002  1.000000954682130E-002  1.000000948902418E-002
  1.000000943423930E-002  1.000000937123230E-002  1.000000958956991E-002
  1.000000963237438E-002  1.000000966353369E-002  1.000000969076932E-002
  1.000000971772533E-002  1.250009781315002E-003  1.250009832293838E-003
  6.981317987615863E-002  0.484862850027256     
 Constraint value, mean lift and its standard deviation: -1.635156978086610E-006
  0.815702897026319       1.570126186934080E-002
 Calc obj  1.250009830768913E-003  1.250009750169960E-003
  1.000000960880531E-002  1.000000954682130E-002  1.000000948902418E-002
  1.000000943423930E-002  1.000000937123230E-002  1.000000958956991E-002
  1.000000963237438E-002  1.000000966353369E-002  1.000000969076932E-002
  1.000000971772533E-002  1.250009781315002E-003  1.250009832293838E-003
  6.981317987615863E-002  0.484862850027256     
 Design variables:  1.250009830768913E-003  1.250009750169960E-003
  1.000000960880531E-002  1.000000954682130E-002  1.000000948902418E-002
  1.000000943423930E-002  1.000000937123230E-002  1.000000958956991E-002
  1.000000963237438E-002  1.000000966353369E-002  1.000000969076932E-002
  1.000000971772533E-002  1.250009781315002E-003  1.250009832293838E-003
  6.981317987615863E-002  0.484862850027256     
 Mean drag value and variance:  3.402721947006226E-003  1.477886180459207E-008
   19  0.3402737E-02  0.2633794E-04  0.1644356E-05  0.3412442E-04  0.1000000E-10
 
 The solution was found.
 
 The final value of the objective function is   3.402736725868031E-003
 
 The optimal values of X are:
 
 X  (           1 ) =   1.250000000000000E-003
 X  (           2 ) =   1.250000000000000E-003
 X  (           3 ) =   1.000000000000000E-002
 X  (           4 ) =   1.000000000000000E-002
 X  (           5 ) =   1.000000000000000E-002
 X  (           6 ) =   1.000000000000000E-002
 X  (           7 ) =   1.000000000000000E-002
 X  (           8 ) =   1.000000000000000E-002
 X  (           9 ) =   1.000000000000000E-002
 X  (          10 ) =   1.000000000000000E-002
 X  (          11 ) =   1.000000000000000E-002
 X  (          12 ) =   1.000000000000000E-002
 X  (          13 ) =   1.250000000000000E-003
 X  (          14 ) =   1.250000000000000E-003
 X  (          15 ) =    4.00000000000000     
 X  (          16 ) =   0.484862850027256     
 
 The multipliers for the equality constraints are:
 
 LAM(           1 ) =   1.247359367669193E-002
 
 Mean drag and its variance:  3.402721947006226E-003  1.477886180459207E-008
