 >> Number of Processors =   1
 Calc con  0.000000000000000E+000  0.000000000000000E+000
  0.000000000000000E+000  0.000000000000000E+000  0.000000000000000E+000
  0.000000000000000E+000  0.000000000000000E+000  0.000000000000000E+000
  0.000000000000000E+000  0.000000000000000E+000  0.000000000000000E+000
  0.000000000000000E+000  0.000000000000000E+000  0.000000000000000E+000
  3.490658503988659E-002  0.590000000000000     
 Design variables:  0.000000000000000E+000  0.000000000000000E+000
  0.000000000000000E+000  0.000000000000000E+000  0.000000000000000E+000
  0.000000000000000E+000  0.000000000000000E+000  0.000000000000000E+000
  0.000000000000000E+000  0.000000000000000E+000  0.000000000000000E+000
  0.000000000000000E+000  0.000000000000000E+000  0.000000000000000E+000
  3.490658503988659E-002  0.590000000000000     
 Constraint value, mean lift and its standard deviation:  0.691840273083086     
  0.170396403891629       1.555916924367883E-002
 Calc obj  0.000000000000000E+000  0.000000000000000E+000
  0.000000000000000E+000  0.000000000000000E+000  0.000000000000000E+000
  0.000000000000000E+000  0.000000000000000E+000  0.000000000000000E+000
  0.000000000000000E+000  0.000000000000000E+000  0.000000000000000E+000
  0.000000000000000E+000  0.000000000000000E+000  0.000000000000000E+000
  3.490658503988659E-002  0.590000000000000     
 Design variables:  0.000000000000000E+000  0.000000000000000E+000
  0.000000000000000E+000  0.000000000000000E+000  0.000000000000000E+000
  0.000000000000000E+000  0.000000000000000E+000  0.000000000000000E+000
  0.000000000000000E+000  0.000000000000000E+000  0.000000000000000E+000
  0.000000000000000E+000  0.000000000000000E+000  0.000000000000000E+000
  3.490658503988659E-002  0.590000000000000     
 Mean drag value and variance:  7.125006585813725E-004  2.269914766797525E-009
 
 iter    objective      ||grad||        inf_pr          inf_du         lg(mu)
    0  0.7125029E-03  0.0000000E+00  0.7018403E+00  0.9959162E+00  0.1000000E+01
 Calc con  1.228245953951168E-003  8.713380757795401E-004
  4.908074000389947E-003  4.359556257716859E-003  3.893774559217555E-003
  3.465722306047929E-003  3.012593124861521E-003  3.640836064773240E-003
  4.019098913375336E-003  4.362324447252935E-003  4.746580489679143E-003
  5.230660909138694E-003  8.967502358261960E-004  1.237509900000000E-003
  6.733743501971601E-002  0.587472694604519     
 Design variables:  1.228245953951168E-003  8.713380757795401E-004
  4.908074000389947E-003  4.359556257716859E-003  3.893774559217555E-003
  3.465722306047929E-003  3.012593124861521E-003  3.640836064773240E-003
  4.019098913375336E-003  4.362324447252935E-003  4.746580489679143E-003
  5.230660909138694E-003  8.967502358261960E-004  1.237509900000000E-003
  6.733743501971601E-002  0.587472694604519     
 Constraint value, mean lift and its standard deviation:  0.213920246443728     
  0.659223826966395       1.828601835253069E-002
 Calc obj  1.228245953951168E-003  8.713380757795401E-004
  4.908074000389947E-003  4.359556257716859E-003  3.893774559217555E-003
  3.465722306047929E-003  3.012593124861521E-003  3.640836064773240E-003
  4.019098913375336E-003  4.362324447252935E-003  4.746580489679143E-003
  5.230660909138694E-003  8.967502358261960E-004  1.237509900000000E-003
  6.733743501971601E-002  0.587472694604519     
 Design variables:  1.228245953951168E-003  8.713380757795401E-004
  4.908074000389947E-003  4.359556257716859E-003  3.893774559217555E-003
  3.465722306047929E-003  3.012593124861521E-003  3.640836064773240E-003
  4.019098913375336E-003  4.362324447252935E-003  4.746580489679143E-003
  5.230660909138694E-003  8.967502358261960E-004  1.237509900000000E-003
  6.733743501971601E-002  0.587472694604519     
 Mean drag value and variance:  2.887287790619812E-003  3.674695722774596E-008
    1  0.2887325E-02  0.4972512E-01  0.2492054E+00  0.4928055E+00  0.4210486E-01
 Calc con  8.025127767219221E-004  6.193951147320582E-004
  6.983167140029462E-003  6.460322739914639E-003  5.949594474272053E-003
  5.429451369355775E-003  4.830469229030096E-003  5.559510922302162E-003
  6.006406432284886E-003  6.382023004311707E-003  6.765908154242823E-003
  7.189142186556861E-003  6.338507316260282E-004  8.064397241411500E-004
  6.978093346269389E-002  0.606323659080719     
 Design variables:  8.025127767219221E-004  6.193951147320582E-004
  6.983167140029462E-003  6.460322739914639E-003  5.949594474272053E-003
  5.429451369355775E-003  4.830469229030096E-003  5.559510922302162E-003
  6.006406432284886E-003  6.382023004311707E-003  6.765908154242823E-003
  7.189142186556861E-003  6.338507316260282E-004  8.064397241411500E-004
  6.978093346269389E-002  0.606323659080719     
 Constraint value, mean lift and its standard deviation:  0.110608842298719     
  0.771468732925909       2.051939380615684E-002
 Calc obj  8.025127767219221E-004  6.193951147320582E-004
  6.983167140029462E-003  6.460322739914639E-003  5.949594474272053E-003
  5.429451369355775E-003  4.830469229030096E-003  5.559510922302162E-003
  6.006406432284886E-003  6.382023004311707E-003  6.765908154242823E-003
  7.189142186556861E-003  6.338507316260282E-004  8.064397241411500E-004
  6.978093346269389E-002  0.606323659080719     
 Design variables:  8.025127767219221E-004  6.193951147320582E-004
  6.983167140029462E-003  6.460322739914639E-003  5.949594474272053E-003
  5.429451369355775E-003  4.830469229030096E-003  5.559510922302162E-003
  6.006406432284886E-003  6.382023004311707E-003  6.765908154242823E-003
  7.189142186556861E-003  6.338507316260282E-004  8.064397241411500E-004
  6.978093346269389E-002  0.606323659080719     
 Mean drag value and variance:  5.225498751764200E-003  3.208910163602245E-006
    2  0.5228708E-02  0.6291407E-01  0.1109617E+00  0.4733254E+01  0.2273919E-01
 Calc con  8.646467836050807E-004  6.960275654786993E-004
  8.477208558510191E-003  8.204340736240221E-003  7.917968465752425E-003
  7.597784299064620E-003  7.179867028317731E-003  7.660447249415905E-003
  8.030562481863462E-003  8.277966960672640E-003  8.438235918499078E-003
  8.584123420133403E-003  7.046089230180950E-004  8.627476496163774E-004
  6.962289327579790E-002  0.637186413506158     
 Design variables:  8.646467836050807E-004  6.960275654786993E-004
  8.477208558510191E-003  8.204340736240221E-003  7.917968465752425E-003
  7.597784299064620E-003  7.179867028317731E-003  7.660447249415905E-003
  8.030562481863462E-003  8.277966960672640E-003  8.438235918499078E-003
  8.584123420133403E-003  7.046089230180950E-004  8.627476496163774E-004
  6.962289327579790E-002  0.637186413506158     
 Constraint value, mean lift and its standard deviation: -1.780844185678196E-002
  0.890693877139980       1.822135882079951E-002
 Calc obj  8.646467836050807E-004  6.960275654786993E-004
  8.477208558510191E-003  8.204340736240221E-003  7.917968465752425E-003
  7.597784299064620E-003  7.179867028317731E-003  7.660447249415905E-003
  8.030562481863462E-003  8.277966960672640E-003  8.438235918499078E-003
  8.584123420133403E-003  7.046089230180950E-004  8.627476496163774E-004
  6.962289327579790E-002  0.637186413506158     
 Design variables:  8.646467836050807E-004  6.960275654786993E-004
  8.477208558510191E-003  8.204340736240221E-003  7.917968465752425E-003
  7.597784299064620E-003  7.179867028317731E-003  7.660447249415905E-003
  8.030562481863462E-003  8.277966960672640E-003  8.438235918499078E-003
  8.584123420133403E-003  7.046089230180950E-004  8.627476496163774E-004
  6.962289327579790E-002  0.637186413506158     
 Mean drag value and variance:  2.184850163532348E-002  3.712257724773681E-005
    3  0.2188562E-01  0.3086275E-01  0.1604312E-01  0.3904685E+01  0.2391165E-02
 Calc con  8.886053072063128E-004  7.428019279769505E-004
  8.703193729480502E-003  8.472598793647063E-003  8.233469309602693E-003
  7.970571573213573E-003  7.631687081787219E-003  7.301223459729485E-003
  7.796702003203248E-003  8.418379685337710E-003  8.937421009002253E-003
  9.181985641598091E-003  7.660028327280945E-004  8.776840723269984E-004
  6.955879651494389E-002  0.618441224336987     
 Design variables:  8.886053072063128E-004  7.428019279769505E-004
  8.703193729480502E-003  8.472598793647063E-003  8.233469309602693E-003
  7.970571573213573E-003  7.631687081787219E-003  7.301223459729485E-003
  7.796702003203248E-003  8.418379685337710E-003  8.937421009002253E-003
  9.181985641598091E-003  7.660028327280945E-004  8.776840723269984E-004
  6.955879651494389E-002  0.618441224336987     
 Constraint value, mean lift and its standard deviation:  1.353512929394599E-002
  0.877047683865752       2.264570328992439E-002
 Calc obj  8.886053072063128E-004  7.428019279769505E-004
  8.703193729480502E-003  8.472598793647063E-003  8.233469309602693E-003
  7.970571573213573E-003  7.631687081787219E-003  7.301223459729485E-003
  7.796702003203248E-003  8.418379685337710E-003  8.937421009002253E-003
  9.181985641598091E-003  7.660028327280945E-004  8.776840723269984E-004
  6.955879651494389E-002  0.618441224336987     
 Design variables:  8.886053072063128E-004  7.428019279769505E-004
  8.703193729480502E-003  8.472598793647063E-003  8.233469309602693E-003
  7.970571573213573E-003  7.631687081787219E-003  7.301223459729485E-003
  7.796702003203248E-003  8.418379685337710E-003  8.937421009002253E-003
  9.181985641598091E-003  7.660028327280945E-004  8.776840723269984E-004
  6.955879651494389E-002  0.618441224336987     
 Mean drag value and variance:  1.159327038319525E-002  1.848190339710218E-005
    4  0.1161175E-01  0.1874519E-01  0.1592932E-01  0.1301557E+01  0.1256985E-02
 Calc con  1.089653213527256E-003  9.936877653488293E-004
  9.542514886220438E-003  9.445023402168264E-003  9.341367511786639E-003
  9.225955251316049E-003  9.073212954458820E-003  5.442277997669953E-003
  9.794779989968081E-003  9.895556630049433E-003  9.838530834910663E-003
  9.799882341713369E-003  1.006489584052890E-003  1.073773711345008E-003
  6.970072767684210E-002  0.594610105862412     
 Design variables:  1.089653213527256E-003  9.936877653488293E-004
  9.542514886220438E-003  9.445023402168264E-003  9.341367511786639E-003
  9.225955251316049E-003  9.073212954458820E-003  5.442277997669953E-003
  9.794779989968081E-003  9.895556630049433E-003  9.838530834910663E-003
  9.799882341713369E-003  1.006489584052890E-003  1.073773711345008E-003
  6.970072767684210E-002  0.594610105862412     
 Constraint value, mean lift and its standard deviation:  1.092444864849967E-003
  0.885894847303274       2.174682304203094E-002
 Calc obj  1.089653213527256E-003  9.936877653488293E-004
  9.542514886220438E-003  9.445023402168264E-003  9.341367511786639E-003
  9.225955251316049E-003  9.073212954458820E-003  5.442277997669953E-003
  9.794779989968081E-003  9.895556630049433E-003  9.838530834910663E-003
  9.799882341713369E-003  1.006489584052890E-003  1.073773711345008E-003
  6.970072767684210E-002  0.594610105862412     
 Design variables:  1.089653213527256E-003  9.936877653488293E-004
  9.542514886220438E-003  9.445023402168264E-003  9.341367511786639E-003
  9.225955251316049E-003  9.073212954458820E-003  5.442277997669953E-003
  9.794779989968081E-003  9.895556630049433E-003  9.838530834910663E-003
  9.799882341713369E-003  1.006489584052890E-003  1.073773711345008E-003
  6.970072767684210E-002  0.594610105862412     
 Mean drag value and variance:  6.070618141422158E-003  4.073501239048422E-006
    5  0.6074692E-02  0.2383112E-01  0.2117470E-02  0.1355749E+01  0.1800282E-03
 Calc con  1.078030200427816E-003  1.005104044695002E-003
  9.583615296981046E-003  9.521032660165961E-003  9.459824960133032E-003
  9.397060218036156E-003  9.320617058132788E-003  9.954432679976699E-003
  8.299091382680710E-003  9.577028129845452E-003  9.744963018103583E-003
  9.782251796970077E-003  1.026439616586357E-003  1.063541391290403E-003
  6.964181002063165E-002  0.583674577215949     
 Design variables:  1.078030200427816E-003  1.005104044695002E-003
  9.583615296981046E-003  9.521032660165961E-003  9.459824960133032E-003
  9.397060218036156E-003  9.320617058132788E-003  9.954432679976699E-003
  8.299091382680710E-003  9.577028129845452E-003  9.744963018103583E-003
  9.782251796970077E-003  1.026439616586357E-003  1.063541391290403E-003
  6.964181002063165E-002  0.583674577215949     
 Constraint value, mean lift and its standard deviation:  9.191622891308315E-004
  0.882594943085056       2.087852634354676E-002
 Calc obj  1.078030200427816E-003  1.005104044695002E-003
  9.583615296981046E-003  9.521032660165961E-003  9.459824960133032E-003
  9.397060218036156E-003  9.320617058132788E-003  9.954432679976699E-003
  8.299091382680710E-003  9.577028129845452E-003  9.744963018103583E-003
  9.782251796970077E-003  1.026439616586357E-003  1.063541391290403E-003
  6.964181002063165E-002  0.583674577215949     
 Design variables:  1.078030200427816E-003  1.005104044695002E-003
  9.583615296981046E-003  9.521032660165961E-003  9.459824960133032E-003
  9.397060218036156E-003  9.320617058132788E-003  9.954432679976699E-003
  8.299091382680710E-003  9.577028129845452E-003  9.744963018103583E-003
  9.782251796970077E-003  1.026439616586357E-003  1.063541391290403E-003
  6.964181002063165E-002  0.583674577215949     
 Mean drag value and variance:  5.095750707481184E-003  1.442593590758758E-006
    6  0.5097193E-02  0.1440498E-01  0.2481821E-02  0.1406376E+01  0.5742786E-03
 Calc con  1.103080577475612E-003  1.039010043876086E-003
  9.646825335990207E-003  9.592938524982390E-003  9.540114380883069E-003
  9.486014712829914E-003  9.420343043287897E-003  9.828709388018575E-003
  9.278429881275503E-003  9.636599687029809E-003  9.764267384170727E-003
  9.802568412893327E-003  1.059518346940671E-003  1.092888037608463E-003
  6.966358948285556E-002  0.577916781988236     
 Design variables:  1.103080577475612E-003  1.039010043876086E-003
  9.646825335990207E-003  9.592938524982390E-003  9.540114380883069E-003
  9.486014712829914E-003  9.420343043287897E-003  9.828709388018575E-003
  9.278429881275503E-003  9.636599687029809E-003  9.764267384170727E-003
  9.802568412893327E-003  1.059518346940671E-003  1.092888037608463E-003
  6.966358948285556E-002  0.577916781988236     
 Constraint value, mean lift and its standard deviation: -4.092734957178157E-004
  0.882069248190844       2.041499367378142E-002
 Calc obj  1.103080577475612E-003  1.039010043876086E-003
  9.646825335990207E-003  9.592938524982390E-003  9.540114380883069E-003
  9.486014712829914E-003  9.420343043287897E-003  9.828709388018575E-003
  9.278429881275503E-003  9.636599687029809E-003  9.764267384170727E-003
  9.802568412893327E-003  1.059518346940671E-003  1.092888037608463E-003
  6.966358948285556E-002  0.577916781988236     
 Design variables:  1.103080577475612E-003  1.039010043876086E-003
  9.646825335990207E-003  9.592938524982390E-003  9.540114380883069E-003
  9.486014712829914E-003  9.420343043287897E-003  9.828709388018575E-003
  9.278429881275503E-003  9.636599687029809E-003  9.764267384170727E-003
  9.802568412893327E-003  1.059518346940671E-003  1.092888037608463E-003
  6.966358948285556E-002  0.577916781988236     
 Mean drag value and variance:  4.837432049556068E-003  1.070572689309635E-006
    7  0.4838503E-02  0.5757795E-02  0.8752247E-03  0.2005087E+00  0.3480869E-04
 Calc con  1.148046764357462E-003  1.102766796900364E-003
  9.753006439995156E-003  9.713279395563408E-003  9.673501033399298E-003
  9.632067870020567E-003  9.581272830580469E-003  9.925700503239654E-003
  9.943837464242617E-003  9.957403737638780E-003  9.892216973366685E-003
  9.853050329214241E-003  1.112831932552801E-003  1.145219037746957E-003
  6.969594219242742E-002  0.566778098965070     
 Design variables:  1.148046764357462E-003  1.102766796900364E-003
  9.753006439995156E-003  9.713279395563408E-003  9.673501033399298E-003
  9.632067870020567E-003  9.581272830580469E-003  9.925700503239654E-003
  9.943837464242617E-003  9.957403737638780E-003  9.892216973366685E-003
  9.853050329214241E-003  1.112831932552801E-003  1.145219037746957E-003
  6.969594219242742E-002  0.566778098965070     
 Constraint value, mean lift and its standard deviation:  1.843889035392232E-004
  0.878349043277807       1.963335804533667E-002
 Calc obj  1.148046764357462E-003  1.102766796900364E-003
  9.753006439995156E-003  9.713279395563408E-003  9.673501033399298E-003
  9.632067870020567E-003  9.581272830580469E-003  9.925700503239654E-003
  9.943837464242617E-003  9.957403737638780E-003  9.892216973366685E-003
  9.853050329214241E-003  1.112831932552801E-003  1.145219037746957E-003
  6.969594219242742E-002  0.566778098965070     
 Design variables:  1.148046764357462E-003  1.102766796900364E-003
  9.753006439995156E-003  9.713279395563408E-003  9.673501033399298E-003
  9.632067870020567E-003  9.581272830580469E-003  9.925700503239654E-003
  9.943837464242617E-003  9.957403737638780E-003  9.892216973366685E-003
  9.853050329214241E-003  1.112831932552801E-003  1.145219037746957E-003
  6.969594219242742E-002  0.566778098965070     
 Mean drag value and variance:  4.360556325350407E-003  2.028275577623236E-007
    8  0.4360759E-02  0.1113868E-01  0.1056818E-02  0.1033389E+00  0.1325426E-05
 Calc con  1.186956492292948E-003  1.158699573411838E-003
  9.845196192426579E-003  9.819522842453696E-003  9.794091645421308E-003
  9.768025223155072E-003  9.736401806859857E-003  9.953133532840197E-003
  9.964835608409562E-003  9.974222969612229E-003  9.936575565687944E-003
  9.913354572931523E-003  1.165542666933811E-003  1.185430936014470E-003
  6.974767546405460E-002  0.562203411969007     
 Design variables:  1.186956492292948E-003  1.158699573411838E-003
  9.845196192426579E-003  9.819522842453696E-003  9.794091645421308E-003
  9.768025223155072E-003  9.736401806859857E-003  9.953133532840197E-003
  9.964835608409562E-003  9.974222969612229E-003  9.936575565687944E-003
  9.913354572931523E-003  1.165542666933811E-003  1.185430936014470E-003
  6.974767546405460E-002  0.562203411969007     
 Constraint value, mean lift and its standard deviation: -6.541749311522738E-005
  0.877563691598544       1.937456852635717E-002
 Calc obj  1.186956492292948E-003  1.158699573411838E-003
  9.845196192426579E-003  9.819522842453696E-003  9.794091645421308E-003
  9.768025223155072E-003  9.736401806859857E-003  9.953133532840197E-003
  9.964835608409562E-003  9.974222969612229E-003  9.936575565687944E-003
  9.913354572931523E-003  1.165542666933811E-003  1.185430936014470E-003
  6.974767546405460E-002  0.562203411969007     
 Design variables:  1.186956492292948E-003  1.158699573411838E-003
  9.845196192426579E-003  9.819522842453696E-003  9.794091645421308E-003
  9.768025223155072E-003  9.736401806859857E-003  9.953133532840197E-003
  9.964835608409562E-003  9.974222969612229E-003  9.936575565687944E-003
  9.913354572931523E-003  1.165542666933811E-003  1.185430936014470E-003
  6.974767546405460E-002  0.562203411969007     
 Mean drag value and variance:  4.253752814583104E-003  8.144920360360632E-008
    9  0.4253834E-02  0.4574687E-02  0.3702459E-03  0.4262915E-01  0.7940179E-07
 Calc con  1.217424473932806E-003  1.203347325489799E-003
  9.922806581333024E-003  9.911733453709118E-003  9.902287751161129E-003
  9.894349122439711E-003  9.886382079682038E-003  9.967259002905807E-003
  9.973923585830940E-003  9.981400233169666E-003  9.959729478517938E-003
  9.960833379114811E-003  1.209303385711693E-003  1.215243512650290E-003
  6.976250368642205E-002  0.558286961187758     
 Design variables:  1.217424473932806E-003  1.203347325489799E-003
  9.922806581333024E-003  9.911733453709118E-003  9.902287751161129E-003
  9.894349122439711E-003  9.886382079682038E-003  9.967259002905807E-003
  9.973923585830940E-003  9.981400233169666E-003  9.959729478517938E-003
  9.960833379114811E-003  1.209303385711693E-003  1.215243512650290E-003
  6.976250368642205E-002  0.558286961187758     
 Constraint value, mean lift and its standard deviation: -1.286418990144589E-004
  0.876507478856016       1.909470923925040E-002
 Calc obj  1.217424473932806E-003  1.203347325489799E-003
  9.922806581333024E-003  9.911733453709118E-003  9.902287751161129E-003
  9.894349122439711E-003  9.886382079682038E-003  9.967259002905807E-003
  9.973923585830940E-003  9.981400233169666E-003  9.959729478517938E-003
  9.960833379114811E-003  1.209303385711693E-003  1.215243512650290E-003
  6.976250368642205E-002  0.558286961187758     
 Design variables:  1.217424473932806E-003  1.203347325489799E-003
  9.922806581333024E-003  9.911733453709118E-003  9.902287751161129E-003
  9.894349122439711E-003  9.886382079682038E-003  9.967259002905807E-003
  9.973923585830940E-003  9.981400233169666E-003  9.959729478517938E-003
  9.960833379114811E-003  1.209303385711693E-003  1.215243512650290E-003
  6.976250368642205E-002  0.558286961187758     
 Mean drag value and variance:  4.190413164920741E-003  4.589715997096850E-008
   10  0.4190459E-02  0.3916451E-02  0.1184210E-04  0.8272478E-02  0.1828583E-07
 Calc con  1.224476627847965E-003  1.210206486896870E-003
  9.938211128547305E-003  9.924980814042484E-003  9.909516900996481E-003
  9.891462597436560E-003  9.867892998263718E-003  9.900530951916398E-003
  9.914816901547370E-003  9.914395007168893E-003  9.949731348430833E-003
  9.939885180958830E-003  1.212201675345643E-003  1.228545627474426E-003
  6.981276086043749E-002  0.558806763846519     
 Design variables:  1.224476627847965E-003  1.210206486896870E-003
  9.938211128547305E-003  9.924980814042484E-003  9.909516900996481E-003
  9.891462597436560E-003  9.867892998263718E-003  9.900530951916398E-003
  9.914816901547370E-003  9.914395007168893E-003  9.949731348430833E-003
  9.939885180958830E-003  1.212201675345643E-003  1.228545627474426E-003
  6.981276086043749E-002  0.558806763846519     
 Constraint value, mean lift and its standard deviation: -6.138380307788988E-004
  0.876837177138383       1.905583477690097E-002
 Calc obj  1.224476627847965E-003  1.210206486896870E-003
  9.938211128547305E-003  9.924980814042484E-003  9.909516900996481E-003
  9.891462597436560E-003  9.867892998263718E-003  9.900530951916398E-003
  9.914816901547370E-003  9.914395007168893E-003  9.949731348430833E-003
  9.939885180958830E-003  1.212201675345643E-003  1.228545627474426E-003
  6.981276086043749E-002  0.558806763846519     
 Design variables:  1.224476627847965E-003  1.210206486896870E-003
  9.938211128547305E-003  9.924980814042484E-003  9.909516900996481E-003
  9.891462597436560E-003  9.867892998263718E-003  9.900530951916398E-003
  9.914816901547370E-003  9.914395007168893E-003  9.949731348430833E-003
  9.939885180958830E-003  1.212201675345643E-003  1.228545627474426E-003
  6.981276086043749E-002  0.558806763846519     
 Mean drag value and variance:  4.204077706884969E-003  5.819427415017800E-008
 Calc con  1.223917825360569E-003  1.209096913823512E-003
  9.936791763159482E-003  9.922922075898346E-003  9.906522607358026E-003
  9.887212075914838E-003  9.861867828804348E-003  9.892566835799943E-003
  9.908146544903585E-003  9.907134008524747E-003  9.947717078937277E-003
  9.936087934313756E-003  1.210799478215219E-003  1.228605259414641E-003
  6.981276086043749E-002  0.558725340286936     
 Design variables:  1.223917825360569E-003  1.209096913823512E-003
  9.936791763159482E-003  9.922922075898346E-003  9.906522607358026E-003
  9.887212075914838E-003  9.861867828804348E-003  9.892566835799943E-003
  9.908146544903585E-003  9.907134008524747E-003  9.947717078937277E-003
  9.936087934313756E-003  1.210799478215219E-003  1.228605259414641E-003
  6.981276086043749E-002  0.558725340286936     
 Constraint value, mean lift and its standard deviation: -3.280282992166872E-004
  0.876565419145062       1.905934771146141E-002
 Calc obj  1.223917825360569E-003  1.209096913823512E-003
  9.936791763159482E-003  9.922922075898346E-003  9.906522607358026E-003
  9.887212075914838E-003  9.861867828804348E-003  9.892566835799943E-003
  9.908146544903585E-003  9.907134008524747E-003  9.947717078937277E-003
  9.936087934313756E-003  1.210799478215219E-003  1.228605259414641E-003
  6.981276086043749E-002  0.558725340286936     
 Design variables:  1.223917825360569E-003  1.209096913823512E-003
  9.936791763159482E-003  9.922922075898346E-003  9.906522607358026E-003
  9.887212075914838E-003  9.861867828804348E-003  9.892566835799943E-003
  9.908146544903585E-003  9.907134008524747E-003  9.947717078937277E-003
  9.936087934313756E-003  1.210799478215219E-003  1.228605259414641E-003
  6.981276086043749E-002  0.558725340286936     
 Mean drag value and variance:  4.194072900302869E-003  4.777499068481418E-008
 Calc con  1.223946998897916E-003  1.209154841574776E-003
  9.936865864313442E-003  9.923029556941274E-003  9.906678931174154E-003
  9.887433983925553E-003  9.862182386291498E-003  9.892982620346729E-003
  9.908494785834967E-003  9.907513085246672E-003  9.947822238394551E-003
  9.936286178092760E-003  1.210872683061790E-003  1.228602146195438E-003
  6.981276086043749E-002  0.558729591186512     
 Design variables:  1.223946998897916E-003  1.209154841574776E-003
  9.936865864313442E-003  9.923029556941274E-003  9.906678931174154E-003
  9.887433983925553E-003  9.862182386291498E-003  9.892982620346729E-003
  9.908494785834967E-003  9.907513085246672E-003  9.947822238394551E-003
  9.936286178092760E-003  1.210872683061790E-003  1.228602146195438E-003
  6.981276086043749E-002  0.558729591186512     
 Constraint value, mean lift and its standard deviation: -1.757798660185633E-004
  0.876564479311167       1.909717486128715E-002
 Calc obj  1.223946998897916E-003  1.209154841574776E-003
  9.936865864313442E-003  9.923029556941274E-003  9.906678931174154E-003
  9.887433983925553E-003  9.862182386291498E-003  9.892982620346729E-003
  9.908494785834967E-003  9.907513085246672E-003  9.947822238394551E-003
  9.936286178092760E-003  1.210872683061790E-003  1.228602146195438E-003
  6.981276086043749E-002  0.558729591186512     
 Design variables:  1.223946998897916E-003  1.209154841574776E-003
  9.936865864313442E-003  9.923029556941274E-003  9.906678931174154E-003
  9.887433983925553E-003  9.862182386291498E-003  9.892982620346729E-003
  9.908494785834967E-003  9.907513085246672E-003  9.947822238394551E-003
  9.936286178092760E-003  1.210872683061790E-003  1.228602146195438E-003
  6.981276086043749E-002  0.558729591186512     
 Mean drag value and variance:  4.194928784744161E-003  5.001683091654112E-008
 Calc con  1.224199418470587E-003  1.209656052588221E-003
  9.937507013221577E-003  9.923959520236544E-003  9.908031499098807E-003
  9.889354009069212E-003  9.864904046868362E-003  9.896580132584334E-003
  9.911507887264470E-003  9.910792988640546E-003  9.948732114524801E-003
  9.938001452088657E-003  1.211506076807245E-003  1.228575209542137E-003
  6.981276086043749E-002  0.558766371445331     
 Design variables:  1.224199418470587E-003  1.209656052588221E-003
  9.937507013221577E-003  9.923959520236544E-003  9.908031499098807E-003
  9.889354009069212E-003  9.864904046868362E-003  9.896580132584334E-003
  9.911507887264470E-003  9.910792988640546E-003  9.948732114524801E-003
  9.938001452088657E-003  1.211506076807245E-003  1.228575209542137E-003
  6.981276086043749E-002  0.558766371445331     
 Constraint value, mean lift and its standard deviation: -2.900962099535442E-004
  0.876692487050999       1.910059771026130E-002
 Calc obj  1.224199418470587E-003  1.209656052588221E-003
  9.937507013221577E-003  9.923959520236544E-003  9.908031499098807E-003
  9.889354009069212E-003  9.864904046868362E-003  9.896580132584334E-003
  9.911507887264470E-003  9.910792988640546E-003  9.948732114524801E-003
  9.938001452088657E-003  1.211506076807245E-003  1.228575209542137E-003
  6.981276086043749E-002  0.558766371445331     
 Design variables:  1.224199418470587E-003  1.209656052588221E-003
  9.937507013221577E-003  9.923959520236544E-003  9.908031499098807E-003
  9.889354009069212E-003  9.864904046868362E-003  9.896580132584334E-003
  9.911507887264470E-003  9.910792988640546E-003  9.948732114524801E-003
  9.938001452088657E-003  1.211506076807245E-003  1.228575209542137E-003
  6.981276086043749E-002  0.558766371445331     
 Mean drag value and variance:  4.191447642602852E-003  4.515421785430414E-008
 Calc con  1.224208884361875E-003  1.209674848313591E-003
  9.937531056705211E-003  9.923994394439691E-003  9.908082221238930E-003
  9.889426011208700E-003  9.865006110836193E-003  9.896715041535293E-003
  9.911620880445907E-003  9.910915987061923E-003  9.948766235446741E-003
  9.938065775932500E-003  1.211529829467444E-003  1.228574199400850E-003
  6.981276086043749E-002  0.558767750727959     
 Design variables:  1.224208884361875E-003  1.209674848313591E-003
  9.937531056705211E-003  9.923994394439691E-003  9.908082221238930E-003
  9.889426011208700E-003  9.865006110836193E-003  9.896715041535293E-003
  9.911620880445907E-003  9.910915987061923E-003  9.948766235446741E-003
  9.938065775932500E-003  1.211529829467444E-003  1.228574199400850E-003
  6.981276086043749E-002  0.558767750727959     
 Constraint value, mean lift and its standard deviation: -2.786347607853235E-004
  0.876694588420939       1.910398841503839E-002
 Calc obj  1.224208884361875E-003  1.209674848313591E-003
  9.937531056705211E-003  9.923994394439691E-003  9.908082221238930E-003
  9.889426011208700E-003  9.865006110836193E-003  9.896715041535293E-003
  9.911620880445907E-003  9.910915987061923E-003  9.948766235446741E-003
  9.938065775932500E-003  1.211529829467444E-003  1.228574199400850E-003
  6.981276086043749E-002  0.558767750727959     
 Design variables:  1.224208884361875E-003  1.209674848313591E-003
  9.937531056705211E-003  9.923994394439691E-003  9.908082221238930E-003
  9.889426011208700E-003  9.865006110836193E-003  9.896715041535293E-003
  9.911620880445907E-003  9.910915987061923E-003  9.948766235446741E-003
  9.938065775932500E-003  1.211529829467444E-003  1.228574199400850E-003
  6.981276086043749E-002  0.558767750727959     
 Mean drag value and variance:  4.185458957532215E-003  5.827746284625931E-008
   11  0.4185517E-02  0.7887980E-03  0.4744729E-04  0.3879768E-01  0.4196805E-05
 Calc con  1.227999746528316E-003  1.216039048315566E-003
  9.947210189009327E-003  9.936432568962863E-003  9.924372023499474E-003
  9.910887663193356E-003  9.893887356641909E-003  9.917100730959819E-003
  9.928227044890950E-003  9.928117475119153E-003  9.956424922560506E-003
  9.950171645897569E-003  1.218214027711430E-003  1.230975819808875E-003
  6.980663678598921E-002  0.557761707368522     
 Design variables:  1.227999746528316E-003  1.216039048315566E-003
  9.947210189009327E-003  9.936432568962863E-003  9.924372023499474E-003
  9.910887663193356E-003  9.893887356641909E-003  9.917100730959819E-003
  9.928227044890950E-003  9.928117475119153E-003  9.956424922560506E-003
  9.950171645897569E-003  1.218214027711430E-003  1.230975819808875E-003
  6.980663678598921E-002  0.557761707368522     
 Constraint value, mean lift and its standard deviation: -3.578639287776519E-004
  0.876251555294486       1.897342284142704E-002
 Calc obj  1.227999746528316E-003  1.216039048315566E-003
  9.947210189009327E-003  9.936432568962863E-003  9.924372023499474E-003
  9.910887663193356E-003  9.893887356641909E-003  9.917100730959819E-003
  9.928227044890950E-003  9.928117475119153E-003  9.956424922560506E-003
  9.950171645897569E-003  1.218214027711430E-003  1.230975819808875E-003
  6.980663678598921E-002  0.557761707368522     
 Design variables:  1.227999746528316E-003  1.216039048315566E-003
  9.947210189009327E-003  9.936432568962863E-003  9.924372023499474E-003
  9.910887663193356E-003  9.893887356641909E-003  9.917100730959819E-003
  9.928227044890950E-003  9.928117475119153E-003  9.956424922560506E-003
  9.950171645897569E-003  1.218214027711430E-003  1.230975819808875E-003
  6.980663678598921E-002  0.557761707368522     
 Mean drag value and variance:  4.174548712860228E-003  4.478756402853757E-008
   12  0.4174594E-02  0.1006043E-02  0.2175760E-03  0.2747696E-01  0.6359577E-06
 Calc con  1.242531056229137E-003  1.238536791588851E-003
  9.982297564850220E-003  9.978897573251197E-003  9.975505085630968E-003
  9.972215808160361E-003  9.968582925076897E-003  9.967556885441051E-003
  9.970337349404959E-003  9.970747915267525E-003  9.983233557794732E-003
  9.983824340544690E-003  1.239812138757619E-003  1.243415159924754E-003
  6.978734952152149E-002  0.554870644893953     
 Design variables:  1.242531056229137E-003  1.238536791588851E-003
  9.982297564850220E-003  9.978897573251197E-003  9.975505085630968E-003
  9.972215808160361E-003  9.968582925076897E-003  9.967556885441051E-003
  9.970337349404959E-003  9.970747915267525E-003  9.983233557794732E-003
  9.983824340544690E-003  1.239812138757619E-003  1.243415159924754E-003
  6.978734952152149E-002  0.554870644893953     
 Constraint value, mean lift and its standard deviation:  1.243869057321323E-004
  0.875099684461978       1.880601784192759E-002
 Calc obj  1.242531056229137E-003  1.238536791588851E-003
  9.982297564850220E-003  9.978897573251197E-003  9.975505085630968E-003
  9.972215808160361E-003  9.968582925076897E-003  9.967556885441051E-003
  9.970337349404959E-003  9.970747915267525E-003  9.983233557794732E-003
  9.983824340544690E-003  1.239812138757619E-003  1.243415159924754E-003
  6.978734952152149E-002  0.554870644893953     
 Design variables:  1.242531056229137E-003  1.238536791588851E-003
  9.982297564850220E-003  9.978897573251197E-003  9.975505085630968E-003
  9.972215808160361E-003  9.968582925076897E-003  9.967556885441051E-003
  9.970337349404959E-003  9.970747915267525E-003  9.983233557794732E-003
  9.983824340544690E-003  1.239812138757619E-003  1.243415159924754E-003
  6.978734952152149E-002  0.554870644893953     
 Mean drag value and variance:  4.147720727810911E-003  3.836751576812540E-008
   13  0.4147759E-02  0.2891062E-02  0.1461206E-03  0.1594345E-01  0.4245940E-07
 Calc con  1.149504847062365E-003  1.103895326639814E-003
  9.765404835284829E-003  9.730014073116869E-003  9.698843710480284E-003
  9.670515790840441E-003  9.637868931400914E-003  9.843411395283571E-003
  9.862960717057116E-003  9.884037046644596E-003  9.835979476951934E-003
  9.853292034004896E-003  1.123692367749380E-003  1.146085619530835E-003
  6.979226669000363E-002  0.567887015292078     
 Design variables:  1.149504847062365E-003  1.103895326639814E-003
  9.765404835284829E-003  9.730014073116869E-003  9.698843710480284E-003
  9.670515790840441E-003  9.637868931400914E-003  9.843411395283571E-003
  9.862960717057116E-003  9.884037046644596E-003  9.835979476951934E-003
  9.853292034004896E-003  1.123692367749380E-003  1.146085619530835E-003
  6.979226669000363E-002  0.567887015292078     
 Constraint value, mean lift and its standard deviation: -7.437242932456789E-004
  0.879699912874344       1.973904714527468E-002
 Calc obj  1.149504847062365E-003  1.103895326639814E-003
  9.765404835284829E-003  9.730014073116869E-003  9.698843710480284E-003
  9.670515790840441E-003  9.637868931400914E-003  9.843411395283571E-003
  9.862960717057116E-003  9.884037046644596E-003  9.835979476951934E-003
  9.853292034004896E-003  1.123692367749380E-003  1.146085619530835E-003
  6.979226669000363E-002  0.567887015292078     
 Design variables:  1.149504847062365E-003  1.103895326639814E-003
  9.765404835284829E-003  9.730014073116869E-003  9.698843710480284E-003
  9.670515790840441E-003  9.637868931400914E-003  9.843411395283571E-003
  9.862960717057116E-003  9.884037046644596E-003  9.835979476951934E-003
  9.853292034004896E-003  1.123692367749380E-003  1.146085619530835E-003
  6.979226669000363E-002  0.567887015292078     
 Mean drag value and variance:  4.381460224617865E-003  2.170532372588140E-007
 Calc con  1.149405285277088E-003  1.103744212275311E-003
  9.765164111266430E-003  9.729725980275000E-003  9.698512654899478E-003
  9.670149423591588E-003  9.637471038095412E-003  9.843221386769605E-003
  9.863084996132964E-003  9.884310896036112E-003  9.836017056371738E-003
  9.853087832841931E-003  1.123538336054344E-003  1.146005872398209E-003
  6.976357067288842E-002  0.567793554993818     
 Design variables:  1.149405285277088E-003  1.103744212275311E-003
  9.765164111266430E-003  9.729725980275000E-003  9.698512654899478E-003
  9.670149423591588E-003  9.637471038095412E-003  9.843221386769605E-003
  9.863084996132964E-003  9.884310896036112E-003  9.836017056371738E-003
  9.853087832841931E-003  1.123538336054344E-003  1.146005872398209E-003
  6.976357067288842E-002  0.567793554993818     
 Constraint value, mean lift and its standard deviation: -4.051836436216039E-004
  0.879324744475086       1.972989020786618E-002
 Calc obj  1.149405285277088E-003  1.103744212275311E-003
  9.765164111266430E-003  9.729725980275000E-003  9.698512654899478E-003
  9.670149423591588E-003  9.637471038095412E-003  9.843221386769605E-003
  9.863084996132964E-003  9.884310896036112E-003  9.836017056371738E-003
  9.853087832841931E-003  1.123538336054344E-003  1.146005872398209E-003
  6.976357067288842E-002  0.567793554993818     
 Design variables:  1.149405285277088E-003  1.103744212275311E-003
  9.765164111266430E-003  9.729725980275000E-003  9.698512654899478E-003
  9.670149423591588E-003  9.637471038095412E-003  9.843221386769605E-003
  9.863084996132964E-003  9.884310896036112E-003  9.836017056371738E-003
  9.853087832841931E-003  1.123538336054344E-003  1.146005872398209E-003
  6.976357067288842E-002  0.567793554993818     
 Mean drag value and variance:  4.401951614223067E-003  2.355703226649865E-007
   14  0.4402187E-02  0.1301637E-01  0.1257976E-04  0.2165738E-01  0.4382958E-05
 Calc con  1.213403569547404E-003  1.196174686163782E-003
  9.911788234623084E-003  9.896833268524623E-003  9.881541937028638E-003
  9.865398053512098E-003  9.845311876690375E-003  9.916637722192177E-003
  9.924945916958692E-003  9.929145881989036E-003  9.935776604492096E-003
  9.938430348974073E-003  1.201978437392282E-003  1.213712208236013E-003
  6.976425205916550E-002  0.559684949133689     
 Design variables:  1.213403569547404E-003  1.196174686163782E-003
  9.911788234623084E-003  9.896833268524623E-003  9.881541937028638E-003
  9.865398053512098E-003  9.845311876690375E-003  9.916637722192177E-003
  9.924945916958692E-003  9.929145881989036E-003  9.935776604492096E-003
  9.938430348974073E-003  1.201978437392282E-003  1.213712208236013E-003
  6.976425205916550E-002  0.559684949133689     
 Constraint value, mean lift and its standard deviation: -1.155905154949649E-004
  0.876702949856840       1.914683983533621E-002
 Calc obj  1.213403569547404E-003  1.196174686163782E-003
  9.911788234623084E-003  9.896833268524623E-003  9.881541937028638E-003
  9.865398053512098E-003  9.845311876690375E-003  9.916637722192177E-003
  9.924945916958692E-003  9.929145881989036E-003  9.935776604492096E-003
  9.938430348974073E-003  1.201978437392282E-003  1.213712208236013E-003
  6.976425205916550E-002  0.559684949133689     
 Design variables:  1.213403569547404E-003  1.196174686163782E-003
  9.911788234623084E-003  9.896833268524623E-003  9.881541937028638E-003
  9.865398053512098E-003  9.845311876690375E-003  9.916637722192177E-003
  9.924945916958692E-003  9.929145881989036E-003  9.935776604492096E-003
  9.938430348974073E-003  1.201978437392282E-003  1.213712208236013E-003
  6.976425205916550E-002  0.559684949133689     
 Mean drag value and variance:  4.194183108748180E-003  6.313590848229262E-008
   15  0.4194246E-02  0.8108606E-02  0.1695037E-03  0.2181955E-01  0.8042059E-05
 Calc con  1.204881725617110E-003  1.183496322830083E-003
  9.892421092856053E-003  9.874450973505372E-003  9.856400154638192E-003
  9.837639757366299E-003  9.814453408891650E-003  9.900447091332453E-003
  9.910595767970761E-003  9.916659670187648E-003  9.921617494104692E-003
  9.925811004037726E-003  1.191108287630258E-003  1.205066889485105E-003
  6.975105582840847E-002  0.561282020968209     
 Design variables:  1.204881725617110E-003  1.183496322830083E-003
  9.892421092856053E-003  9.874450973505372E-003  9.856400154638192E-003
  9.837639757366299E-003  9.814453408891650E-003  9.900447091332453E-003
  9.910595767970761E-003  9.916659670187648E-003  9.921617494104692E-003
  9.925811004037726E-003  1.191108287630258E-003  1.205066889485105E-003
  6.975105582840847E-002  0.561282020968209     
 Constraint value, mean lift and its standard deviation: -4.147323694386473E-004
  0.877388411938293       1.924341989221368E-002
 Calc obj  1.204881725617110E-003  1.183496322830083E-003
  9.892421092856053E-003  9.874450973505372E-003  9.856400154638192E-003
  9.837639757366299E-003  9.814453408891650E-003  9.900447091332453E-003
  9.910595767970761E-003  9.916659670187648E-003  9.921617494104692E-003
  9.925811004037726E-003  1.191108287630258E-003  1.205066889485105E-003
  6.975105582840847E-002  0.561282020968209     
 Design variables:  1.204881725617110E-003  1.183496322830083E-003
  9.892421092856053E-003  9.874450973505372E-003  9.856400154638192E-003
  9.837639757366299E-003  9.814453408891650E-003  9.900447091332453E-003
  9.910595767970761E-003  9.916659670187648E-003  9.921617494104692E-003
  9.925811004037726E-003  1.191108287630258E-003  1.205066889485105E-003
  6.975105582840847E-002  0.561282020968209     
 Mean drag value and variance:  4.233847481492082E-003  6.193841426245994E-008
   16  0.4233909E-02  0.1597072E-02  0.9466761E-04  0.3850825E-02  0.8042059E-05
 Calc con  1.198958656485849E-003  1.174859610494312E-003
  9.878315910593847E-003  9.858076727749064E-003  9.837856515117061E-003
  9.816958931449155E-003  9.791223227251665E-003  9.887397935242778E-003
  9.898965261800353E-003  9.906059918101383E-003  9.911275351504351E-003
  9.916094012440821E-003  1.183472287297496E-003  1.199137723649814E-003
  6.973760153156759E-002  0.562238208364311     
 Design variables:  1.198958656485849E-003  1.174859610494312E-003
  9.878315910593847E-003  9.858076727749064E-003  9.837856515117061E-003
  9.816958931449155E-003  9.791223227251665E-003  9.887397935242778E-003
  9.898965261800353E-003  9.906059918101383E-003  9.911275351504351E-003
  9.916094012440821E-003  1.183472287297496E-003  1.199137723649814E-003
  6.973760153156759E-002  0.562238208364311     
 Constraint value, mean lift and its standard deviation: -5.158077237855524E-004
  0.877604022717504       1.927205374842969E-002
 Calc obj  1.198958656485849E-003  1.174859610494312E-003
  9.878315910593847E-003  9.858076727749064E-003  9.837856515117061E-003
  9.816958931449155E-003  9.791223227251665E-003  9.887397935242778E-003
  9.898965261800353E-003  9.906059918101383E-003  9.911275351504351E-003
  9.916094012440821E-003  1.183472287297496E-003  1.199137723649814E-003
  6.973760153156759E-002  0.562238208364311     
 Design variables:  1.198958656485849E-003  1.174859610494312E-003
  9.878315910593847E-003  9.858076727749064E-003  9.837856515117061E-003
  9.816958931449155E-003  9.791223227251665E-003  9.887397935242778E-003
  9.898965261800353E-003  9.906059918101383E-003  9.911275351504351E-003
  9.916094012440821E-003  1.183472287297496E-003  1.199137723649814E-003
  6.973760153156759E-002  0.562238208364311     
 Mean drag value and variance:  4.259057523829623E-003  7.714701762629304E-008
 Calc con  1.198362303806253E-003  1.173998050814408E-003
  9.876911286838767E-003  9.856453984317767E-003  9.836022415314108E-003
  9.814912946998360E-003  9.788922582223733E-003  9.886041496947447E-003
  9.897788707444162E-003  9.905009576418886E-003  9.910269796598876E-003
  9.915075813008212E-003  1.182687652469668E-003  1.198545675456506E-003
  6.973647549431920E-002  0.562145665326880     
 Design variables:  1.198362303806253E-003  1.173998050814408E-003
  9.876911286838767E-003  9.856453984317767E-003  9.836022415314108E-003
  9.814912946998360E-003  9.788922582223733E-003  9.886041496947447E-003
  9.897788707444162E-003  9.905009576418886E-003  9.910269796598876E-003
  9.915075813008212E-003  1.182687652469668E-003  1.198545675456506E-003
  6.973647549431920E-002  0.562145665326880     
 Constraint value, mean lift and its standard deviation: -3.914015976630297E-004
  0.877437669013050       1.926156685384664E-002
 Calc obj  1.198362303806253E-003  1.173998050814408E-003
  9.876911286838767E-003  9.856453984317767E-003  9.836022415314108E-003
  9.814912946998360E-003  9.788922582223733E-003  9.886041496947447E-003
  9.897788707444162E-003  9.905009576418886E-003  9.910269796598876E-003
  9.915075813008212E-003  1.182687652469668E-003  1.198545675456506E-003
  6.973647549431920E-002  0.562145665326880     
 Design variables:  1.198362303806253E-003  1.173998050814408E-003
  9.876911286838767E-003  9.856453984317767E-003  9.836022415314108E-003
  9.814912946998360E-003  9.788922582223733E-003  9.886041496947447E-003
  9.897788707444162E-003  9.905009576418886E-003  9.910269796598876E-003
  9.915075813008212E-003  1.182687652469668E-003  1.198545675456506E-003
  6.973647549431920E-002  0.562145665326880     
 Mean drag value and variance:  4.248326438649315E-003  9.019900993330972E-008
   17  0.4248417E-02  0.9561874E-03  0.3841212E-04  0.1905422E-01  0.8042059E-05
 Calc con  1.200568563982332E-003  1.177243936391543E-003
  9.882419410516763E-003  9.862931901893229E-003  9.843453865835737E-003
  9.823297508957919E-003  9.798438300549253E-003  9.890869204528864E-003
  9.902043623892869E-003  9.909018416443861E-003  9.914066488704659E-003
  9.918682245035068E-003  1.185521707736663E-003  1.200736676452749E-003
  6.974569507899034E-002  0.561649366876029     
 Design variables:  1.200568563982332E-003  1.177243936391543E-003
  9.882419410516763E-003  9.862931901893229E-003  9.843453865835737E-003
  9.823297508957919E-003  9.798438300549253E-003  9.890869204528864E-003
  9.902043623892869E-003  9.909018416443861E-003  9.914066488704659E-003
  9.918682245035068E-003  1.185521707736663E-003  1.200736676452749E-003
  6.974569507899034E-002  0.561649366876029     
 Constraint value, mean lift and its standard deviation: -2.776149892783075E-005
  0.877222224242228       1.929861568582491E-002
 Calc obj  1.200568563982332E-003  1.177243936391543E-003
  9.882419410516763E-003  9.862931901893229E-003  9.843453865835737E-003
  9.823297508957919E-003  9.798438300549253E-003  9.890869204528864E-003
  9.902043623892869E-003  9.909018416443861E-003  9.914066488704659E-003
  9.918682245035068E-003  1.185521707736663E-003  1.200736676452749E-003
  6.974569507899034E-002  0.561649366876029     
 Design variables:  1.200568563982332E-003  1.177243936391543E-003
  9.882419410516763E-003  9.862931901893229E-003  9.843453865835737E-003
  9.823297508957919E-003  9.798438300549253E-003  9.890869204528864E-003
  9.902043623892869E-003  9.909018416443861E-003  9.914066488704659E-003
  9.918682245035068E-003  1.185521707736663E-003  1.200736676452749E-003
  6.974569507899034E-002  0.561649366876029     
 Mean drag value and variance:  4.360900117471921E-003  2.678609604886349E-008
 Calc con  1.202229087947402E-003  1.179605460800916E-003
  9.886192875471657E-003  9.867231951680702E-003  9.848253706413547E-003
  9.828595284099179E-003  9.804335473526764E-003  9.894614779759170E-003
  9.905278865870799E-003  9.911852205183357E-003  9.916864745011947E-003
  9.921644891772882E-003  1.187751652780118E-003  1.202396505738808E-003
  6.975007620431638E-002  0.561720636721350     
 Design variables:  1.202229087947402E-003  1.179605460800916E-003
  9.886192875471657E-003  9.867231951680702E-003  9.848253706413547E-003
  9.828595284099179E-003  9.804335473526764E-003  9.894614779759170E-003
  9.905278865870799E-003  9.911852205183357E-003  9.916864745011947E-003
  9.921644891772882E-003  1.187751652780118E-003  1.202396505738808E-003
  6.975007620431638E-002  0.561720636721350     
 Constraint value, mean lift and its standard deviation: -4.416496284260774E-004
  0.877542577689650       1.927523201530609E-002
 Calc obj  1.202229087947402E-003  1.179605460800916E-003
  9.886192875471657E-003  9.867231951680702E-003  9.848253706413547E-003
  9.828595284099179E-003  9.804335473526764E-003  9.894614779759170E-003
  9.905278865870799E-003  9.911852205183357E-003  9.916864745011947E-003
  9.921644891772882E-003  1.187751652780118E-003  1.202396505738808E-003
  6.975007620431638E-002  0.561720636721350     
 Design variables:  1.202229087947402E-003  1.179605460800916E-003
  9.886192875471657E-003  9.867231951680702E-003  9.848253706413547E-003
  9.828595284099179E-003  9.804335473526764E-003  9.894614779759170E-003
  9.905278865870799E-003  9.911852205183357E-003  9.916864745011947E-003
  9.921644891772882E-003  1.187751652780118E-003  1.202396505738808E-003
  6.975007620431638E-002  0.561720636721350     
 Mean drag value and variance:  4.235245664616845E-003  7.617044810828528E-008
   18  0.4235322E-02  0.4962985E-03  0.1100516E-03  0.1917051E-02  0.8042059E-05
 Calc con  1.201647516425541E-003  1.178795578016402E-003
  9.884918165956290E-003  9.865806374721335E-003  9.846692683782042E-003
  9.826906042837341E-003  9.802500521057661E-003  9.893368556353125E-003
  9.904282610672293E-003  9.911063920758178E-003  9.916002158039883E-003
  9.920561850525001E-003  1.186938620080514E-003  1.201815457373388E-003
  6.974803787889693E-002  0.561695100412684     
 Design variables:  1.201647516425541E-003  1.178795578016402E-003
  9.884918165956290E-003  9.865806374721335E-003  9.846692683782042E-003
  9.826906042837341E-003  9.802500521057661E-003  9.893368556353125E-003
  9.904282610672293E-003  9.911063920758178E-003  9.916002158039883E-003
  9.920561850525001E-003  1.186938620080514E-003  1.201815457373388E-003
  6.974803787889693E-002  0.561695100412684     
 Constraint value, mean lift and its standard deviation: -5.152496930010547E-004
  0.877422680661617       1.922685774215400E-002
 Calc obj  1.201647516425541E-003  1.178795578016402E-003
  9.884918165956290E-003  9.865806374721335E-003  9.846692683782042E-003
  9.826906042837341E-003  9.802500521057661E-003  9.893368556353125E-003
  9.904282610672293E-003  9.911063920758178E-003  9.916002158039883E-003
  9.920561850525001E-003  1.186938620080514E-003  1.201815457373388E-003
  6.974803787889693E-002  0.561695100412684     
 Design variables:  1.201647516425541E-003  1.178795578016402E-003
  9.884918165956290E-003  9.865806374721335E-003  9.846692683782042E-003
  9.826906042837341E-003  9.802500521057661E-003  9.893368556353125E-003
  9.904282610672293E-003  9.911063920758178E-003  9.916002158039883E-003
  9.920561850525001E-003  1.186938620080514E-003  1.201815457373388E-003
  6.974803787889693E-002  0.561695100412684     
 Mean drag value and variance:  4.230971603711942E-003  5.859874502034548E-008
 Calc con  1.200679526894362E-003  1.177413582519472E-003
  9.882712928988752E-003  9.863288251113208E-003  9.843875583239719E-003
  9.823789313764814E-003  9.799021581141041E-003  9.891183160230717E-003
  9.902378851462888E-003  9.909381703470959E-003  9.914353703461609E-003
  9.918848370399882E-003  1.185643222455822E-003  1.200847878578372E-003
  6.974605299304626E-002  0.561650328596583     
 Design variables:  1.200679526894362E-003  1.177413582519472E-003
  9.882712928988752E-003  9.863288251113208E-003  9.843875583239719E-003
  9.823789313764814E-003  9.799021581141041E-003  9.891183160230717E-003
  9.902378851462888E-003  9.909381703470959E-003  9.914353703461609E-003
  9.918848370399882E-003  1.185643222455822E-003  1.200847878578372E-003
  6.974605299304626E-002  0.561650328596583     
 Constraint value, mean lift and its standard deviation: -2.445704569942753E-004
  0.877238066283527       1.924837395663324E-002
 Calc obj  1.200679526894362E-003  1.177413582519472E-003
  9.882712928988752E-003  9.863288251113208E-003  9.843875583239719E-003
  9.823789313764814E-003  9.799021581141041E-003  9.891183160230717E-003
  9.902378851462888E-003  9.909381703470959E-003  9.914353703461609E-003
  9.918848370399882E-003  1.185643222455822E-003  1.200847878578372E-003
  6.974605299304626E-002  0.561650328596583     
 Design variables:  1.200679526894362E-003  1.177413582519472E-003
  9.882712928988752E-003  9.863288251113208E-003  9.843875583239719E-003
  9.823789313764814E-003  9.799021581141041E-003  9.891183160230717E-003
  9.902378851462888E-003  9.909381703470959E-003  9.914353703461609E-003
  9.918848370399882E-003  1.185643222455822E-003  1.200847878578372E-003
  6.974605299304626E-002  0.561650328596583     
 Mean drag value and variance:  4.228848182857780E-003  6.292829585241553E-008
   19  0.4228911E-02  0.2553631E-04  0.9528250E-04  0.1083726E-01  0.8042059E-05
 
 The solution was found.
 
 The final value of the objective function is   4.228911111153633E-003
 
 The optimal values of X are:
 
 X  (           1 ) =   1.200679526894362E-003
 X  (           2 ) =   1.177413582519472E-003
 X  (           3 ) =   9.882712928988752E-003
 X  (           4 ) =   9.863288251113208E-003
 X  (           5 ) =   9.843875583239719E-003
 X  (           6 ) =   9.823789313764814E-003
 X  (           7 ) =   9.799021581141041E-003
 X  (           8 ) =   9.891183160230717E-003
 X  (           9 ) =   9.902378851462888E-003
 X  (          10 ) =   9.909381703470959E-003
 X  (          11 ) =   9.914353703461609E-003
 X  (          12 ) =   9.918848370399882E-003
 X  (          13 ) =   1.185643222455822E-003
 X  (          14 ) =   1.200847878578372E-003
 X  (          15 ) =    3.99615447419733     
 X  (          16 ) =   0.561650328596583     
 
 The multipliers for the equality constraints are:
 
 LAM(           1 ) =   2.365051936755116E-002
 
 Mean drag and its variance:  4.228848182857780E-003  6.292829585241553E-008
