           1  0.903269016756258        9.52007083573213     
           2  0.804051544851044        6.42191271954292     
           3  0.602052657447560        4.10779918464913     
           4  0.501866158189287        3.53711210923666     
           5  0.399694860583434        3.10634831377153     
           6  0.301158507701292        2.75889171937810     
           7  0.205346444050076        2.42584699398495     
           8  0.202450889381161        4.20770998667500     
           9  0.301538478396521        4.73542331116399     
          10  0.402014946835827        5.11040644543961     
          11  0.504570952907477        5.40615079314288     
          12  0.604736568670243        5.70079052178605     
          13  0.803383624472688        7.01878133247048     
          14  0.901823325566936        9.34311224508425     
          15   9.23941464641511     
          16   1.15323198628056     
