           1  0.903269016756258        9.65476623818602     
           2  0.804051544851044        6.56984132962929     
           3  0.602052657447560        4.27699485849160     
           4  0.501866158189287        3.70877643487563     
           5  0.399694860583434        3.27516059326879     
           6  0.301158507701292        2.91930221238433     
           7  0.205346444050076        2.57148093427299     
           8  0.202450889381161        4.16799004519751     
           9  0.301538478396521        4.73828238121313     
          10  0.402014946835827        5.15455835153582     
          11  0.504570952907477        5.47746911218184     
          12  0.604736568670243        5.77477277829960     
          13  0.803383624472688        7.04204740050056     
          14  0.901823325566936        9.35332668404646     
          15   9.35988356597267     
          16   1.05543278542470     
