 Calc con  0.000000000000000E+000  0.000000000000000E+000
  0.000000000000000E+000  0.000000000000000E+000  0.000000000000000E+000
  0.000000000000000E+000  0.000000000000000E+000  0.000000000000000E+000
  0.000000000000000E+000  0.000000000000000E+000  0.000000000000000E+000
  0.000000000000000E+000  0.000000000000000E+000  0.000000000000000E+000
  3.490658503988659E-002  0.650000000000000     
 Design variables:  0.000000000000000E+000  0.000000000000000E+000
  0.000000000000000E+000  0.000000000000000E+000  0.000000000000000E+000
  0.000000000000000E+000  0.000000000000000E+000  0.000000000000000E+000
  0.000000000000000E+000  0.000000000000000E+000  0.000000000000000E+000
  0.000000000000000E+000  0.000000000000000E+000  0.000000000000000E+000
  3.490658503988659E-002  0.650000000000000     
 Constraint value, mean lift and its standard deviation:  0.310732154624961     
  0.324432760162361       1.758245739366092E-002
 Calc obj  0.000000000000000E+000  0.000000000000000E+000
  0.000000000000000E+000  0.000000000000000E+000  0.000000000000000E+000
  0.000000000000000E+000  0.000000000000000E+000  0.000000000000000E+000
  0.000000000000000E+000  0.000000000000000E+000  0.000000000000000E+000
  0.000000000000000E+000  0.000000000000000E+000  0.000000000000000E+000
  3.490658503988659E-002  0.650000000000000     
 Design variables:  0.000000000000000E+000  0.000000000000000E+000
  0.000000000000000E+000  0.000000000000000E+000  0.000000000000000E+000
  0.000000000000000E+000  0.000000000000000E+000  0.000000000000000E+000
  0.000000000000000E+000  0.000000000000000E+000  0.000000000000000E+000
  0.000000000000000E+000  0.000000000000000E+000  0.000000000000000E+000
  3.490658503988659E-002  0.650000000000000     
 Mean drag value and variance:  2.613383095913882E-003  1.143968609202396E-008
 
 iter    objective      ||grad||        inf_pr          inf_du         lg(mu)
    0  0.2613395E-02  0.0000000E+00  0.3207321E+00  0.9954347E+00  0.1000000E+01
 Calc con  8.227098994790920E-004  5.847043807171928E-004
  3.302994856812046E-003  2.935277518204113E-003  2.619188621849755E-003
  2.324439989342646E-003  2.009643323414275E-003  2.589179479472663E-003
  2.818960112241811E-003  3.012706089293093E-003  3.235175899610303E-003
  3.534854666509582E-003  6.017286532120571E-004  8.289481522604211E-004
  5.531686741767779E-002  0.663166788557768     
 Design variables:  8.227098994790920E-004  5.847043807171928E-004
  3.302994856812046E-003  2.935277518204113E-003  2.619188621849755E-003
  2.324439989342646E-003  2.009643323414275E-003  2.589179479472663E-003
  2.818960112241811E-003  3.012706089293093E-003  3.235175899610303E-003
  3.534854666509582E-003  6.017286532120571E-004  8.289481522604211E-004
  5.531686741767779E-002  0.663166788557768     
 Constraint value, mean lift and its standard deviation: -4.602018267514971E-002
  0.688192289941148       2.108605363299938E-002
 Calc obj  8.227098994790920E-004  5.847043807171928E-004
  3.302994856812046E-003  2.935277518204113E-003  2.619188621849755E-003
  2.324439989342646E-003  2.009643323414275E-003  2.589179479472663E-003
  2.818960112241811E-003  3.012706089293093E-003  3.235175899610303E-003
  3.534854666509582E-003  6.017286532120571E-004  8.289481522604211E-004
  5.531686741767779E-002  0.663166788557768     
 Design variables:  8.227098994790920E-004  5.847043807171928E-004
  3.302994856812046E-003  2.935277518204113E-003  2.619188621849755E-003
  2.324439989342646E-003  2.009643323414275E-003  2.589179479472663E-003
  2.818960112241811E-003  3.012706089293093E-003  3.235175899610303E-003
  3.534854666509582E-003  6.017286532120571E-004  8.289481522604211E-004
  5.531686741767779E-002  0.663166788557768     
 Mean drag value and variance:  6.767168439225816E-003  3.256208586443606E-006
    1  0.6770425E-02  0.2434409E-01  0.1167611E-01  0.6666390E+00  0.2569640E-01
 Calc con  7.454618753385473E-004  5.307197081941277E-004
  3.245209394063532E-003  2.899196339415083E-003  2.600952925520154E-003
  2.321082066768444E-003  2.018921384392707E-003  2.076417538995281E-003
  2.598188143365576E-003  3.104860429655461E-003  3.452393554947075E-003
  3.653504936556373E-003  5.462556505096115E-004  7.512377579519908E-004
  5.622024472135759E-002  0.655705601499892     
 Design variables:  7.454618753385473E-004  5.307197081941277E-004
  3.245209394063532E-003  2.899196339415083E-003  2.600952925520154E-003
  2.321082066768444E-003  2.018921384392707E-003  2.076417538995281E-003
  2.598188143365576E-003  3.104860429655461E-003  3.452393554947075E-003
  3.653504936556373E-003  5.462556505096115E-004  7.512377579519908E-004
  5.622024472135759E-002  0.655705601499892     
 Constraint value, mean lift and its standard deviation: -4.131608061630073E-002
  0.683377848245465       2.103088381458236E-002
 Calc obj  7.454618753385473E-004  5.307197081941277E-004
  3.245209394063532E-003  2.899196339415083E-003  2.600952925520154E-003
  2.321082066768444E-003  2.018921384392707E-003  2.076417538995281E-003
  2.598188143365576E-003  3.104860429655461E-003  3.452393554947075E-003
  3.653504936556373E-003  5.462556505096115E-004  7.512377579519908E-004
  5.622024472135759E-002  0.655705601499892     
 Design variables:  7.454618753385473E-004  5.307197081941277E-004
  3.245209394063532E-003  2.899196339415083E-003  2.600952925520154E-003
  2.321082066768444E-003  2.018921384392707E-003  2.076417538995281E-003
  2.598188143365576E-003  3.104860429655461E-003  3.452393554947075E-003
  3.653504936556373E-003  5.462556505096115E-004  7.512377579519908E-004
  5.622024472135759E-002  0.655705601499892     
 Mean drag value and variance:  6.130554934682904E-003  1.441120754184262E-006
    2  0.6131996E-02  0.8471651E-02  0.1499645E-02  0.9916744E-01  0.2616830E-02
 Calc con  5.747162218319291E-004  4.134732709215847E-004
  3.825923902030045E-003  3.479183654225917E-003  3.175762796049911E-003
  2.884463211072865E-003  2.557990212617506E-003  1.624327198431050E-003
  3.986317033147641E-003  4.949520721958000E-003  4.751954797705024E-003
  4.306819222994718E-003  4.264821888345034E-004  5.810994535811712E-004
  5.341940783229589E-002  0.645534107298553     
 Design variables:  5.747162218319291E-004  4.134732709215847E-004
  3.825923902030045E-003  3.479183654225917E-003  3.175762796049911E-003
  2.884463211072865E-003  2.557990212617506E-003  1.624327198431050E-003
  3.986317033147641E-003  4.949520721958000E-003  4.751954797705024E-003
  4.306819222994718E-003  4.264821888345034E-004  5.810994535811712E-004
  5.341940783229589E-002  0.645534107298553     
 Constraint value, mean lift and its standard deviation: -2.902276329431343E-002
  0.673430471193741       2.220385394971357E-002
 Calc obj  5.747162218319291E-004  4.134732709215847E-004
  3.825923902030045E-003  3.479183654225917E-003  3.175762796049911E-003
  2.884463211072865E-003  2.557990212617506E-003  1.624327198431050E-003
  3.986317033147641E-003  4.949520721958000E-003  4.751954797705024E-003
  4.306819222994718E-003  4.264821888345034E-004  5.810994535811712E-004
  5.341940783229589E-002  0.645534107298553     
 Design variables:  5.747162218319291E-004  4.134732709215847E-004
  3.825923902030045E-003  3.479183654225917E-003  3.175762796049911E-003
  2.884463211072865E-003  2.557990212617506E-003  1.624327198431050E-003
  3.986317033147641E-003  4.949520721958000E-003  4.751954797705024E-003
  4.306819222994718E-003  4.264821888345034E-004  5.810994535811712E-004
  5.341940783229589E-002  0.645534107298553     
 Mean drag value and variance:  4.937017631530143E-003  1.541930459948379E-007
    3  0.4937172E-02  0.1052476E-01  0.3268203E-02  0.1712941E+00  0.7773989E-03
 Calc con  5.812152329759078E-004  4.195028872230280E-004
  4.185641971647400E-003  3.802562128205341E-003  3.469287393539178E-003
  3.152565226156226E-003  2.799458670215775E-003  1.843264111399112E-003
  3.998747322498934E-003  5.086257585181712E-003  5.095411840418928E-003
  4.827922755770894E-003  4.345992754316033E-004  5.865293995279752E-004
  5.203537565167255E-002  0.642078676930203     
 Design variables:  5.812152329759078E-004  4.195028872230280E-004
  4.185641971647400E-003  3.802562128205341E-003  3.469287393539178E-003
  3.152565226156226E-003  2.799458670215775E-003  1.843264111399112E-003
  3.998747322498934E-003  5.086257585181712E-003  5.095411840418928E-003
  4.827922755770894E-003  4.345992754316033E-004  5.865293995279752E-004
  5.203537565167255E-002  0.642078676930203     
 Constraint value, mean lift and its standard deviation: -2.554823513753579E-002
  0.668344415356203       2.139809010933386E-002
 Calc obj  5.812152329759078E-004  4.195028872230280E-004
  4.185641971647400E-003  3.802562128205341E-003  3.469287393539178E-003
  3.152565226156226E-003  2.799458670215775E-003  1.843264111399112E-003
  3.998747322498934E-003  5.086257585181712E-003  5.095411840418928E-003
  4.827922755770894E-003  4.345992754316033E-004  5.865293995279752E-004
  5.203537565167255E-002  0.642078676930203     
 Design variables:  5.812152329759078E-004  4.195028872230280E-004
  4.185641971647400E-003  3.802562128205341E-003  3.469287393539178E-003
  3.152565226156226E-003  2.799458670215775E-003  1.843264111399112E-003
  3.998747322498934E-003  5.086257585181712E-003  5.095411840418928E-003
  4.827922755770894E-003  4.345992754316033E-004  5.865293995279752E-004
  5.203537565167255E-002  0.642078676930203     
 Mean drag value and variance:  4.853330205275060E-003  1.080745588415832E-007
    4  0.4853438E-02  0.7823042E-02  0.1080311E-02  0.3865092E-01  0.3329126E-04
 Calc con  7.451445319484344E-005 -1.247084940634598E-005
  6.658631998648126E-003  6.125758993039077E-003  5.695772924687417E-003
  5.332727676447654E-003  4.937746193569779E-003  7.528096902321466E-003
  6.656835335560787E-003  7.101468383487499E-003  8.532576587162040E-003
  9.948289127557710E-003  3.928001612103310E-005  3.297211575603674E-005
  3.978060636583699E-002  0.617516676964621     
 Design variables:  7.451445319484344E-005 -1.247084940634598E-005
  6.658631998648126E-003  6.125758993039077E-003  5.695772924687417E-003
  5.332727676447654E-003  4.937746193569779E-003  7.528096902321466E-003
  6.656835335560787E-003  7.101468383487499E-003  8.532576587162040E-003
  9.948289127557710E-003  3.928001612103310E-005  3.297211575603674E-005
  3.978060636583699E-002  0.617516676964621     
 Constraint value, mean lift and its standard deviation: -2.898492175678988E-003
  0.642379816122062       1.974066197319144E-002
 Calc obj  7.451445319484344E-005 -1.247084940634598E-005
  6.658631998648126E-003  6.125758993039077E-003  5.695772924687417E-003
  5.332727676447654E-003  4.937746193569779E-003  7.528096902321466E-003
  6.656835335560787E-003  7.101468383487499E-003  8.532576587162040E-003
  9.948289127557710E-003  3.928001612103310E-005  3.297211575603674E-005
  3.978060636583699E-002  0.617516676964621     
 Design variables:  7.451445319484344E-005 -1.247084940634598E-005
  6.658631998648126E-003  6.125758993039077E-003  5.695772924687417E-003
  5.332727676447654E-003  4.937746193569779E-003  7.528096902321466E-003
  6.656835335560787E-003  7.101468383487499E-003  8.532576587162040E-003
  9.948289127557710E-003  3.928001612103310E-005  3.297211575603674E-005
  3.978060636583699E-002  0.617516676964621     
 Mean drag value and variance:  4.498879689992247E-003  3.403264054505876E-008
 Calc con  8.109963136635856E-005 -6.561780163341353E-006
  6.680951771041400E-003  6.150200857539161E-003  5.720827535518901E-003
  5.357001938253515E-003  4.960026930024978E-003  7.432063140475476E-003
  6.712518628523663E-003  7.184492066103411E-003  8.573418203952136E-003
  9.948289127557710E-003  4.495928390792968E-005  4.006007650684152E-005
  4.018442717142055E-002  0.617865553935047     
 Design variables:  8.109963136635856E-005 -6.561780163341353E-006
  6.680951771041400E-003  6.150200857539161E-003  5.720827535518901E-003
  5.357001938253515E-003  4.960026930024978E-003  7.432063140475476E-003
  6.712518628523663E-003  7.184492066103411E-003  8.573418203952136E-003
  9.948289127557710E-003  4.495928390792968E-005  4.006007650684152E-005
  4.018442717142055E-002  0.617865553935047     
 Constraint value, mean lift and its standard deviation: -8.364466036892816E-003
  0.647787541223250       1.971153759317843E-002
 Calc obj  8.109963136635856E-005 -6.561780163341353E-006
  6.680951771041400E-003  6.150200857539161E-003  5.720827535518901E-003
  5.357001938253515E-003  4.960026930024978E-003  7.432063140475476E-003
  6.712518628523663E-003  7.184492066103411E-003  8.573418203952136E-003
  9.948289127557710E-003  4.495928390792968E-005  4.006007650684152E-005
  4.018442717142055E-002  0.617865553935047     
 Design variables:  8.109963136635856E-005 -6.561780163341353E-006
  6.680951771041400E-003  6.150200857539161E-003  5.720827535518901E-003
  5.357001938253515E-003  4.960026930024978E-003  7.432063140475476E-003
  6.712518628523663E-003  7.184492066103411E-003  8.573418203952136E-003
  9.948289127557710E-003  4.495928390792968E-005  4.006007650684152E-005
  4.018442717142055E-002  0.617865553935047     
 Mean drag value and variance:  4.541828939072546E-003  3.936974058121783E-008
    5  0.4541868E-02  0.2579930E-01  0.1837029E-03  0.1352806E-01  0.1106766E-03
 Calc con  3.044607874547058E-004  1.670623589386136E-004
  7.855972059492575E-003  7.477733178939394E-003  7.166810333968314E-003
  6.908511646938945E-003  6.623832255493111E-003  7.856497535768114E-003
  7.983912374581327E-003  8.357462567719753E-003  8.867735522879998E-003
  9.425899762711874E-003  2.181754980354298E-004  2.592101139004319E-004
  3.567059753647828E-002  0.610069530094823     
 Design variables:  3.044607874547058E-004  1.670623589386136E-004
  7.855972059492575E-003  7.477733178939394E-003  7.166810333968314E-003
  6.908511646938945E-003  6.623832255493111E-003  7.856497535768114E-003
  7.983912374581327E-003  8.357462567719753E-003  8.867735522879998E-003
  9.425899762711874E-003  2.181754980354298E-004  2.592101139004319E-004
  3.567059753647828E-002  0.610069530094823     
 Constraint value, mean lift and its standard deviation: -6.963482804724364E-004
  0.639461014676157       1.938233319784247E-002
 Calc obj  3.044607874547058E-004  1.670623589386136E-004
  7.855972059492575E-003  7.477733178939394E-003  7.166810333968314E-003
  6.908511646938945E-003  6.623832255493111E-003  7.856497535768114E-003
  7.983912374581327E-003  8.357462567719753E-003  8.867735522879998E-003
  9.425899762711874E-003  2.181754980354298E-004  2.592101139004319E-004
  3.567059753647828E-002  0.610069530094823     
 Design variables:  3.044607874547058E-004  1.670623589386136E-004
  7.855972059492575E-003  7.477733178939394E-003  7.166810333968314E-003
  6.908511646938945E-003  6.623832255493111E-003  7.856497535768114E-003
  7.983912374581327E-003  8.357462567719753E-003  8.867735522879998E-003
  9.425899762711874E-003  2.181754980354298E-004  2.592101139004319E-004
  3.567059753647828E-002  0.610069530094823     
 Mean drag value and variance:  4.416220482558447E-003  3.253112897508268E-008
    6  0.4416253E-02  0.7796024E-02  0.3499548E-02  0.8464678E-02  0.2429658E-04
 Calc con  6.555905536068101E-004  4.885843087164795E-004
  8.763901035782694E-003  8.547319849144877E-003  8.386248332897035E-003
  8.279792949739413E-003  8.185466905708710E-003  8.313534077406932E-003
  8.765266958781225E-003  9.048713716939069E-003  9.270977966697853E-003
  9.557091709588772E-003  5.440019228486615E-004  6.256201959276943E-004
  3.220740023653297E-002  0.603847298902770     
 Design variables:  6.555905536068101E-004  4.885843087164795E-004
  8.763901035782694E-003  8.547319849144877E-003  8.386248332897035E-003
  8.279792949739413E-003  8.185466905708710E-003  8.313534077406932E-003
  8.765266958781225E-003  9.048713716939069E-003  9.270977966697853E-003
  9.557091709588772E-003  5.440019228486615E-004  6.256201959276943E-004
  3.220740023653297E-002  0.603847298902770     
 Constraint value, mean lift and its standard deviation: -7.125665161306693E-003
  0.644781565641915       1.882795024030418E-002
 Calc obj  6.555905536068101E-004  4.885843087164795E-004
  8.763901035782694E-003  8.547319849144877E-003  8.386248332897035E-003
  8.279792949739413E-003  8.185466905708710E-003  8.313534077406932E-003
  8.765266958781225E-003  9.048713716939069E-003  9.270977966697853E-003
  9.557091709588772E-003  5.440019228486615E-004  6.256201959276943E-004
  3.220740023653297E-002  0.603847298902770     
 Design variables:  6.555905536068101E-004  4.885843087164795E-004
  8.763901035782694E-003  8.547319849144877E-003  8.386248332897035E-003
  8.279792949739413E-003  8.185466905708710E-003  8.313534077406932E-003
  8.765266958781225E-003  9.048713716939069E-003  9.270977966697853E-003
  9.557091709588772E-003  5.440019228486615E-004  6.256201959276943E-004
  3.220740023653297E-002  0.603847298902770     
 Mean drag value and variance:  4.409467690602520E-003  2.978056340378486E-008
 Calc con  6.367288614347330E-004  4.718907790453210E-004
  8.712094850362369E-003  8.489062180484648E-003  8.324243407168207E-003
  8.216419445169102E-003  8.122470992062612E-003  8.371717383677061E-003
  8.723127138550640E-003  8.961713131403650E-003  9.206170888718713E-003
  9.530840138758984E-003  5.265463706856805E-004  6.068817544602256E-004
  3.191672111609500E-002  0.603695356747367     
 Design variables:  6.367288614347330E-004  4.718907790453210E-004
  8.712094850362369E-003  8.489062180484648E-003  8.324243407168207E-003
  8.216419445169102E-003  8.122470992062612E-003  8.371717383677061E-003
  8.723127138550640E-003  8.961713131403650E-003  9.206170888718713E-003
  9.530840138758984E-003  5.265463706856805E-004  6.068817544602256E-004
  3.191672111609500E-002  0.603695356747367     
 Constraint value, mean lift and its standard deviation: -2.362533193084604E-003
  0.639646533799030       1.864200030297294E-002
 Calc obj  6.367288614347330E-004  4.718907790453210E-004
  8.712094850362369E-003  8.489062180484648E-003  8.324243407168207E-003
  8.216419445169102E-003  8.122470992062612E-003  8.371717383677061E-003
  8.723127138550640E-003  8.961713131403650E-003  9.206170888718713E-003
  9.530840138758984E-003  5.265463706856805E-004  6.068817544602256E-004
  3.191672111609500E-002  0.603695356747367     
 Design variables:  6.367288614347330E-004  4.718907790453210E-004
  8.712094850362369E-003  8.489062180484648E-003  8.324243407168207E-003
  8.216419445169102E-003  8.122470992062612E-003  8.371717383677061E-003
  8.723127138550640E-003  8.961713131403650E-003  9.206170888718713E-003
  9.530840138758984E-003  5.265463706856805E-004  6.068817544602256E-004
  3.191672111609500E-002  0.603695356747367     
 Mean drag value and variance:  4.361275904743763E-003  3.213264858317703E-008
    7  0.4361308E-02  0.6222231E-02  0.9071975E-03  0.8942816E-02  0.3242961E-05
 Calc con  9.701807438757400E-004  9.193583566281463E-004
  8.879140172721463E-003  8.728470727480940E-003  8.612909855280322E-003
  8.535150716164409E-003  8.475256339110062E-003  8.276088851778206E-003
  8.993594644413365E-003  9.215984864943226E-003  9.176465924217359E-003
  9.009077178097286E-003  9.230379233582569E-004  9.726518277425665E-004
  3.040811443431504E-002  0.600547414415075     
 Design variables:  9.701807438757400E-004  9.193583566281463E-004
  8.879140172721463E-003  8.728470727480940E-003  8.612909855280322E-003
  8.535150716164409E-003  8.475256339110062E-003  8.276088851778206E-003
  8.993594644413365E-003  9.215984864943226E-003  9.176465924217359E-003
  9.009077178097286E-003  9.230379233582569E-004  9.726518277425665E-004
  3.040811443431504E-002  0.600547414415075     
 Constraint value, mean lift and its standard deviation: -1.214131822168507E-003
  0.638207366797964       1.849661748789785E-002
 Calc obj  9.701807438757400E-004  9.193583566281463E-004
  8.879140172721463E-003  8.728470727480940E-003  8.612909855280322E-003
  8.535150716164409E-003  8.475256339110062E-003  8.276088851778206E-003
  8.993594644413365E-003  9.215984864943226E-003  9.176465924217359E-003
  9.009077178097286E-003  9.230379233582569E-004  9.726518277425665E-004
  3.040811443431504E-002  0.600547414415075     
 Design variables:  9.701807438757400E-004  9.193583566281463E-004
  8.879140172721463E-003  8.728470727480940E-003  8.612909855280322E-003
  8.535150716164409E-003  8.475256339110062E-003  8.276088851778206E-003
  8.993594644413365E-003  9.215984864943226E-003  9.176465924217359E-003
  9.009077178097286E-003  9.230379233582569E-004  9.726518277425665E-004
  3.040811443431504E-002  0.600547414415075     
 Mean drag value and variance:  4.315159156103772E-003  2.845467172126997E-008
    8  0.4315188E-02  0.3147942E-02  0.8686793E-03  0.1113189E-01  0.1352387E-04
 Calc con  1.072653868126585E-003  1.015728339577680E-003
  9.560403778742357E-003  9.505140690288095E-003  9.460075830085651E-003
  9.425925061549500E-003  9.395742830025212E-003  8.673927318213089E-003
  8.991762865905379E-003  9.253904899805328E-003  9.375927891794623E-003
  9.436169716210698E-003  1.026227309233820E-003  1.079613913946386E-003
  2.786861675247007E-002  0.600018435830207     
 Design variables:  1.072653868126585E-003  1.015728339577680E-003
  9.560403778742357E-003  9.505140690288095E-003  9.460075830085651E-003
  9.425925061549500E-003  9.395742830025212E-003  8.673927318213089E-003
  8.991762865905379E-003  9.253904899805328E-003  9.375927891794623E-003
  9.436169716210698E-003  1.026227309233820E-003  1.079613913946386E-003
  2.786861675247007E-002  0.600018435830207     
 Constraint value, mean lift and its standard deviation:  2.431646823289266E-004
  0.636558077027003       1.840062085466590E-002
 Calc obj  1.072653868126585E-003  1.015728339577680E-003
  9.560403778742357E-003  9.505140690288095E-003  9.460075830085651E-003
  9.425925061549500E-003  9.395742830025212E-003  8.673927318213089E-003
  8.991762865905379E-003  9.253904899805328E-003  9.375927891794623E-003
  9.436169716210698E-003  1.026227309233820E-003  1.079613913946386E-003
  2.786861675247007E-002  0.600018435830207     
 Design variables:  1.072653868126585E-003  1.015728339577680E-003
  9.560403778742357E-003  9.505140690288095E-003  9.460075830085651E-003
  9.425925061549500E-003  9.395742830025212E-003  8.673927318213089E-003
  8.991762865905379E-003  9.253904899805328E-003  9.375927891794623E-003
  9.436169716210698E-003  1.026227309233820E-003  1.079613913946386E-003
  2.786861675247007E-002  0.600018435830207     
 Mean drag value and variance:  4.275351147856568E-003  2.619207483665309E-008
    9  0.4275377E-02  0.2539498E-02  0.8061513E-03  0.1302507E-01  0.2952018E-05
 Calc con  7.952113715770780E-004  6.162756263960588E-004
  8.911616074965710E-003  8.756503876126817E-003  8.632370755635910E-003
  8.538179970265238E-003  8.450851262052170E-003  9.855637732735151E-003
  9.823313134584278E-003  9.283192378189604E-003  9.250060495954076E-003
  9.328896434760380E-003  6.678320462308045E-004  7.851643697052006E-004
  2.983262558532156E-002  0.601313107255810     
 Design variables:  7.952113715770780E-004  6.162756263960588E-004
  8.911616074965710E-003  8.756503876126817E-003  8.632370755635910E-003
  8.538179970265238E-003  8.450851262052170E-003  9.855637732735151E-003
  9.823313134584278E-003  9.283192378189604E-003  9.250060495954076E-003
  9.328896434760380E-003  6.678320462308045E-004  7.851643697052006E-004
  2.983262558532156E-002  0.601313107255810     
 Constraint value, mean lift and its standard deviation: -2.146708947656437E-003
  0.639550495147785       1.870189310006432E-002
 Calc obj  7.952113715770780E-004  6.162756263960588E-004
  8.911616074965710E-003  8.756503876126817E-003  8.632370755635910E-003
  8.538179970265238E-003  8.450851262052170E-003  9.855637732735151E-003
  9.823313134584278E-003  9.283192378189604E-003  9.250060495954076E-003
  9.328896434760380E-003  6.678320462308045E-004  7.851643697052006E-004
  2.983262558532156E-002  0.601313107255810     
 Design variables:  7.952113715770780E-004  6.162756263960588E-004
  8.911616074965710E-003  8.756503876126817E-003  8.632370755635910E-003
  8.538179970265238E-003  8.450851262052170E-003  9.855637732735151E-003
  9.823313134584278E-003  9.283192378189604E-003  9.250060495954076E-003
  9.328896434760380E-003  6.678320462308045E-004  7.851643697052006E-004
  2.983262558532156E-002  0.601313107255810     
 Mean drag value and variance:  4.418843075582578E-003  3.020698359225790E-008
   10  0.4418873E-02  0.1964009E-02  0.5447271E-04  0.1280646E-02  0.1419643E-04
 Calc con  1.097334229478442E-003  9.993977930757552E-004
  9.688987940141927E-003  9.625779866536149E-003  9.571555763201657E-003
  9.529354551788546E-003  9.490819438856764E-003  9.801318815759108E-003
  9.825298569880490E-003  9.769965170847803E-003  9.780517478262935E-003
  9.808024698098047E-003  1.032712045620519E-003  1.095007256121233E-003
  2.588389265217873E-002  0.600751975735124     
 Design variables:  1.097334229478442E-003  9.993977930757552E-004
  9.688987940141927E-003  9.625779866536149E-003  9.571555763201657E-003
  9.529354551788546E-003  9.490819438856764E-003  9.801318815759108E-003
  9.825298569880490E-003  9.769965170847803E-003  9.780517478262935E-003
  9.808024698098047E-003  1.032712045620519E-003  1.095007256121233E-003
  2.588389265217873E-002  0.600751975735124     
 Constraint value, mean lift and its standard deviation:  3.646721856416513E-004
  0.636613784674378       1.848922843001001E-002
 Calc obj  1.097334229478442E-003  9.993977930757552E-004
  9.688987940141927E-003  9.625779866536149E-003  9.571555763201657E-003
  9.529354551788546E-003  9.490819438856764E-003  9.801318815759108E-003
  9.825298569880490E-003  9.769965170847803E-003  9.780517478262935E-003
  9.808024698098047E-003  1.032712045620519E-003  1.095007256121233E-003
  2.588389265217873E-002  0.600751975735124     
 Design variables:  1.097334229478442E-003  9.993977930757552E-004
  9.688987940141927E-003  9.625779866536149E-003  9.571555763201657E-003
  9.529354551788546E-003  9.490819438856764E-003  9.801318815759108E-003
  9.825298569880490E-003  9.769965170847803E-003  9.780517478262935E-003
  9.808024698098047E-003  1.032712045620519E-003  1.095007256121233E-003
  2.588389265217873E-002  0.600751975735124     
 Mean drag value and variance:  4.361597762704591E-003  2.807692409201862E-008
   11  0.4361626E-02  0.3948733E-02  0.7734530E-03  0.1003143E-02  0.2569218E-05
 Calc con  1.242862833997789E-003  1.241967546735742E-003
  9.982736910095569E-003  9.979330810087735E-003  9.975970797951742E-003
  9.972899048904249E-003  9.969591896774597E-003  9.981601953447026E-003
  9.984052709959975E-003  9.988066325646831E-003  9.988845830610067E-003
  9.988831110051969E-003  1.241123034691642E-003  1.241729844599429E-003
  2.407179154526060E-002  0.600003845250373     
 Design variables:  1.242862833997789E-003  1.241967546735742E-003
  9.982736910095569E-003  9.979330810087735E-003  9.975970797951742E-003
  9.972899048904249E-003  9.969591896774597E-003  9.981601953447026E-003
  9.984052709959975E-003  9.988066325646831E-003  9.988845830610067E-003
  9.988831110051969E-003  1.241123034691642E-003  1.241729844599429E-003
  2.407179154526060E-002  0.600003845250373     
 Constraint value, mean lift and its standard deviation:  6.769862167700161E-004
  0.636390311714033       1.853364896540132E-002
 Calc obj  1.242862833997789E-003  1.241967546735742E-003
  9.982736910095569E-003  9.979330810087735E-003  9.975970797951742E-003
  9.972899048904249E-003  9.969591896774597E-003  9.981601953447026E-003
  9.984052709959975E-003  9.988066325646831E-003  9.988845830610067E-003
  9.988831110051969E-003  1.241123034691642E-003  1.241729844599429E-003
  2.407179154526060E-002  0.600003845250373     
 Design variables:  1.242862833997789E-003  1.241967546735742E-003
  9.982736910095569E-003  9.979330810087735E-003  9.975970797951742E-003
  9.972899048904249E-003  9.969591896774597E-003  9.981601953447026E-003
  9.984052709959975E-003  9.988066325646831E-003  9.988845830610067E-003
  9.988831110051969E-003  1.241123034691642E-003  1.241729844599429E-003
  2.407179154526060E-002  0.600003845250373     
 Mean drag value and variance:  4.358992226526762E-003  2.687811651467875E-008
   12  0.4359019E-02  0.1812101E-02  0.7182828E-03  0.2065552E-01  0.3431364E-06
 Calc con  1.246191829713959E-003  1.245610747846300E-003
  9.990716116108002E-003  9.988863553480122E-003  9.987204059569009E-003
  9.985922435812769E-003  9.984785987194591E-003  9.988545801564250E-003
  9.990232031545181E-003  9.992712889833976E-003  9.993411888044290E-003
  9.993724402259159E-003  1.245312107855068E-003  1.245645231302808E-003
  2.409496399431357E-002  0.600000175485296     
 Design variables:  1.246191829713959E-003  1.245610747846300E-003
  9.990716116108002E-003  9.988863553480122E-003  9.987204059569009E-003
  9.985922435812769E-003  9.984785987194591E-003  9.988545801564250E-003
  9.990232031545181E-003  9.992712889833976E-003  9.993411888044290E-003
  9.993724402259159E-003  1.245312107855068E-003  1.245645231302808E-003
  2.409496399431357E-002  0.600000175485296     
 Constraint value, mean lift and its standard deviation:  5.646684223274689E-005
  0.636817465747846       1.843696629503962E-002
 Calc obj  1.246191829713959E-003  1.245610747846300E-003
  9.990716116108002E-003  9.988863553480122E-003  9.987204059569009E-003
  9.985922435812769E-003  9.984785987194591E-003  9.988545801564250E-003
  9.990232031545181E-003  9.992712889833976E-003  9.993411888044290E-003
  9.993724402259159E-003  1.245312107855068E-003  1.245645231302808E-003
  2.409496399431357E-002  0.600000175485296     
 Design variables:  1.246191829713959E-003  1.245610747846300E-003
  9.990716116108002E-003  9.988863553480122E-003  9.987204059569009E-003
  9.985922435812769E-003  9.984785987194591E-003  9.988545801564250E-003
  9.990232031545181E-003  9.992712889833976E-003  9.993411888044290E-003
  9.993724402259159E-003  1.245312107855068E-003  1.245645231302808E-003
  2.409496399431357E-002  0.600000175485296     
 Mean drag value and variance:  4.358739993690522E-003  2.688033416324583E-008
   13  0.4358767E-02  0.2991114E-04  0.6785225E-04  0.1415652E-01  0.1375279E-07
 
 The solution was found.
 
 The final value of the objective function is   4.358766874024685E-003
 
 The optimal values of X are:
 
 X  (           1 ) =   1.246191829713959E-003
 X  (           2 ) =   1.245610747846300E-003
 X  (           3 ) =   9.990716116108002E-003
 X  (           4 ) =   9.988863553480122E-003
 X  (           5 ) =   9.987204059569009E-003
 X  (           6 ) =   9.985922435812769E-003
 X  (           7 ) =   9.984785987194591E-003
 X  (           8 ) =   9.988545801564250E-003
 X  (           9 ) =   9.990232031545181E-003
 X  (          10 ) =   9.992712889833976E-003
 X  (          11 ) =   9.993411888044290E-003
 X  (          12 ) =   9.993724402259159E-003
 X  (          13 ) =   1.245312107855068E-003
 X  (          14 ) =   1.245645231302808E-003
 X  (          15 ) =    1.38053974439385     
 X  (          16 ) =   0.600000175485296     
 
 The multipliers for the equality constraints are:
 
 LAM(           1 ) =   5.953728118974586E-003
 
Mean drag, variance, SD, CV:       0.0044       0.0000       0.0002       0.0376
