 Calc con  0.000000000000000E+000  0.000000000000000E+000
  0.000000000000000E+000  0.000000000000000E+000  0.000000000000000E+000
  0.000000000000000E+000  0.000000000000000E+000  0.000000000000000E+000
  0.000000000000000E+000  0.000000000000000E+000  0.000000000000000E+000
  0.000000000000000E+000  0.000000000000000E+000  0.000000000000000E+000
  3.490658503988659E-002  0.650000000000000     
 Design variables:  0.000000000000000E+000  0.000000000000000E+000
  0.000000000000000E+000  0.000000000000000E+000  0.000000000000000E+000
  0.000000000000000E+000  0.000000000000000E+000  0.000000000000000E+000
  0.000000000000000E+000  0.000000000000000E+000  0.000000000000000E+000
  0.000000000000000E+000  0.000000000000000E+000  0.000000000000000E+000
  3.490658503988659E-002  0.650000000000000     
 Constraint value, mean lift and its standard deviation:  0.310709302969243     
  0.324464653525634       1.758697824743826E-002
 Calc obj  0.000000000000000E+000  0.000000000000000E+000
  0.000000000000000E+000  0.000000000000000E+000  0.000000000000000E+000
  0.000000000000000E+000  0.000000000000000E+000  0.000000000000000E+000
  0.000000000000000E+000  0.000000000000000E+000  0.000000000000000E+000
  0.000000000000000E+000  0.000000000000000E+000  0.000000000000000E+000
  3.490658503988659E-002  0.650000000000000     
 Design variables:  0.000000000000000E+000  0.000000000000000E+000
  0.000000000000000E+000  0.000000000000000E+000  0.000000000000000E+000
  0.000000000000000E+000  0.000000000000000E+000  0.000000000000000E+000
  0.000000000000000E+000  0.000000000000000E+000  0.000000000000000E+000
  0.000000000000000E+000  0.000000000000000E+000  0.000000000000000E+000
  3.490658503988659E-002  0.650000000000000     
 Mean drag value and variance:  2.610381248103285E-003  1.146222803725802E-008
 
 iter    objective      ||grad||        inf_pr          inf_du         lg(mu)
    0  0.2610393E-02  0.0000000E+00  0.3207093E+00  0.9956046E+00  0.1000000E+01
 Calc con  8.222060349862860E-004  5.843463205804429E-004
  3.300973407597003E-003  2.933482148290442E-003  2.617587796533693E-003
  2.323020554787257E-003  2.008417364308594E-003  2.587588316393134E-003
  2.817229163126170E-003  3.010858100994232E-003  3.233193124339975E-003
  3.532689352913529E-003  6.013601631827367E-004  8.284404714152441E-004
  5.541261905011704E-002  0.663113259737821     
 Design variables:  8.222060349862860E-004  5.843463205804429E-004
  3.300973407597003E-003  2.933482148290442E-003  2.617587796533693E-003
  2.323020554787257E-003  2.008417364308594E-003  2.587588316393134E-003
  2.817229163126170E-003  3.010858100994232E-003  3.233193124339975E-003
  3.532689352913529E-003  6.013601631827367E-004  8.284404714152441E-004
  5.541261905011704E-002  0.663113259737821     
 Constraint value, mean lift and its standard deviation: -4.486346290211216E-002
  0.688126558760572       2.163154792922984E-002
 Calc obj  8.222060349862860E-004  5.843463205804429E-004
  3.300973407597003E-003  2.933482148290442E-003  2.617587796533693E-003
  2.323020554787257E-003  2.008417364308594E-003  2.587588316393134E-003
  2.817229163126170E-003  3.010858100994232E-003  3.233193124339975E-003
  3.532689352913529E-003  6.013601631827367E-004  8.284404714152441E-004
  5.541261905011704E-002  0.663113259737821     
 Design variables:  8.222060349862860E-004  5.843463205804429E-004
  3.300973407597003E-003  2.933482148290442E-003  2.617587796533693E-003
  2.323020554787257E-003  2.008417364308594E-003  2.587588316393134E-003
  2.817229163126170E-003  3.010858100994232E-003  3.233193124339975E-003
  3.532689352913529E-003  6.013601631827367E-004  8.284404714152441E-004
  5.541261905011704E-002  0.663113259737821     
 Mean drag value and variance:  7.122182502539238E-003  3.198255140441759E-006
    1  0.7125381E-02  0.2434490E-01  0.1051857E-01  0.6639276E+00  0.2569640E-01
 Calc con  7.607152057015537E-004  5.416337047632580E-004
  3.296586530341761E-003  2.944950463811768E-003  2.642910251615110E-003
  2.360162863986626E-003  2.054933548641221E-003  1.915349338479414E-003
  2.589285888739202E-003  3.268697759437560E-003  3.694771042254463E-003
  3.850717693176018E-003  5.575943907723506E-004  7.664465962416055E-004
  5.512896349625969E-002  0.658179753921968     
 Design variables:  7.607152057015537E-004  5.416337047632580E-004
  3.296586530341761E-003  2.944950463811768E-003  2.642910251615110E-003
  2.360162863986626E-003  2.054933548641221E-003  1.915349338479414E-003
  2.589285888739202E-003  3.268697759437560E-003  3.694771042254463E-003
  3.850717693176018E-003  5.575943907723506E-004  7.664465962416055E-004
  5.512896349625969E-002  0.658179753921968     
 Constraint value, mean lift and its standard deviation: -3.688560090657058E-002
  0.680347157825173       2.173077845930131E-002
 Calc obj  7.607152057015537E-004  5.416337047632580E-004
  3.296586530341761E-003  2.944950463811768E-003  2.642910251615110E-003
  2.360162863986626E-003  2.054933548641221E-003  1.915349338479414E-003
  2.589285888739202E-003  3.268697759437560E-003  3.694771042254463E-003
  3.850717693176018E-003  5.575943907723506E-004  7.664465962416055E-004
  5.512896349625969E-002  0.658179753921968     
 Design variables:  7.607152057015537E-004  5.416337047632580E-004
  3.296586530341761E-003  2.944950463811768E-003  2.642910251615110E-003
  2.360162863986626E-003  2.054933548641221E-003  1.915349338479414E-003
  2.589285888739202E-003  3.268697759437560E-003  3.694771042254463E-003
  3.850717693176018E-003  5.575943907723506E-004  7.664465962416055E-004
  5.512896349625969E-002  0.658179753921968     
 Mean drag value and variance:  5.903966193526815E-003  1.587780937432095E-006
    2  0.5905554E-02  0.4933506E-02  0.1252427E-02  0.1087952E+00  0.2116575E-02
 Calc con  6.489820311160664E-004  4.659090436929758E-004
  3.815981211843445E-003  3.445951108805058E-003  3.127059579159108E-003
  2.826548751483804E-003  2.495627344139528E-003  1.622905989593309E-003
  4.328318295562439E-003  5.263084336666481E-003  5.013165496009941E-003
  4.475598035397918E-003  4.806782765224313E-004  6.550224885767951E-004
  5.170349997813845E-002  0.649400837092985     
 Design variables:  6.489820311160664E-004  4.659090436929758E-004
  3.815981211843445E-003  3.445951108805058E-003  3.127059579159108E-003
  2.826548751483804E-003  2.495627344139528E-003  1.622905989593309E-003
  4.328318295562439E-003  5.263084336666481E-003  5.013165496009941E-003
  4.475598035397918E-003  4.806782765224313E-004  6.550224885767951E-004
  5.170349997813845E-002  0.649400837092985     
 Constraint value, mean lift and its standard deviation: -2.562251504713737E-002
  0.670474402159510       2.242594355618629E-002
 Calc obj  6.489820311160664E-004  4.659090436929758E-004
  3.815981211843445E-003  3.445951108805058E-003  3.127059579159108E-003
  2.826548751483804E-003  2.495627344139528E-003  1.622905989593309E-003
  4.328318295562439E-003  5.263084336666481E-003  5.013165496009941E-003
  4.475598035397918E-003  4.806782765224313E-004  6.550224885767951E-004
  5.170349997813845E-002  0.649400837092985     
 Design variables:  6.489820311160664E-004  4.659090436929758E-004
  3.815981211843445E-003  3.445951108805058E-003  3.127059579159108E-003
  2.826548751483804E-003  2.495627344139528E-003  1.622905989593309E-003
  4.328318295562439E-003  5.263084336666481E-003  5.013165496009941E-003
  4.475598035397918E-003  4.806782765224313E-004  6.550224885767951E-004
  5.170349997813845E-002  0.649400837092985     
 Mean drag value and variance:  5.030006917276726E-003  2.101191511224162E-007
    3  0.5030217E-02  0.8778917E-02  0.4196958E-02  0.1121866E+00  0.4395652E-03
 Calc con  6.469038707035256E-004  4.659679874741824E-004
  4.149199409526454E-003  3.747143345105656E-003  3.401788203443932E-003
  3.078528658004772E-003  2.723363415096581E-003  1.570199603530166E-003
  4.176173301445639E-003  5.301105895399123E-003  5.279269118783519E-003
  4.923138126846138E-003  4.832820094212356E-004  6.522780168812964E-004
  5.091149532106769E-002  0.645806204683457     
 Design variables:  6.469038707035256E-004  4.659679874741824E-004
  4.149199409526454E-003  3.747143345105656E-003  3.401788203443932E-003
  3.078528658004772E-003  2.723363415096581E-003  1.570199603530166E-003
  4.176173301445639E-003  5.301105895399123E-003  5.279269118783519E-003
  4.923138126846138E-003  4.832820094212356E-004  6.522780168812964E-004
  5.091149532106769E-002  0.645806204683457     
 Constraint value, mean lift and its standard deviation: -2.162967215234421E-002
  0.665725852216939       2.204809003229759E-002
 Calc obj  6.469038707035256E-004  4.659679874741824E-004
  4.149199409526454E-003  3.747143345105656E-003  3.401788203443932E-003
  3.078528658004772E-003  2.723363415096581E-003  1.570199603530166E-003
  4.176173301445639E-003  5.301105895399123E-003  5.279269118783519E-003
  4.923138126846138E-003  4.832820094212356E-004  6.522780168812964E-004
  5.091149532106769E-002  0.645806204683457     
 Design variables:  6.469038707035256E-004  4.659679874741824E-004
  4.149199409526454E-003  3.747143345105656E-003  3.401788203443932E-003
  3.078528658004772E-003  2.723363415096581E-003  1.570199603530166E-003
  4.176173301445639E-003  5.301105895399123E-003  5.279269118783519E-003
  4.923138126846138E-003  4.832820094212356E-004  6.522780168812964E-004
  5.091149532106769E-002  0.645806204683457     
 Mean drag value and variance:  4.966646033565791E-003  1.850248172154679E-007
    4  0.4966831E-02  0.7452028E-02  0.7377736E-03  0.9118826E-01  0.2219824E-04
 Calc con -3.900899578361295E-004 -4.158695698815777E-004
  8.055787980549307E-003  7.900969447671512E-003  7.707212359518189E-003
  7.469616872070439E-003  7.120105093018306E-003  2.009309688038589E-003
  5.342576105733984E-003  9.097643463184955E-003  9.171184924824948E-003
  9.666787688041316E-003 -3.629437329548623E-004 -4.023014630264245E-004
  4.310007631314185E-002  0.600458052146834     
 Design variables: -3.900899578361295E-004 -4.158695698815777E-004
  8.055787980549307E-003  7.900969447671512E-003  7.707212359518189E-003
  7.469616872070439E-003  7.120105093018306E-003  2.009309688038589E-003
  5.342576105733984E-003  9.097643463184955E-003  9.171184924824948E-003
  9.666787688041316E-003 -3.629437329548623E-004 -4.023014630264245E-004
  4.310007631314185E-002  0.600458052146834     
 Constraint value, mean lift and its standard deviation: -1.822643486029980E-002
  0.655119298392074       1.844643176588686E-002
 Calc obj -3.900899578361295E-004 -4.158695698815777E-004
  8.055787980549307E-003  7.900969447671512E-003  7.707212359518189E-003
  7.469616872070439E-003  7.120105093018306E-003  2.009309688038589E-003
  5.342576105733984E-003  9.097643463184955E-003  9.171184924824948E-003
  9.666787688041316E-003 -3.629437329548623E-004 -4.023014630264245E-004
  4.310007631314185E-002  0.600458052146834     
 Design variables: -3.900899578361295E-004 -4.158695698815777E-004
  8.055787980549307E-003  7.900969447671512E-003  7.707212359518189E-003
  7.469616872070439E-003  7.120105093018306E-003  2.009309688038589E-003
  5.342576105733984E-003  9.097643463184955E-003  9.171184924824948E-003
  9.666787688041316E-003 -3.629437329548623E-004 -4.023014630264245E-004
  4.310007631314185E-002  0.600458052146834     
 Mean drag value and variance:  4.342413578941581E-003  2.894152314668558E-008
 Calc con -3.912368051388963E-004 -4.168259782141973E-004
  8.061686327658689E-003  7.907155938162110E-003  7.713553451024023E-003
  7.476018011843215E-003  7.126448417097279E-003  2.012587859340269E-003
  5.352015952399492E-003  9.105756960160624E-003  9.177778634425785E-003
  9.674276303274710E-003 -3.638522240596477E-004 -4.034760530513697E-004
  4.310793583990251E-002  0.600458052146834     
 Design variables: -3.912368051388963E-004 -4.168259782141973E-004
  8.061686327658689E-003  7.907155938162110E-003  7.713553451024023E-003
  7.476018011843215E-003  7.126448417097279E-003  2.012587859340269E-003
  5.352015952399492E-003  9.105756960160624E-003  9.177778634425785E-003
  9.674276303274710E-003 -3.638522240596477E-004 -4.034760530513697E-004
  4.310793583990251E-002  0.600458052146834     
 Constraint value, mean lift and its standard deviation: -1.875253815849670E-002
  0.655370831224975       1.830914653323898E-002
 Calc obj -3.912368051388963E-004 -4.168259782141973E-004
  8.061686327658689E-003  7.907155938162110E-003  7.713553451024023E-003
  7.476018011843215E-003  7.126448417097279E-003  2.012587859340269E-003
  5.352015952399492E-003  9.105756960160624E-003  9.177778634425785E-003
  9.674276303274710E-003 -3.638522240596477E-004 -4.034760530513697E-004
  4.310793583990251E-002  0.600458052146834     
 Design variables: -3.912368051388963E-004 -4.168259782141973E-004
  8.061686327658689E-003  7.907155938162110E-003  7.713553451024023E-003
  7.476018011843215E-003  7.126448417097279E-003  2.012587859340269E-003
  5.352015952399492E-003  9.105756960160624E-003  9.177778634425785E-003
  9.674276303274710E-003 -3.638522240596477E-004 -4.034760530513697E-004
  4.310793583990251E-002  0.600458052146834     
 Mean drag value and variance:  4.348504179475666E-003  2.839650501657807E-008
 Calc con -3.910750066949280E-004 -4.166910471038032E-004
  8.060854182540366E-003  7.906283141467407E-003  7.712658843052763E-003
  7.475114932198240E-003  7.125553494152218E-003  2.012125371427391E-003
  5.350684168735672E-003  9.104612299329694E-003  9.176848386823267E-003
  9.673219801428544E-003 -3.637240531630036E-004 -4.033103406344858E-004
  4.310682700946158E-002  0.600458052146834     
 Design variables: -3.910750066949280E-004 -4.166910471038032E-004
  8.060854182540366E-003  7.906283141467407E-003  7.712658843052763E-003
  7.475114932198240E-003  7.125553494152218E-003  2.012125371427391E-003
  5.350684168735672E-003  9.104612299329694E-003  9.176848386823267E-003
  9.673219801428544E-003 -3.637240531630036E-004 -4.033103406344858E-004
  4.310682700946158E-002  0.600458052146834     
 Constraint value, mean lift and its standard deviation: -1.860471442455638E-002
  0.655348013148925       1.837164936218421E-002
 Calc obj -3.910750066949280E-004 -4.166910471038032E-004
  8.060854182540366E-003  7.906283141467407E-003  7.712658843052763E-003
  7.475114932198240E-003  7.125553494152218E-003  2.012125371427391E-003
  5.350684168735672E-003  9.104612299329694E-003  9.176848386823267E-003
  9.673219801428544E-003 -3.637240531630036E-004 -4.033103406344858E-004
  4.310682700946158E-002  0.600458052146834     
 Design variables: -3.910750066949280E-004 -4.166910471038032E-004
  8.060854182540366E-003  7.906283141467407E-003  7.712658843052763E-003
  7.475114932198240E-003  7.125553494152218E-003  2.012125371427391E-003
  5.350684168735672E-003  9.104612299329694E-003  9.176848386823267E-003
  9.673219801428544E-003 -3.637240531630036E-004 -4.033103406344858E-004
  4.310682700946158E-002  0.600458052146834     
 Mean drag value and variance:  4.348244683852386E-003  2.903227884002422E-008
 Calc con  1.284069564336980E-004  2.504920879630237E-005
  6.102493695037880E-003  5.824056396388584E-003  5.554500281481061E-003
  5.274072765037606E-003  4.921734254057444E-003  1.789754645784377E-003
  4.759374703589812E-003  7.199374679292039E-003  7.225227021804233E-003
  7.294962907443727E-003  6.016913823318667E-005  1.249882769274360E-004
  4.700578581710477E-002  0.623132128415146     
 Design variables:  1.284069564336980E-004  2.504920879630237E-005
  6.102493695037880E-003  5.824056396388584E-003  5.554500281481061E-003
  5.274072765037606E-003  4.921734254057444E-003  1.789754645784377E-003
  4.759374703589812E-003  7.199374679292039E-003  7.225227021804233E-003
  7.294962907443727E-003  6.016913823318667E-005  1.249882769274360E-004
  4.700578581710477E-002  0.623132128415146     
 Constraint value, mean lift and its standard deviation: -1.995872760573605E-002
  0.658794920462729       1.941809642849672E-002
 Calc obj  1.284069564336980E-004  2.504920879630237E-005
  6.102493695037880E-003  5.824056396388584E-003  5.554500281481061E-003
  5.274072765037606E-003  4.921734254057444E-003  1.789754645784377E-003
  4.759374703589812E-003  7.199374679292039E-003  7.225227021804233E-003
  7.294962907443727E-003  6.016913823318667E-005  1.249882769274360E-004
  4.700578581710477E-002  0.623132128415146     
 Design variables:  1.284069564336980E-004  2.504920879630237E-005
  6.102493695037880E-003  5.824056396388584E-003  5.554500281481061E-003
  5.274072765037606E-003  4.921734254057444E-003  1.789754645784377E-003
  4.759374703589812E-003  7.199374679292039E-003  7.225227021804233E-003
  7.294962907443727E-003  6.016913823318667E-005  1.249882769274360E-004
  4.700578581710477E-002  0.623132128415146     
 Mean drag value and variance:  4.494703462753104E-003  3.926435385843863E-008
 Calc con  3.876554135686118E-004  2.455085981352424E-004
  5.125846552282167E-003  4.785599870747120E-003  4.478144242462496E-003
  4.176300711521188E-003  3.822548834577012E-003  1.679977124657272E-003
  4.467774002517725E-003  6.250240287345581E-003  6.252248070293876E-003
  6.109050517144932E-003  2.717255738272111E-004  3.886331469043662E-004
  4.895864056908623E-002  0.634469166549302     
 Design variables:  3.876554135686118E-004  2.455085981352424E-004
  5.125846552282167E-003  4.785599870747120E-003  4.478144242462496E-003
  4.176300711521188E-003  3.822548834577012E-003  1.679977124657272E-003
  4.467774002517725E-003  6.250240287345581E-003  6.252248070293876E-003
  6.109050517144932E-003  2.717255738272111E-004  3.886331469043662E-004
  4.895864056908623E-002  0.634469166549302     
 Constraint value, mean lift and its standard deviation: -1.940454801532546E-002
  0.661555111751084       2.107528186787914E-002
 Calc obj  3.876554135686118E-004  2.455085981352424E-004
  5.125846552282167E-003  4.785599870747120E-003  4.478144242462496E-003
  4.176300711521188E-003  3.822548834577012E-003  1.679977124657272E-003
  4.467774002517725E-003  6.250240287345581E-003  6.252248070293876E-003
  6.109050517144932E-003  2.717255738272111E-004  3.886331469043662E-004
  4.895864056908623E-002  0.634469166549302     
 Design variables:  3.876554135686118E-004  2.455085981352424E-004
  5.125846552282167E-003  4.785599870747120E-003  4.478144242462496E-003
  4.176300711521188E-003  3.822548834577012E-003  1.679977124657272E-003
  4.467774002517725E-003  6.250240287345581E-003  6.252248070293876E-003
  6.109050517144932E-003  2.717255738272111E-004  3.886331469043662E-004
  4.895864056908623E-002  0.634469166549302     
 Mean drag value and variance:  4.613189324211498E-003  5.096249325632426E-008
    5  0.4613240E-02  0.1725183E+00  0.2392607E-02  0.9458823E-01  0.3339272E-03
 Calc con  3.971989658598808E-004  2.550321993361142E-004
  5.388124458601653E-003  5.059822132387032E-003  4.772192829703005E-003
  4.495699604756225E-003  4.169135325742606E-003  1.619019745779604E-003
  4.563637182566644E-003  6.417208136522601E-003  6.482033650157469E-003
  6.377126232202226E-003  2.821504472690371E-004  3.972168972777827E-004
  4.812772516133742E-002  0.629247190351448     
 Design variables:  3.971989658598808E-004  2.550321993361142E-004
  5.388124458601653E-003  5.059822132387032E-003  4.772192829703005E-003
  4.495699604756225E-003  4.169135325742606E-003  1.619019745779604E-003
  4.563637182566644E-003  6.417208136522601E-003  6.482033650157469E-003
  6.377126232202226E-003  2.821504472690371E-004  3.972168972777827E-004
  4.812772516133742E-002  0.629247190351448     
 Constraint value, mean lift and its standard deviation: -1.601566595669277E-002
  0.656895242523080       2.043978828319372E-002
 Calc obj  3.971989658598808E-004  2.550321993361142E-004
  5.388124458601653E-003  5.059822132387032E-003  4.772192829703005E-003
  4.495699604756225E-003  4.169135325742606E-003  1.619019745779604E-003
  4.563637182566644E-003  6.417208136522601E-003  6.482033650157469E-003
  6.377126232202226E-003  2.821504472690371E-004  3.972168972777827E-004
  4.812772516133742E-002  0.629247190351448     
 Design variables:  3.971989658598808E-004  2.550321993361142E-004
  5.388124458601653E-003  5.059822132387032E-003  4.772192829703005E-003
  4.495699604756225E-003  4.169135325742606E-003  1.619019745779604E-003
  4.563637182566644E-003  6.417208136522601E-003  6.482033650157469E-003
  6.377126232202226E-003  2.821504472690371E-004  3.972168972777827E-004
  4.812772516133742E-002  0.629247190351448     
 Mean drag value and variance:  4.529720314676063E-003  4.354352174416534E-008
    6  0.4529764E-02  0.6391517E-02  0.6100274E-03  0.3447933E-01  0.1910945E-04
 Calc con  4.912042725685354E-004  4.410939760640186E-004
  9.601681852278084E-003  9.278722168678625E-003  8.997709864956634E-003
  8.761143209803677E-003  8.523707643280707E-003  1.785029419734093E-004
  2.321257289748051E-003  6.817439549279056E-003  9.236686564935632E-003
  9.963781162322022E-003  4.619302511647810E-004  4.924956291478772E-004
  3.887984598107493E-002  0.600558195725393     
 Design variables:  4.912042725685354E-004  4.410939760640186E-004
  9.601681852278084E-003  9.278722168678625E-003  8.997709864956634E-003
  8.761143209803677E-003  8.523707643280707E-003  1.785029419734093E-004
  2.321257289748051E-003  6.817439549279056E-003  9.236686564935632E-003
  9.963781162322022E-003  4.619302511647810E-004  4.924956291478772E-004
  3.887984598107493E-002  0.600558195725393     
 Constraint value, mean lift and its standard deviation: -3.394812904810515E-003
  0.638933807449860       1.776949727252478E-002
 Calc obj  4.912042725685354E-004  4.410939760640186E-004
  9.601681852278084E-003  9.278722168678625E-003  8.997709864956634E-003
  8.761143209803677E-003  8.523707643280707E-003  1.785029419734093E-004
  2.321257289748051E-003  6.817439549279056E-003  9.236686564935632E-003
  9.963781162322022E-003  4.619302511647810E-004  4.924956291478772E-004
  3.887984598107493E-002  0.600558195725393     
 Design variables:  4.912042725685354E-004  4.410939760640186E-004
  9.601681852278084E-003  9.278722168678625E-003  8.997709864956634E-003
  8.761143209803677E-003  8.523707643280707E-003  1.785029419734093E-004
  2.321257289748051E-003  6.817439549279056E-003  9.236686564935632E-003
  9.963781162322022E-003  4.619302511647810E-004  4.924956291478772E-004
  3.887984598107493E-002  0.600558195725393     
 Mean drag value and variance:  3.981769914418316E-003  2.288688702932237E-008
 Calc con  4.922163897743790E-004  4.415565414784188E-004
  9.598074329663780E-003  9.276053032015194E-003  8.995658569102656E-003
  8.759380556546695E-003  8.521998832536938E-003  1.975193774624905E-004
  2.370894020027492E-003  6.841023512781458E-003  9.244264820641975E-003
  9.963781162322022E-003  4.624963323162080E-004  4.934346683261189E-004
  3.897605155907999E-002  0.600757858998963     
 Design variables:  4.922163897743790E-004  4.415565414784188E-004
  9.598074329663780E-003  9.276053032015194E-003  8.995658569102656E-003
  8.759380556546695E-003  8.521998832536938E-003  1.975193774624905E-004
  2.370894020027492E-003  6.841023512781458E-003  9.244264820641975E-003
  9.963781162322022E-003  4.624963323162080E-004  4.934346683261189E-004
  3.897605155907999E-002  0.600757858998963     
 Constraint value, mean lift and its standard deviation: -4.776270861050855E-003
  0.640357873252222       1.779080119558566E-002
 Calc obj  4.922163897743790E-004  4.415565414784188E-004
  9.598074329663780E-003  9.276053032015194E-003  8.995658569102656E-003
  8.759380556546695E-003  8.521998832536938E-003  1.975193774624905E-004
  2.370894020027492E-003  6.841023512781458E-003  9.244264820641975E-003
  9.963781162322022E-003  4.624963323162080E-004  4.934346683261189E-004
  3.897605155907999E-002  0.600757858998963     
 Design variables:  4.922163897743790E-004  4.415565414784188E-004
  9.598074329663780E-003  9.276053032015194E-003  8.995658569102656E-003
  8.759380556546695E-003  8.521998832536938E-003  1.975193774624905E-004
  2.370894020027492E-003  6.841023512781458E-003  9.244264820641975E-003
  9.963781162322022E-003  4.624963323162080E-004  4.934346683261189E-004
  3.897605155907999E-002  0.600757858998963     
 Mean drag value and variance:  3.995816602753046E-003  2.330891147097074E-008
    7  0.3995840E-02  0.3084169E-01  0.2304497E-03  0.1260584E-01  0.5937819E-04
 Calc con  6.267357049807572E-004  5.360444262240559E-004
  9.378927949747136E-003  9.163130631808191E-003  8.978621563062077E-003
  8.830223135576631E-003  8.687903709926956E-003 -1.000215722598882E-003
  2.871530432386271E-003  7.880831684773725E-003  9.345089583779914E-003
  9.692569682718819E-003  5.678402644705014E-004  6.245098539718862E-004
  3.803456146055602E-002  0.601541869500956     
 Design variables:  6.267357049807572E-004  5.360444262240559E-004
  9.378927949747136E-003  9.163130631808191E-003  8.978621563062077E-003
  8.830223135576631E-003  8.687903709926956E-003 -1.000215722598882E-003
  2.871530432386271E-003  7.880831684773725E-003  9.345089583779914E-003
  9.692569682718819E-003  5.678402644705014E-004  6.245098539718862E-004
  3.803456146055602E-002  0.601541869500956     
 Constraint value, mean lift and its standard deviation: -1.819076083725953E-003
  0.637387097074625       1.778401049544961E-002
 Calc obj  6.267357049807572E-004  5.360444262240559E-004
  9.378927949747136E-003  9.163130631808191E-003  8.978621563062077E-003
  8.830223135576631E-003  8.687903709926956E-003 -1.000215722598882E-003
  2.871530432386271E-003  7.880831684773725E-003  9.345089583779914E-003
  9.692569682718819E-003  5.678402644705014E-004  6.245098539718862E-004
  3.803456146055602E-002  0.601541869500956     
 Design variables:  6.267357049807572E-004  5.360444262240559E-004
  9.378927949747136E-003  9.163130631808191E-003  8.978621563062077E-003
  8.830223135576631E-003  8.687903709926956E-003 -1.000215722598882E-003
  2.871530432386271E-003  7.880831684773725E-003  9.345089583779914E-003
  9.692569682718819E-003  5.678402644705014E-004  6.245098539718862E-004
  3.803456146055602E-002  0.601541869500956     
 Mean drag value and variance:  3.964467432744732E-003  2.317157485732149E-008
    8  0.3964491E-02  0.2977571E-02  0.2100739E-03  0.1450498E-01  0.8764373E-05
 Calc con  8.461676273516465E-004  7.023657791283633E-004
  8.652071255433009E-003  8.499691763977111E-003  8.395291447198763E-003
  8.328431559587330E-003  8.269486661234272E-003 -6.790002166150910E-003
  9.928725204323863E-003  9.493018933741217E-003  9.207712898643323E-003
  9.172180762852979E-003  7.508454687183896E-004  8.402354179449294E-004
  3.682988373971018E-002  0.602978843018782     
 Design variables:  8.461676273516465E-004  7.023657791283633E-004
  8.652071255433009E-003  8.499691763977111E-003  8.395291447198763E-003
  8.328431559587330E-003  8.269486661234272E-003 -6.790002166150910E-003
  9.928725204323863E-003  9.493018933741217E-003  9.207712898643323E-003
  9.172180762852979E-003  7.508454687183896E-004  8.402354179449294E-004
  3.682988373971018E-002  0.602978843018782     
 Constraint value, mean lift and its standard deviation: -1.240882246957876E-003
  0.637700897593760       1.823000767340131E-002
 Calc obj  8.461676273516465E-004  7.023657791283633E-004
  8.652071255433009E-003  8.499691763977111E-003  8.395291447198763E-003
  8.328431559587330E-003  8.269486661234272E-003 -6.790002166150910E-003
  9.928725204323863E-003  9.493018933741217E-003  9.207712898643323E-003
  9.172180762852979E-003  7.508454687183896E-004  8.402354179449294E-004
  3.682988373971018E-002  0.602978843018782     
 Design variables:  8.461676273516465E-004  7.023657791283633E-004
  8.652071255433009E-003  8.499691763977111E-003  8.395291447198763E-003
  8.328431559587330E-003  8.269486661234272E-003 -6.790002166150910E-003
  9.928725204323863E-003  9.493018933741217E-003  9.207712898643323E-003
  9.172180762852979E-003  7.508454687183896E-004  8.402354179449294E-004
  3.682988373971018E-002  0.602978843018782     
 Mean drag value and variance:  4.017814744374470E-003  2.386036357441052E-008
 Calc con  8.469125747230243E-004  7.032489385534023E-004
  8.657186288511805E-003  8.505178670301341E-003  8.400962589389216E-003
  8.334072203087965E-003  8.274877934849772E-003 -6.740953941408549E-003
  9.928725204323863E-003  9.493979276066926E-003  9.210606438312941E-003
  9.175540788970179E-003  7.514807404267403E-004  8.407840417935665E-004
  3.689807465727531E-002  0.602968328936061     
 Design variables:  8.469125747230243E-004  7.032489385534023E-004
  8.657186288511805E-003  8.505178670301341E-003  8.400962589389216E-003
  8.334072203087965E-003  8.274877934849772E-003 -6.740953941408549E-003
  9.928725204323863E-003  9.493979276066926E-003  9.210606438312941E-003
  9.175540788970179E-003  7.514807404267403E-004  8.407840417935665E-004
  3.689807465727531E-002  0.602968328936061     
 Constraint value, mean lift and its standard deviation: -2.130300579743158E-003
  0.638443709945543       1.815670468290010E-002
 Calc obj  8.469125747230243E-004  7.032489385534023E-004
  8.657186288511805E-003  8.505178670301341E-003  8.400962589389216E-003
  8.334072203087965E-003  8.274877934849772E-003 -6.740953941408549E-003
  9.928725204323863E-003  9.493979276066926E-003  9.210606438312941E-003
  9.175540788970179E-003  7.514807404267403E-004  8.407840417935665E-004
  3.689807465727531E-002  0.602968328936061     
 Design variables:  8.469125747230243E-004  7.032489385534023E-004
  8.657186288511805E-003  8.505178670301341E-003  8.400962589389216E-003
  8.334072203087965E-003  8.274877934849772E-003 -6.740953941408549E-003
  9.928725204323863E-003  9.493979276066926E-003  9.210606438312941E-003
  9.175540788970179E-003  7.514807404267403E-004  8.407840417935665E-004
  3.689807465727531E-002  0.602968328936061     
 Mean drag value and variance:  4.023699514916503E-003  2.514655522656986E-008
    9  0.4023725E-02  0.7786129E-02  0.1466388E-03  0.1229353E-01  0.1651528E-04
 Calc con  1.071733336882816E-003  9.607390816905298E-004
  9.576295994254058E-003  9.491924197611063E-003  9.436209774996974E-003
  9.409761613609373E-003  9.399249345370895E-003 -8.243801702151639E-003
  9.401954451687310E-003  9.753220612195333E-003  9.778340554862791E-003
  9.779760369624385E-003  9.987928318893342E-004  1.063558387609989E-003
  3.411086047991732E-002  0.601980984793953     
 Design variables:  1.071733336882816E-003  9.607390816905298E-004
  9.576295994254058E-003  9.491924197611063E-003  9.436209774996974E-003
  9.409761613609373E-003  9.399249345370895E-003 -8.243801702151639E-003
  9.401954451687310E-003  9.753220612195333E-003  9.778340554862791E-003
  9.779760369624385E-003  9.987928318893342E-004  1.063558387609989E-003
  3.411086047991732E-002  0.601980984793953     
 Constraint value, mean lift and its standard deviation: -5.064757610143203E-004
  0.636307106029747       1.790031513436626E-002
 Calc obj  1.071733336882816E-003  9.607390816905298E-004
  9.576295994254058E-003  9.491924197611063E-003  9.436209774996974E-003
  9.409761613609373E-003  9.399249345370895E-003 -8.243801702151639E-003
  9.401954451687310E-003  9.753220612195333E-003  9.778340554862791E-003
  9.779760369624385E-003  9.987928318893342E-004  1.063558387609989E-003
  3.411086047991732E-002  0.601980984793953     
 Design variables:  1.071733336882816E-003  9.607390816905298E-004
  9.576295994254058E-003  9.491924197611063E-003  9.436209774996974E-003
  9.409761613609373E-003  9.399249345370895E-003 -8.243801702151639E-003
  9.401954451687310E-003  9.753220612195333E-003  9.778340554862791E-003
  9.779760369624385E-003  9.987928318893342E-004  1.063558387609989E-003
  3.411086047991732E-002  0.601980984793953     
 Mean drag value and variance:  3.932922098549615E-003  2.258657800756889E-008
   10  0.3932945E-02  0.2787214E-02  0.7606842E-04  0.1208311E-01  0.2494585E-05
 Calc con  1.069968715076795E-003  1.003466619726000E-003
  9.566213255197393E-003  9.507576668898864E-003  9.463539070640192E-003
  9.432789173015522E-003  9.405495896681508E-003 -7.516382024113172E-003
  8.718702313957600E-003  9.605938864383405E-003  9.741167429462906E-003
  9.750150236509604E-003  1.029050775012231E-003  1.068414193944917E-003
  3.433622616292022E-002  0.600703276868786     
 Design variables:  1.069968715076795E-003  1.003466619726000E-003
  9.566213255197393E-003  9.507576668898864E-003  9.463539070640192E-003
  9.432789173015522E-003  9.405495896681508E-003 -7.516382024113172E-003
  8.718702313957600E-003  9.605938864383405E-003  9.741167429462906E-003
  9.750150236509604E-003  1.029050775012231E-003  1.068414193944917E-003
  3.433622616292022E-002  0.600703276868786     
 Constraint value, mean lift and its standard deviation: -1.075640894644556E-003
  0.636666365666324       1.779536238583976E-002
 Calc obj  1.069968715076795E-003  1.003466619726000E-003
  9.566213255197393E-003  9.507576668898864E-003  9.463539070640192E-003
  9.432789173015522E-003  9.405495896681508E-003 -7.516382024113172E-003
  8.718702313957600E-003  9.605938864383405E-003  9.741167429462906E-003
  9.750150236509604E-003  1.029050775012231E-003  1.068414193944917E-003
  3.433622616292022E-002  0.600703276868786     
 Design variables:  1.069968715076795E-003  1.003466619726000E-003
  9.566213255197393E-003  9.507576668898864E-003  9.463539070640192E-003
  9.432789173015522E-003  9.405495896681508E-003 -7.516382024113172E-003
  8.718702313957600E-003  9.605938864383405E-003  9.741167429462906E-003
  9.750150236509604E-003  1.029050775012231E-003  1.068414193944917E-003
  3.433622616292022E-002  0.600703276868786     
 Mean drag value and variance:  3.924690455336536E-003  2.248980566709559E-008
   11  0.3924713E-02  0.1277708E-02  0.3409208E-03  0.1248510E-01  0.5198815E-05
 Calc con  1.163486226698221E-003  1.126151905408579E-003
  9.806015700043576E-003  9.779544554330466E-003  9.762814817105819E-003
  9.755991750202312E-003  9.755161312197023E-003 -8.654223791093157E-003
  9.298951777237011E-003  9.804142498805922E-003  9.872086857380362E-003
  9.879693668160331E-003  1.144067885868583E-003  1.166165613441373E-003
  3.325570912324372E-002  0.600500957052016     
 Design variables:  1.163486226698221E-003  1.126151905408579E-003
  9.806015700043576E-003  9.779544554330466E-003  9.762814817105819E-003
  9.755991750202312E-003  9.755161312197023E-003 -8.654223791093157E-003
  9.298951777237011E-003  9.804142498805922E-003  9.872086857380362E-003
  9.879693668160331E-003  1.144067885868583E-003  1.166165613441373E-003
  3.325570912324372E-002  0.600500957052016     
 Constraint value, mean lift and its standard deviation:  2.757954714137298E-004
  0.635428314809432       1.785205514042280E-002
 Calc obj  1.163486226698221E-003  1.126151905408579E-003
  9.806015700043576E-003  9.779544554330466E-003  9.762814817105819E-003
  9.755991750202312E-003  9.755161312197023E-003 -8.654223791093157E-003
  9.298951777237011E-003  9.804142498805922E-003  9.872086857380362E-003
  9.879693668160331E-003  1.144067885868583E-003  1.166165613441373E-003
  3.325570912324372E-002  0.600500957052016     
 Design variables:  1.163486226698221E-003  1.126151905408579E-003
  9.806015700043576E-003  9.779544554330466E-003  9.762814817105819E-003
  9.755991750202312E-003  9.755161312197023E-003 -8.654223791093157E-003
  9.298951777237011E-003  9.804142498805922E-003  9.872086857380362E-003
  9.879693668160331E-003  1.144067885868583E-003  1.166165613441373E-003
  3.325570912324372E-002  0.600500957052016     
 Mean drag value and variance:  3.889870746024151E-003  2.167425094907301E-008
   12  0.3889892E-02  0.1137842E-02  0.4412014E-03  0.1578135E-01  0.3915085E-06
 Calc con  1.183145981752372E-003  1.155038827748030E-003
  9.841547059704870E-003  9.819151995085821E-003  9.800830818211516E-003
  9.786265603480037E-003  9.772026130744842E-003 -8.991777145509708E-003
  9.721319485486164E-003  9.885043898041290E-003  9.917508724770258E-003
  9.917098236400208E-003  1.165214815858529E-003  1.181349125547668E-003
  3.304259567527387E-002  0.600235868537563     
 Design variables:  1.183145981752372E-003  1.155038827748030E-003
  9.841547059704870E-003  9.819151995085821E-003  9.800830818211516E-003
  9.786265603480037E-003  9.772026130744842E-003 -8.991777145509708E-003
  9.721319485486164E-003  9.885043898041290E-003  9.917508724770258E-003
  9.917098236400208E-003  1.165214815858529E-003  1.181349125547668E-003
  3.304259567527387E-002  0.600235868537563     
 Constraint value, mean lift and its standard deviation: -3.948271128261030E-004
  0.635915411036158       1.776029196166574E-002
 Calc obj  1.183145981752372E-003  1.155038827748030E-003
  9.841547059704870E-003  9.819151995085821E-003  9.800830818211516E-003
  9.786265603480037E-003  9.772026130744842E-003 -8.991777145509708E-003
  9.721319485486164E-003  9.885043898041290E-003  9.917508724770258E-003
  9.917098236400208E-003  1.165214815858529E-003  1.181349125547668E-003
  3.304259567527387E-002  0.600235868537563     
 Design variables:  1.183145981752372E-003  1.155038827748030E-003
  9.841547059704870E-003  9.819151995085821E-003  9.800830818211516E-003
  9.786265603480037E-003  9.772026130744842E-003 -8.991777145509708E-003
  9.721319485486164E-003  9.885043898041290E-003  9.917508724770258E-003
  9.917098236400208E-003  1.165214815858529E-003  1.181349125547668E-003
  3.304259567527387E-002  0.600235868537563     
 Mean drag value and variance:  3.900085298047556E-003  2.254084492964548E-008
   13  0.3900108E-02  0.4223677E-03  0.1057212E-03  0.1166231E-01  0.1907306E-05
 Calc con  1.245447080855202E-003  1.242042662491267E-003
  9.992750509269337E-003  9.991258281986248E-003  9.989920441535582E-003
  9.988851034183059E-003  9.987907503815136E-003 -9.596247339129048E-003
  9.996452089309629E-003  9.993580702108137E-003  9.995111751389396E-003
  9.995502217371928E-003  1.243619648710151E-003  1.245499458381320E-003
  3.237671910674350E-002  0.600016931269105     
 Design variables:  1.245447080855202E-003  1.242042662491267E-003
  9.992750509269337E-003  9.991258281986248E-003  9.989920441535582E-003
  9.988851034183059E-003  9.987907503815136E-003 -9.596247339129048E-003
  9.996452089309629E-003  9.993580702108137E-003  9.995111751389396E-003
  9.995502217371928E-003  1.243619648710151E-003  1.245499458381320E-003
  3.237671910674350E-002  0.600016931269105     
 Constraint value, mean lift and its standard deviation:  7.718696647782131E-005
  0.635419450659042       1.774831881275989E-002
 Calc obj  1.245447080855202E-003  1.242042662491267E-003
  9.992750509269337E-003  9.991258281986248E-003  9.989920441535582E-003
  9.988851034183059E-003  9.987907503815136E-003 -9.596247339129048E-003
  9.996452089309629E-003  9.993580702108137E-003  9.995111751389396E-003
  9.995502217371928E-003  1.243619648710151E-003  1.245499458381320E-003
  3.237671910674350E-002  0.600016931269105     
 Design variables:  1.245447080855202E-003  1.242042662491267E-003
  9.992750509269337E-003  9.991258281986248E-003  9.989920441535582E-003
  9.988851034183059E-003  9.987907503815136E-003 -9.596247339129048E-003
  9.996452089309629E-003  9.993580702108137E-003  9.995111751389396E-003
  9.995502217371928E-003  1.243619648710151E-003  1.245499458381320E-003
  3.237671910674350E-002  0.600016931269105     
 Mean drag value and variance:  3.883173671474264E-003  2.227575068218858E-008
   14  0.3883196E-02  0.6658766E-03  0.9053113E-04  0.1146244E-01  0.1136444E-06
 Calc con  1.249841324617575E-003  1.249852827241148E-003
  9.999370417693804E-003  9.999299722713023E-003  9.999239950281959E-003
  9.999182695294451E-003  9.999113112739096E-003 -9.588567298466773E-003
  9.997863347603796E-003  9.999478168017547E-003  9.999557544554496E-003
  9.999582575792088E-003  1.249824637255891E-003  1.249837508273726E-003
  3.233696888447226E-002  0.600004825877258     
 Design variables:  1.249841324617575E-003  1.249852827241148E-003
  9.999370417693804E-003  9.999299722713023E-003  9.999239950281959E-003
  9.999182695294451E-003  9.999113112739096E-003 -9.588567298466773E-003
  9.997863347603796E-003  9.999478168017547E-003  9.999557544554496E-003
  9.999582575792088E-003  1.249824637255891E-003  1.249837508273726E-003
  3.233696888447226E-002  0.600004825877258     
 Constraint value, mean lift and its standard deviation:  2.250761892922531E-005
  0.635398439108997       1.771047336396305E-002
 Calc obj  1.249841324617575E-003  1.249852827241148E-003
  9.999370417693804E-003  9.999299722713023E-003  9.999239950281959E-003
  9.999182695294451E-003  9.999113112739096E-003 -9.588567298466773E-003
  9.997863347603796E-003  9.999478168017547E-003  9.999557544554496E-003
  9.999582575792088E-003  1.249824637255891E-003  1.249837508273726E-003
  3.233696888447226E-002  0.600004825877258     
 Design variables:  1.249841324617575E-003  1.249852827241148E-003
  9.999370417693804E-003  9.999299722713023E-003  9.999239950281959E-003
  9.999182695294451E-003  9.999113112739096E-003 -9.588567298466773E-003
  9.997863347603796E-003  9.999478168017547E-003  9.999557544554496E-003
  9.999582575792088E-003  1.249824637255891E-003  1.249837508273726E-003
  3.233696888447226E-002  0.600004825877258     
 Mean drag value and variance:  3.882415382155194E-003  2.149935641065631E-008
   15  0.3882437E-02  0.3975022E-04  0.2401854E-04  0.1113583E-01  0.1353358E-07
 
 The solution was found.
 
 The final value of the objective function is   3.882436881511604E-003
 
 The optimal values of X are:
 
 X  (           1 ) =   1.249841324617575E-003
 X  (           2 ) =   1.249852827241148E-003
 X  (           3 ) =   9.999370417693804E-003
 X  (           4 ) =   9.999299722713023E-003
 X  (           5 ) =   9.999239950281959E-003
 X  (           6 ) =   9.999182695294451E-003
 X  (           7 ) =   9.999113112739096E-003
 X  (           8 ) =  -9.588567298466773E-003
 X  (           9 ) =   9.997863347603796E-003
 X  (          10 ) =   9.999478168017547E-003
 X  (          11 ) =   9.999557544554496E-003
 X  (          12 ) =   9.999582575792088E-003
 X  (          13 ) =   1.249824637255891E-003
 X  (          14 ) =   1.249837508273726E-003
 X  (          15 ) =    1.85277183932613     
 X  (          16 ) =   0.600004825877258     
 
 The multipliers for the equality constraints are:
 
 LAM(           1 ) =   7.267946565549907E-003
 
 Mean drag and its variance:  3.882415382155194E-003  2.149935641065631E-008
