 Calc con  0.000000000000000E+000  0.000000000000000E+000
  0.000000000000000E+000  0.000000000000000E+000  0.000000000000000E+000
  0.000000000000000E+000  0.000000000000000E+000  0.000000000000000E+000
  0.000000000000000E+000  0.000000000000000E+000  0.000000000000000E+000
  0.000000000000000E+000  0.000000000000000E+000  0.000000000000000E+000
  3.490658503988659E-002  0.650000000000000     
 Design variables:  0.000000000000000E+000  0.000000000000000E+000
  0.000000000000000E+000  0.000000000000000E+000  0.000000000000000E+000
  0.000000000000000E+000  0.000000000000000E+000  0.000000000000000E+000
  0.000000000000000E+000  0.000000000000000E+000  0.000000000000000E+000
  0.000000000000000E+000  0.000000000000000E+000  0.000000000000000E+000
  3.490658503988659E-002  0.650000000000000     
 Constraint value, mean lift and its standard deviation:  0.293028436637248     
  0.324478189315963       1.750662595321094E-002
 Calc obj  0.000000000000000E+000  0.000000000000000E+000
  0.000000000000000E+000  0.000000000000000E+000  0.000000000000000E+000
  0.000000000000000E+000  0.000000000000000E+000  0.000000000000000E+000
  0.000000000000000E+000  0.000000000000000E+000  0.000000000000000E+000
  0.000000000000000E+000  0.000000000000000E+000  0.000000000000000E+000
  3.490658503988659E-002  0.650000000000000     
 Design variables:  0.000000000000000E+000  0.000000000000000E+000
  0.000000000000000E+000  0.000000000000000E+000  0.000000000000000E+000
  0.000000000000000E+000  0.000000000000000E+000  0.000000000000000E+000
  0.000000000000000E+000  0.000000000000000E+000  0.000000000000000E+000
  0.000000000000000E+000  0.000000000000000E+000  0.000000000000000E+000
  3.490658503988659E-002  0.650000000000000     
 Mean drag value and variance:  2.020147051182441E-003  1.160372772604383E-006
 
 iter    objective      ||grad||        inf_pr          inf_du         lg(mu)
    0  0.2021307E-02  0.0000000E+00  0.3030284E+00  0.9956920E+00  0.1000000E+01
 Calc con  7.660392464241901E-004  5.444326368795944E-004
  3.075638397339974E-003  2.733348652524222E-003  2.439140578393916E-003
  2.164793329608372E-003  1.871757236684496E-003  2.410218167176818E-003
  2.624276783288202E-003  2.804859127979233E-003  3.012169176487688E-003
  3.291317490708894E-003  5.602838383759137E-004  7.718482663763166E-004
  5.430262718122254E-002  0.663204938960319     
 Design variables:  7.660392464241901E-004  5.444326368795944E-004
  3.075638397339974E-003  2.733348652524222E-003  2.439140578393916E-003
  2.164793329608372E-003  1.871757236684496E-003  2.410218167176818E-003
  2.624276783288202E-003  2.804859127979233E-003  3.012169176487688E-003
  3.291317490708894E-003  5.602838383759137E-004  7.718482663763166E-004
  5.430262718122254E-002  0.663204938960319     
 Constraint value, mean lift and its standard deviation: -4.846226111852767E-002
  0.668800532713234       2.033827159470639E-002
 Calc obj  7.660392464241901E-004  5.444326368795944E-004
  3.075638397339974E-003  2.733348652524222E-003  2.439140578393916E-003
  2.164793329608372E-003  1.871757236684496E-003  2.410218167176818E-003
  2.624276783288202E-003  2.804859127979233E-003  3.012169176487688E-003
  3.291317490708894E-003  5.602838383759137E-004  7.718482663763166E-004
  5.430262718122254E-002  0.663204938960319     
 Design variables:  7.660392464241901E-004  5.444326368795944E-004
  3.075638397339974E-003  2.733348652524222E-003  2.439140578393916E-003
  2.164793329608372E-003  1.871757236684496E-003  2.410218167176818E-003
  2.624276783288202E-003  2.804859127979233E-003  3.012169176487688E-003
  3.291317490708894E-003  5.602838383759137E-004  7.718482663763166E-004
  5.430262718122254E-002  0.663204938960319     
 Mean drag value and variance:  6.680392776674522E-003  2.410731950466504E-006
    1  0.6682804E-02  0.2443577E-01  0.1402650E-01  0.6345643E+00  0.2569640E-01
 Calc con  7.135222049812099E-004  5.078078061786284E-004
  3.061821090149376E-003  2.734381566649876E-003  2.453381521517960E-003
  2.190473340156737E-003  1.906799403518447E-003  1.802431332369092E-003
  2.428749554758092E-003  3.042746757423209E-003  3.416156999708514E-003
  3.555110480104290E-003  5.227785100804694E-004  7.189446274134473E-004
  5.366851455487685E-002  0.658758527625454     
 Design variables:  7.135222049812099E-004  5.078078061786284E-004
  3.061821090149376E-003  2.734381566649876E-003  2.453381521517960E-003
  2.190473340156737E-003  1.906799403518447E-003  1.802431332369092E-003
  2.428749554758092E-003  3.042746757423209E-003  3.416156999708514E-003
  3.555110480104290E-003  5.227785100804694E-004  7.189446274134473E-004
  5.366851455487685E-002  0.658758527625454     
 Constraint value, mean lift and its standard deviation: -3.444266238934168E-002
  0.655713474421908       2.127081203256643E-002
 Calc obj  7.135222049812099E-004  5.078078061786284E-004
  3.061821090149376E-003  2.734381566649876E-003  2.453381521517960E-003
  2.190473340156737E-003  1.906799403518447E-003  1.802431332369092E-003
  2.428749554758092E-003  3.042746757423209E-003  3.416156999708514E-003
  3.555110480104290E-003  5.227785100804694E-004  7.189446274134473E-004
  5.366851455487685E-002  0.658758527625454     
 Design variables:  7.135222049812099E-004  5.078078061786284E-004
  3.061821090149376E-003  2.734381566649876E-003  2.453381521517960E-003
  2.190473340156737E-003  1.906799403518447E-003  1.802431332369092E-003
  2.428749554758092E-003  3.042746757423209E-003  3.416156999708514E-003
  3.555110480104290E-003  5.227785100804694E-004  7.189446274134473E-004
  5.366851455487685E-002  0.658758527625454     
 Mean drag value and variance:  5.586068513001125E-003  1.428047300896233E-006
    2  0.5587497E-02  0.4675845E-02  0.4668940E-02  0.2081468E+00  0.1937565E-02
 Calc con  6.162778461101257E-004  4.327268812606568E-004
  2.476356111369321E-003  2.238318157611046E-003  2.051257137107514E-003
  1.883506585868983E-003  1.696380051278316E-003 -3.027589262130315E-003
  2.072525207604310E-003  4.871970199291779E-003  5.138267519497718E-003
  4.200418019446794E-003  4.479812393459985E-004  6.208475617670315E-004
  5.852224022739889E-002  0.634657692374300     
 Design variables:  6.162778461101257E-004  4.327268812606568E-004
  2.476356111369321E-003  2.238318157611046E-003  2.051257137107514E-003
  1.883506585868983E-003  1.696380051278316E-003 -3.027589262130315E-003
  2.072525207604310E-003  4.871970199291779E-003  5.138267519497718E-003
  4.200418019446794E-003  4.479812393459985E-004  6.208475617670315E-004
  5.852224022739889E-002  0.634657692374300     
 Constraint value, mean lift and its standard deviation: -3.996120860795918E-002
  0.660525598337574       2.056438972961514E-002
 Calc obj  6.162778461101257E-004  4.327268812606568E-004
  2.476356111369321E-003  2.238318157611046E-003  2.051257137107514E-003
  1.883506585868983E-003  1.696380051278316E-003 -3.027589262130315E-003
  2.072525207604310E-003  4.871970199291779E-003  5.138267519497718E-003
  4.200418019446794E-003  4.479812393459985E-004  6.208475617670315E-004
  5.852224022739889E-002  0.634657692374300     
 Design variables:  6.162778461101257E-004  4.327268812606568E-004
  2.476356111369321E-003  2.238318157611046E-003  2.051257137107514E-003
  1.883506585868983E-003  1.696380051278316E-003 -3.027589262130315E-003
  2.072525207604310E-003  4.871970199291779E-003  5.138267519497718E-003
  4.200418019446794E-003  4.479812393459985E-004  6.208475617670315E-004
  5.852224022739889E-002  0.634657692374300     
 Mean drag value and variance:  4.801733464757982E-003  5.280177314556867E-008
    3  0.4801786E-02  0.2410084E-01  0.4035800E-02  0.1596141E+00  0.2225029E-03
 Calc con -8.042274489070025E-004 -3.788139196922229E-004
  2.817262385538317E-003  2.549207111710034E-003  2.338685152221513E-003
  2.151021978434743E-003  1.939756188281485E-003 -1.276565879192609E-003
  4.152541111672318E-003  4.747417818087307E-003  4.779991843444749E-003
  3.925728569929439E-003 -3.810448858343927E-004 -8.265302888501774E-004
  5.642137709409219E-002  0.635180565650790     
 Design variables: -8.042274489070025E-004 -3.788139196922229E-004
  2.817262385538317E-003  2.549207111710034E-003  2.338685152221513E-003
  2.151021978434743E-003  1.939756188281485E-003 -1.276565879192609E-003
  4.152541111672318E-003  4.747417818087307E-003  4.779991843444749E-003
  3.925728569929439E-003 -3.810448858343927E-004 -8.265302888501774E-004
  5.642137709409219E-002  0.635180565650790     
 Constraint value, mean lift and its standard deviation: -3.378846022943985E-004
  0.620596236179941       2.025835157764615E-002
 Calc obj -8.042274489070025E-004 -3.788139196922229E-004
  2.817262385538317E-003  2.549207111710034E-003  2.338685152221513E-003
  2.151021978434743E-003  1.939756188281485E-003 -1.276565879192609E-003
  4.152541111672318E-003  4.747417818087307E-003  4.779991843444749E-003
  3.925728569929439E-003 -3.810448858343927E-004 -8.265302888501774E-004
  5.642137709409219E-002  0.635180565650790     
 Design variables: -8.042274489070025E-004 -3.788139196922229E-004
  2.817262385538317E-003  2.549207111710034E-003  2.338685152221513E-003
  2.151021978434743E-003  1.939756188281485E-003 -1.276565879192609E-003
  4.152541111672318E-003  4.747417818087307E-003  4.779991843444749E-003
  3.925728569929439E-003 -3.810448858343927E-004 -8.265302888501774E-004
  5.642137709409219E-002  0.635180565650790     
 Mean drag value and variance:  4.443717990787240E-003  6.425622399361928E-008
    4  0.4443782E-02  0.4859297E-01  0.1020756E-03  0.4628550E-01  0.4733405E-03
 Calc con -4.946612722396814E-004 -1.985117139564889E-004
  3.814495788291517E-003  3.487874130261939E-003  3.226878605402990E-003
  2.990434090892846E-003  2.716758981728039E-003  2.490297352678361E-003
  5.964581658911847E-003  5.678260233596280E-003  5.421771735984267E-003
  4.786320568831015E-003 -1.945499476169303E-004 -5.110521294655246E-004
  5.137584081493297E-002  0.633467015513037     
 Design variables: -4.946612722396814E-004 -1.985117139564889E-004
  3.814495788291517E-003  3.487874130261939E-003  3.226878605402990E-003
  2.990434090892846E-003  2.716758981728039E-003  2.490297352678361E-003
  5.964581658911847E-003  5.678260233596280E-003  5.421771735984267E-003
  4.786320568831015E-003 -1.945499476169303E-004 -5.110521294655246E-004
  5.137584081493297E-002  0.633467015513037     
 Constraint value, mean lift and its standard deviation: -1.279420966829490E-002
  0.633525174877270       2.073096520897469E-002
 Calc obj -4.946612722396814E-004 -1.985117139564889E-004
  3.814495788291517E-003  3.487874130261939E-003  3.226878605402990E-003
  2.990434090892846E-003  2.716758981728039E-003  2.490297352678361E-003
  5.964581658911847E-003  5.678260233596280E-003  5.421771735984267E-003
  4.786320568831015E-003 -1.945499476169303E-004 -5.110521294655246E-004
  5.137584081493297E-002  0.633467015513037     
 Design variables: -4.946612722396814E-004 -1.985117139564889E-004
  3.814495788291517E-003  3.487874130261939E-003  3.226878605402990E-003
  2.990434090892846E-003  2.716758981728039E-003  2.490297352678361E-003
  5.964581658911847E-003  5.678260233596280E-003  5.421771735984267E-003
  4.786320568831015E-003 -1.945499476169303E-004 -5.110521294655246E-004
  5.137584081493297E-002  0.633467015513037     
 Mean drag value and variance:  4.542672784539067E-003  2.229295824878105E-007
    5  0.4542896E-02  0.1506682E-01  0.2712572E-02  0.5080653E-01  0.1797375E-03
 Calc con  8.462036702417341E-005  7.421179477432982E-005
  3.892111208737362E-003  3.552126158923816E-003  3.287034256894781E-003
  3.053204371411603E-003  2.786564625459220E-003  2.761376529251743E-003
  5.144484399055163E-003  5.385003871305065E-003  5.306010961325669E-003
  5.096128852104965E-003  8.512655504793471E-005  8.058516702581092E-005
  5.108268388754431E-002  0.628139713312486     
 Design variables:  8.462036702417341E-005  7.421179477432982E-005
  3.892111208737362E-003  3.552126158923816E-003  3.287034256894781E-003
  3.053204371411603E-003  2.786564625459220E-003  2.761376529251743E-003
  5.144484399055163E-003  5.385003871305065E-003  5.306010961325669E-003
  5.096128852104965E-003  8.512655504793471E-005  8.058516702581092E-005
  5.108268388754431E-002  0.628139713312486     
 Constraint value, mean lift and its standard deviation: -1.799069961550104E-002
  0.638372488035930       2.038178842042881E-002
 Calc obj  8.462036702417341E-005  7.421179477432982E-005
  3.892111208737362E-003  3.552126158923816E-003  3.287034256894781E-003
  3.053204371411603E-003  2.786564625459220E-003  2.761376529251743E-003
  5.144484399055163E-003  5.385003871305065E-003  5.306010961325669E-003
  5.096128852104965E-003  8.512655504793471E-005  8.058516702581092E-005
  5.108268388754431E-002  0.628139713312486     
 Design variables:  8.462036702417341E-005  7.421179477432982E-005
  3.892111208737362E-003  3.552126158923816E-003  3.287034256894781E-003
  3.053204371411603E-003  2.786564625459220E-003  2.761376529251743E-003
  5.144484399055163E-003  5.385003871305065E-003  5.306010961325669E-003
  5.096128852104965E-003  8.512655504793471E-005  8.058516702581092E-005
  5.108268388754431E-002  0.628139713312486     
 Mean drag value and variance:  4.536654597349053E-003  8.368788005198052E-008
    6  0.4536738E-02  0.5327302E-02  0.4984223E-03  0.5241201E-01  0.1396669E-03
 Calc con  2.896427582898804E-004  2.018770401944583E-004
  6.137974602922843E-003  5.562723623609107E-003  5.059586348726618E-003
  4.597407537525757E-003  4.103716018265596E-003  5.065706287858567E-003
  4.063671685512454E-003  4.512358148823783E-003  5.401526119132299E-003
  6.297244895967501E-003  2.074431571588675E-004  2.696342876534812E-004
  4.852230364521544E-002  0.600003920186576     
 Design variables:  2.896427582898804E-004  2.018770401944583E-004
  6.137974602922843E-003  5.562723623609107E-003  5.059586348726618E-003
  4.597407537525757E-003  4.103716018265596E-003  5.065706287858567E-003
  4.063671685512454E-003  4.512358148823783E-003  5.401526119132299E-003
  6.297244895967501E-003  2.074431571588675E-004  2.696342876534812E-004
  4.852230364521544E-002  0.600003920186576     
 Constraint value, mean lift and its standard deviation: -1.138470875036280E-002
  0.629395730369795       1.801102161943201E-002
 Calc obj  2.896427582898804E-004  2.018770401944583E-004
  6.137974602922843E-003  5.562723623609107E-003  5.059586348726618E-003
  4.597407537525757E-003  4.103716018265596E-003  5.065706287858567E-003
  4.063671685512454E-003  4.512358148823783E-003  5.401526119132299E-003
  6.297244895967501E-003  2.074431571588675E-004  2.696342876534812E-004
  4.852230364521544E-002  0.600003920186576     
 Design variables:  2.896427582898804E-004  2.018770401944583E-004
  6.137974602922843E-003  5.562723623609107E-003  5.059586348726618E-003
  4.597407537525757E-003  4.103716018265596E-003  5.065706287858567E-003
  4.063671685512454E-003  4.512358148823783E-003  5.401526119132299E-003
  6.297244895967501E-003  2.074431571588675E-004  2.696342876534812E-004
  4.852230364521544E-002  0.600003920186576     
 Mean drag value and variance:  4.263061310248897E-003  2.785948855983688E-008
 Calc con  2.958448233145664E-004  2.060080100821524E-004
  6.231205908625522E-003  5.649999908741158E-003  5.140426135328866E-003
  4.671670855000669E-003  4.170724285083467E-003  5.105971702624062E-003
  4.081011449647391E-003  4.558332060898879E-003  5.479643960497482E-003
  6.391513425199931E-003  2.117025641881754E-004  2.755617105370332E-004
  4.851998044274477E-002  0.600003920186576     
 Design variables:  2.958448233145664E-004  2.060080100821524E-004
  6.231205908625522E-003  5.649999908741158E-003  5.140426135328866E-003
  4.671670855000669E-003  4.170724285083467E-003  5.105971702624062E-003
  4.081011449647391E-003  4.558332060898879E-003  5.479643960497482E-003
  6.391513425199931E-003  2.117025641881754E-004  2.755617105370332E-004
  4.851998044274477E-002  0.600003920186576     
 Constraint value, mean lift and its standard deviation: -1.417006686736609E-002
  0.632127946440067       1.795787957270103E-002
 Calc obj  2.958448233145664E-004  2.060080100821524E-004
  6.231205908625522E-003  5.649999908741158E-003  5.140426135328866E-003
  4.671670855000669E-003  4.170724285083467E-003  5.105971702624062E-003
  4.081011449647391E-003  4.558332060898879E-003  5.479643960497482E-003
  6.391513425199931E-003  2.117025641881754E-004  2.755617105370332E-004
  4.851998044274477E-002  0.600003920186576     
 Design variables:  2.958448233145664E-004  2.060080100821524E-004
  6.231205908625522E-003  5.649999908741158E-003  5.140426135328866E-003
  4.671670855000669E-003  4.170724285083467E-003  5.105971702624062E-003
  4.081011449647391E-003  4.558332060898879E-003  5.479643960497482E-003
  6.391513425199931E-003  2.117025641881754E-004  2.755617105370332E-004
  4.851998044274477E-002  0.600003920186576     
 Mean drag value and variance:  4.293314309407363E-003  3.103256648483824E-008
 Calc con  2.963738503989641E-004  2.063603757775655E-004
  6.239158402776120E-003  5.657444448338316E-003  5.147321651006183E-003
  4.678005407470699E-003  4.176439992333237E-003  5.109406283669391E-003
  4.082490506191943E-003  4.562253568423645E-003  5.486307298223264E-003
  6.399554393002053E-003  2.120658853841010E-004  2.760673110480883E-004
  4.851978227696858E-002  0.600003920186576     
 Design variables:  2.963738503989641E-004  2.063603757775655E-004
  6.239158402776120E-003  5.657444448338316E-003  5.147321651006183E-003
  4.678005407470699E-003  4.176439992333237E-003  5.109406283669391E-003
  4.082490506191943E-003  4.562253568423645E-003  5.486307298223264E-003
  6.399554393002053E-003  2.120658853841010E-004  2.760673110480883E-004
  4.851978227696858E-002  0.600003920186576     
 Constraint value, mean lift and its standard deviation: -1.432597919457237E-002
  0.632481891061473       1.815591186690033E-002
 Calc obj  2.963738503989641E-004  2.063603757775655E-004
  6.239158402776120E-003  5.657444448338316E-003  5.147321651006183E-003
  4.678005407470699E-003  4.176439992333237E-003  5.109406283669391E-003
  4.082490506191943E-003  4.562253568423645E-003  5.486307298223264E-003
  6.399554393002053E-003  2.120658853841010E-004  2.760673110480883E-004
  4.851978227696858E-002  0.600003920186576     
 Design variables:  2.963738503989641E-004  2.063603757775655E-004
  6.239158402776120E-003  5.657444448338316E-003  5.147321651006183E-003
  4.678005407470699E-003  4.176439992333237E-003  5.109406283669391E-003
  4.082490506191943E-003  4.562253568423645E-003  5.486307298223264E-003
  6.399554393002053E-003  2.120658853841010E-004  2.760673110480883E-004
  4.851978227696858E-002  0.600003920186576     
 Mean drag value and variance:  4.329907488865781E-003  3.247716684860808E-008
 Calc con  2.965557365342440E-004  2.064815235154300E-004
  6.241892569833998E-003  5.660003974260900E-003  5.149692415631089E-003
  4.680183305921419E-003  4.178405124049007E-003  5.110587135635320E-003
  4.082999024350432E-003  4.563601831809749E-003  5.488598237161458E-003
  6.402318978409056E-003  2.121907997602097E-004  2.762411428341415E-004
  4.851971414509362E-002  0.600003920186576     
 Design variables:  2.965557365342440E-004  2.064815235154300E-004
  6.241892569833998E-003  5.660003974260900E-003  5.149692415631089E-003
  4.680183305921419E-003  4.178405124049007E-003  5.110587135635320E-003
  4.082999024350432E-003  4.563601831809749E-003  5.488598237161458E-003
  6.402318978409056E-003  2.121907997602097E-004  2.762411428341415E-004
  4.851971414509362E-002  0.600003920186576     
 Constraint value, mean lift and its standard deviation: -1.451185585703634E-002
  0.632671023520471       1.815916766343446E-002
 Calc obj  2.965557365342440E-004  2.064815235154300E-004
  6.241892569833998E-003  5.660003974260900E-003  5.149692415631089E-003
  4.680183305921419E-003  4.178405124049007E-003  5.110587135635320E-003
  4.082999024350432E-003  4.563601831809749E-003  5.488598237161458E-003
  6.402318978409056E-003  2.121907997602097E-004  2.762411428341415E-004
  4.851971414509362E-002  0.600003920186576     
 Design variables:  2.965557365342440E-004  2.064815235154300E-004
  6.241892569833998E-003  5.660003974260900E-003  5.149692415631089E-003
  4.680183305921419E-003  4.178405124049007E-003  5.110587135635320E-003
  4.082999024350432E-003  4.563601831809749E-003  5.488598237161458E-003
  6.402318978409056E-003  2.121907997602097E-004  2.762411428341415E-004
  4.851971414509362E-002  0.600003920186576     
 Mean drag value and variance:  4.283810780263329E-003  2.768350627208038E-008
    7  0.4283838E-02  0.3265868E-01  0.3627019E-03  0.1177676E-01  0.1396669E-03
 Calc con  2.849818413736810E-004  1.988459584603840E-004
  6.105211266964482E-003  5.552112390782563E-003  5.100353997482015E-003
  4.712622100245812E-003  4.310998649151269E-003  4.952668137825649E-003
  3.946880288382588E-003  4.329492382803987E-003  5.219925084190851E-003
  6.194903757816062E-003  2.047589480958683E-004  2.652474528689895E-004
  4.851232743384778E-002  0.600931053267042     
 Design variables:  2.849818413736810E-004  1.988459584603840E-004
  6.105211266964482E-003  5.552112390782563E-003  5.100353997482015E-003
  4.712622100245812E-003  4.310998649151269E-003  4.952668137825649E-003
  3.946880288382588E-003  4.329492382803987E-003  5.219925084190851E-003
  6.194903757816062E-003  2.047589480958683E-004  2.652474528689895E-004
  4.851232743384778E-002  0.600931053267042     
 Constraint value, mean lift and its standard deviation: -9.602728894767563E-003
  0.627680609532976       1.807788063820801E-002
 Calc obj  2.849818413736810E-004  1.988459584603840E-004
  6.105211266964482E-003  5.552112390782563E-003  5.100353997482015E-003
  4.712622100245812E-003  4.310998649151269E-003  4.952668137825649E-003
  3.946880288382588E-003  4.329492382803987E-003  5.219925084190851E-003
  6.194903757816062E-003  2.047589480958683E-004  2.652474528689895E-004
  4.851232743384778E-002  0.600931053267042     
 Design variables:  2.849818413736810E-004  1.988459584603840E-004
  6.105211266964482E-003  5.552112390782563E-003  5.100353997482015E-003
  4.712622100245812E-003  4.310998649151269E-003  4.952668137825649E-003
  3.946880288382588E-003  4.329492382803987E-003  5.219925084190851E-003
  6.194903757816062E-003  2.047589480958683E-004  2.652474528689895E-004
  4.851232743384778E-002  0.600931053267042     
 Mean drag value and variance:  4.229586788063474E-003  3.017185213029580E-008
    8  0.4229617E-02  0.5492290E-02  0.2204611E-03  0.4744110E-01  0.1002376E-04
 Calc con  2.835208965865997E-004  2.080118866457243E-004
  6.036148036098611E-003  5.744963730432262E-003  5.702162180740895E-003
  5.765077276407831E-003  5.806836127862686E-003  4.225794112474363E-003
  3.732472041233520E-003  3.901262026245040E-003  4.023671217244445E-003
  5.367736511856476E-003  2.247179382971471E-004  2.631606979037376E-004
  4.835489542323086E-002  0.600145987685876     
 Design variables:  2.835208965865997E-004  2.080118866457243E-004
  6.036148036098611E-003  5.744963730432262E-003  5.702162180740895E-003
  5.765077276407831E-003  5.806836127862686E-003  4.225794112474363E-003
  3.732472041233520E-003  3.901262026245040E-003  4.023671217244445E-003
  5.367736511856476E-003  2.247179382971471E-004  2.631606979037376E-004
  4.835489542323086E-002  0.600145987685876     
 Constraint value, mean lift and its standard deviation: -1.527681725155463E-003
  0.619395062009454       1.786738028429872E-002
 Calc obj  2.835208965865997E-004  2.080118866457243E-004
  6.036148036098611E-003  5.744963730432262E-003  5.702162180740895E-003
  5.765077276407831E-003  5.806836127862686E-003  4.225794112474363E-003
  3.732472041233520E-003  3.901262026245040E-003  4.023671217244445E-003
  5.367736511856476E-003  2.247179382971471E-004  2.631606979037376E-004
  4.835489542323086E-002  0.600145987685876     
 Design variables:  2.835208965865997E-004  2.080118866457243E-004
  6.036148036098611E-003  5.744963730432262E-003  5.702162180740895E-003
  5.765077276407831E-003  5.806836127862686E-003  4.225794112474363E-003
  3.732472041233520E-003  3.901262026245040E-003  4.023671217244445E-003
  5.367736511856476E-003  2.247179382971471E-004  2.631606979037376E-004
  4.835489542323086E-002  0.600145987685876     
 Mean drag value and variance:  4.095335266229370E-003  2.569550366492840E-008
    9  0.4095361E-02  0.8914959E-02  0.1060373E-02  0.4163280E-01  0.1032192E-05
 Calc con  4.105563005325912E-004  3.636276763629752E-004
  6.533665156970450E-003  6.984100370560041E-003  7.891563926534201E-003
  8.861878680138661E-003  9.744386363985533E-003  1.756239614045561E-003
  3.977826733399394E-003  3.487582625418767E-003  1.661475943186958E-003
  3.556843476232861E-003  2.050866479549427E-004  3.875428923015341E-004
  4.800066953732477E-002  0.601313512080068     
 Design variables:  4.105563005325912E-004  3.636276763629752E-004
  6.533665156970450E-003  6.984100370560041E-003  7.891563926534201E-003
  8.861878680138661E-003  9.744386363985533E-003  1.756239614045561E-003
  3.977826733399394E-003  3.487582625418767E-003  1.661475943186958E-003
  3.556843476232861E-003  2.050866479549427E-004  3.875428923015341E-004
  4.800066953732477E-002  0.601313512080068     
 Constraint value, mean lift and its standard deviation: -3.605728698082032E-003
  0.621173553825256       1.756782512717440E-002
 Calc obj  4.105563005325912E-004  3.636276763629752E-004
  6.533665156970450E-003  6.984100370560041E-003  7.891563926534201E-003
  8.861878680138661E-003  9.744386363985533E-003  1.756239614045561E-003
  3.977826733399394E-003  3.487582625418767E-003  1.661475943186958E-003
  3.556843476232861E-003  2.050866479549427E-004  3.875428923015341E-004
  4.800066953732477E-002  0.601313512080068     
 Design variables:  4.105563005325912E-004  3.636276763629752E-004
  6.533665156970450E-003  6.984100370560041E-003  7.891563926534201E-003
  8.861878680138661E-003  9.744386363985533E-003  1.756239614045561E-003
  3.977826733399394E-003  3.487582625418767E-003  1.661475943186958E-003
  3.556843476232861E-003  2.050866479549427E-004  3.875428923015341E-004
  4.800066953732477E-002  0.601313512080068     
 Mean drag value and variance:  3.925419049821839E-003  2.737332527264429E-008
   10  0.3925446E-02  0.3937550E-02  0.5510127E-03  0.4350269E-01  0.1237082E-04
 Calc con  5.683049850380648E-004  4.682152603744758E-004
  8.440502833407183E-003  8.736232671615033E-003  9.069764353938317E-003
  9.209942950523945E-003  9.233400010206196E-003  1.352252863394539E-003
  2.990161653622098E-003  2.158253919118622E-003  1.162648484361649E-003
  4.962347332340788E-003  3.756745501294640E-004  5.404680319040699E-004
  4.591202083246818E-002  0.600838061627278     
 Design variables:  5.683049850380648E-004  4.682152603744758E-004
  8.440502833407183E-003  8.736232671615033E-003  9.069764353938317E-003
  9.209942950523945E-003  9.233400010206196E-003  1.352252863394539E-003
  2.990161653622098E-003  2.158253919118622E-003  1.162648484361649E-003
  4.962347332340788E-003  3.756745501294640E-004  5.404680319040699E-004
  4.591202083246818E-002  0.600838061627278     
 Constraint value, mean lift and its standard deviation: -7.125210385527346E-004
  0.618005818237706       1.729329719915279E-002
 Calc obj  5.683049850380648E-004  4.682152603744758E-004
  8.440502833407183E-003  8.736232671615033E-003  9.069764353938317E-003
  9.209942950523945E-003  9.233400010206196E-003  1.352252863394539E-003
  2.990161653622098E-003  2.158253919118622E-003  1.162648484361649E-003
  4.962347332340788E-003  3.756745501294640E-004  5.404680319040699E-004
  4.591202083246818E-002  0.600838061627278     
 Design variables:  5.683049850380648E-004  4.682152603744758E-004
  8.440502833407183E-003  8.736232671615033E-003  9.069764353938317E-003
  9.209942950523945E-003  9.233400010206196E-003  1.352252863394539E-003
  2.990161653622098E-003  2.158253919118622E-003  1.162648484361649E-003
  4.962347332340788E-003  3.756745501294640E-004  5.404680319040699E-004
  4.591202083246818E-002  0.600838061627278     
 Mean drag value and variance:  3.825564322663249E-003  2.381123366373848E-008
   11  0.3825588E-02  0.2426918E-02  0.8472313E-04  0.3808502E-01  0.2887196E-05
 Calc con  5.190790113343487E-004  3.668300904328192E-004
  8.804141325978903E-003  8.332464056490190E-003  7.975911319366282E-003
  7.820272381282004E-003  7.672025709399296E-003  4.346660101728669E-003
  1.398153202891374E-003  9.288485627524247E-004  5.087017507547477E-003
  9.949633373323408E-003  4.396387834301041E-004  4.704326798939155E-004
  4.222381457907766E-002  0.601582144782593     
 Design variables:  5.190790113343487E-004  3.668300904328192E-004
  8.804141325978903E-003  8.332464056490190E-003  7.975911319366282E-003
  7.820272381282004E-003  7.672025709399296E-003  4.346660101728669E-003
  1.398153202891374E-003  9.288485627524247E-004  5.087017507547477E-003
  9.949633373323408E-003  4.396387834301041E-004  4.704326798939155E-004
  4.222381457907766E-002  0.601582144782593     
 Constraint value, mean lift and its standard deviation: -3.893804459303256E-004
  0.617896135871713       1.750675542578236E-002
 Calc obj  5.190790113343487E-004  3.668300904328192E-004
  8.804141325978903E-003  8.332464056490190E-003  7.975911319366282E-003
  7.820272381282004E-003  7.672025709399296E-003  4.346660101728669E-003
  1.398153202891374E-003  9.288485627524247E-004  5.087017507547477E-003
  9.949633373323408E-003  4.396387834301041E-004  4.704326798939155E-004
  4.222381457907766E-002  0.601582144782593     
 Design variables:  5.190790113343487E-004  3.668300904328192E-004
  8.804141325978903E-003  8.332464056490190E-003  7.975911319366282E-003
  7.820272381282004E-003  7.672025709399296E-003  4.346660101728669E-003
  1.398153202891374E-003  9.288485627524247E-004  5.087017507547477E-003
  9.949633373323408E-003  4.396387834301041E-004  4.704326798939155E-004
  4.222381457907766E-002  0.601582144782593     
 Mean drag value and variance:  3.867567714696651E-003  2.269683653335015E-008
 Calc con  5.201859481744006E-004  3.681335443582324E-004
  8.806184249234161E-003  8.336476666193009E-003  7.982003621571011E-003
  7.827309566495745E-003  7.679639030987672E-003  4.355114801567408E-003
  1.408013349461888E-003  9.575462190909081E-004  5.104290813370048E-003
  9.949633373323408E-003  4.406080182171888E-004  4.716713315260835E-004
  4.224693612832974E-002  0.601576946845927     
 Design variables:  5.201859481744006E-004  3.681335443582324E-004
  8.806184249234161E-003  8.336476666193009E-003  7.982003621571011E-003
  7.827309566495745E-003  7.679639030987672E-003  4.355114801567408E-003
  1.408013349461888E-003  9.575462190909081E-004  5.104290813370048E-003
  9.949633373323408E-003  4.406080182171888E-004  4.716713315260835E-004
  4.224693612832974E-002  0.601576946845927     
 Constraint value, mean lift and its standard deviation: -9.793785948520248E-004
  0.618555596981823       1.757621838697083E-002
 Calc obj  5.201859481744006E-004  3.681335443582324E-004
  8.806184249234161E-003  8.336476666193009E-003  7.982003621571011E-003
  7.827309566495745E-003  7.679639030987672E-003  4.355114801567408E-003
  1.408013349461888E-003  9.575462190909081E-004  5.104290813370048E-003
  9.949633373323408E-003  4.406080182171888E-004  4.716713315260835E-004
  4.224693612832974E-002  0.601576946845927     
 Design variables:  5.201859481744006E-004  3.681335443582324E-004
  8.806184249234161E-003  8.336476666193009E-003  7.982003621571011E-003
  7.827309566495745E-003  7.679639030987672E-003  4.355114801567408E-003
  1.408013349461888E-003  9.575462190909081E-004  5.104290813370048E-003
  9.949633373323408E-003  4.406080182171888E-004  4.716713315260835E-004
  4.224693612832974E-002  0.601576946845927     
 Mean drag value and variance:  3.872284038475860E-003  2.333230068452895E-008
 Calc con  5.201897002746418E-004  3.681379625776059E-004
  8.806191173976841E-003  8.336490267433178E-003  7.982024272187903E-003
  7.827333419911273E-003  7.679664837289197E-003  4.355143459825529E-003
  1.408046771656603E-003  9.576434933708828E-004  5.104349363391344E-003
  9.949633373323408E-003  4.406113035591799E-004  4.716755300900138E-004
  4.224701450170038E-002  0.601576929226873     
 Design variables:  5.201897002746418E-004  3.681379625776059E-004
  8.806191173976841E-003  8.336490267433178E-003  7.982024272187903E-003
  7.827333419911273E-003  7.679664837289197E-003  4.355143459825529E-003
  1.408046771656603E-003  9.576434933708828E-004  5.104349363391344E-003
  9.949633373323408E-003  4.406113035591799E-004  4.716755300900138E-004
  4.224701450170038E-002  0.601576929226873     
 Constraint value, mean lift and its standard deviation: -9.164249451122618E-004
  0.618578803837977       1.766237889286468E-002
 Calc obj  5.201897002746418E-004  3.681379625776059E-004
  8.806191173976841E-003  8.336490267433178E-003  7.982024272187903E-003
  7.827333419911273E-003  7.679664837289197E-003  4.355143459825529E-003
  1.408046771656603E-003  9.576434933708828E-004  5.104349363391344E-003
  9.949633373323408E-003  4.406113035591799E-004  4.716755300900138E-004
  4.224701450170038E-002  0.601576929226873     
 Design variables:  5.201897002746418E-004  3.681379625776059E-004
  8.806191173976841E-003  8.336490267433178E-003  7.982024272187903E-003
  7.827333419911273E-003  7.679664837289197E-003  4.355143459825529E-003
  1.408046771656603E-003  9.576434933708828E-004  5.104349363391344E-003
  9.949633373323408E-003  4.406113035591799E-004  4.716755300900138E-004
  4.224701450170038E-002  0.601576929226873     
 Mean drag value and variance:  3.872797906657729E-003  2.454206032971270E-008
 Calc con  5.436919981862068E-004  4.175226754036475E-004
  8.622322079693044E-003  8.534348364052612E-003  8.522837836652300E-003
  8.515107665902974E-003  8.452712859802746E-003  2.849456482561604E-003
  2.194157428256736E-003  1.543551240935523E-003  3.124832995954563E-003
  7.455990352832098E-003  4.076566667797841E-004  5.054503558989927E-004
  4.406791770577292E-002  0.601210103204936     
 Design variables:  5.436919981862068E-004  4.175226754036475E-004
  8.622322079693044E-003  8.534348364052612E-003  8.522837836652300E-003
  8.515107665902974E-003  8.452712859802746E-003  2.849456482561604E-003
  2.194157428256736E-003  1.543551240935523E-003  3.124832995954563E-003
  7.455990352832098E-003  4.076566667797841E-004  5.054503558989927E-004
  4.406791770577292E-002  0.601210103204936     
 Constraint value, mean lift and its standard deviation: -4.324958162993560E-004
  0.617882490543193       1.744999472689389E-002
 Calc obj  5.436919981862068E-004  4.175226754036475E-004
  8.622322079693044E-003  8.534348364052612E-003  8.522837836652300E-003
  8.515107665902974E-003  8.452712859802746E-003  2.849456482561604E-003
  2.194157428256736E-003  1.543551240935523E-003  3.124832995954563E-003
  7.455990352832098E-003  4.076566667797841E-004  5.054503558989927E-004
  4.406791770577292E-002  0.601210103204936     
 Design variables:  5.436919981862068E-004  4.175226754036475E-004
  8.622322079693044E-003  8.534348364052612E-003  8.522837836652300E-003
  8.515107665902974E-003  8.452712859802746E-003  2.849456482561604E-003
  2.194157428256736E-003  1.543551240935523E-003  3.124832995954563E-003
  7.455990352832098E-003  4.076566667797841E-004  5.054503558989927E-004
  4.406791770577292E-002  0.601210103204936     
 Mean drag value and variance:  3.839914363078453E-003  2.322768034287436E-008
   12  0.3839938E-02  0.1172285E-01  0.7603565E-03  0.3643157E-01  0.1450875E-04
 Calc con  6.289541212794380E-004  4.920593852781460E-004
  8.705544971862923E-003  8.588323485844023E-003  8.549511332761751E-003
  8.543671620253686E-003  9.139500784346256E-003  3.467826777410800E-003
  2.625449528346618E-003  4.459420497551772E-003  9.999937995348296E-003
  8.774134834498281E-003  4.979760388950516E-004  6.003527466523214E-004
  3.668736777081420E-002  0.601881764385894     
 Design variables:  6.289541212794380E-004  4.920593852781460E-004
  8.705544971862923E-003  8.588323485844023E-003  8.549511332761751E-003
  8.543671620253686E-003  9.139500784346256E-003  3.467826777410800E-003
  2.625449528346618E-003  4.459420497551772E-003  9.999937995348296E-003
  8.774134834498281E-003  4.979760388950516E-004  6.003527466523214E-004
  3.668736777081420E-002  0.601881764385894     
 Constraint value, mean lift and its standard deviation:  6.803621766642703E-004
  0.617122974994527       1.780333717119102E-002
 Calc obj  6.289541212794380E-004  4.920593852781460E-004
  8.705544971862923E-003  8.588323485844023E-003  8.549511332761751E-003
  8.543671620253686E-003  9.139500784346256E-003  3.467826777410800E-003
  2.625449528346618E-003  4.459420497551772E-003  9.999937995348296E-003
  8.774134834498281E-003  4.979760388950516E-004  6.003527466523214E-004
  3.668736777081420E-002  0.601881764385894     
 Design variables:  6.289541212794380E-004  4.920593852781460E-004
  8.705544971862923E-003  8.588323485844023E-003  8.549511332761751E-003
  8.543671620253686E-003  9.139500784346256E-003  3.467826777410800E-003
  2.625449528346618E-003  4.459420497551772E-003  9.999937995348296E-003
  8.774134834498281E-003  4.979760388950516E-004  6.003527466523214E-004
  3.668736777081420E-002  0.601881764385894     
 Mean drag value and variance:  3.841273618068962E-003  2.205670391549982E-008
 Calc con  6.290903582682505E-004  4.921839513109289E-004
  8.706092108976247E-003  8.588972911131424E-003  8.550363591918726E-003
  8.545107542318494E-003  9.154771038018763E-003  3.473252043652394E-003
  2.632577352362672E-003  4.467303585866188E-003  9.999937995348296E-003
  8.774399004244041E-003  4.980766601065984E-004  6.004683276913329E-004
  3.671648941369318E-002  0.601878387357504     
 Design variables:  6.290903582682505E-004  4.921839513109289E-004
  8.706092108976247E-003  8.588972911131424E-003  8.550363591918726E-003
  8.545107542318494E-003  9.154771038018763E-003  3.473252043652394E-003
  2.632577352362672E-003  4.467303585866188E-003  9.999937995348296E-003
  8.774399004244041E-003  4.980766601065984E-004  6.004683276913329E-004
  3.671648941369318E-002  0.601878387357504     
 Constraint value, mean lift and its standard deviation:  2.246865060963263E-004
  0.617519709846144       1.774439635224070E-002
 Calc obj  6.290903582682505E-004  4.921839513109289E-004
  8.706092108976247E-003  8.588972911131424E-003  8.550363591918726E-003
  8.545107542318494E-003  9.154771038018763E-003  3.473252043652394E-003
  2.632577352362672E-003  4.467303585866188E-003  9.999937995348296E-003
  8.774399004244041E-003  4.980766601065984E-004  6.004683276913329E-004
  3.671648941369318E-002  0.601878387357504     
 Design variables:  6.290903582682505E-004  4.921839513109289E-004
  8.706092108976247E-003  8.588972911131424E-003  8.550363591918726E-003
  8.545107542318494E-003  9.154771038018763E-003  3.473252043652394E-003
  2.632577352362672E-003  4.467303585866188E-003  9.999937995348296E-003
  8.774399004244041E-003  4.980766601065984E-004  6.004683276913329E-004
  3.671648941369318E-002  0.601878387357504     
 Mean drag value and variance:  3.844589124484728E-003  2.163200307184203E-008
 Calc con  6.290842422115730E-004  4.921783591958710E-004
  8.706067546472089E-003  8.588943756627054E-003  8.550325331638785E-003
  8.545043079790364E-003  9.154085513942841E-003  3.473008488373385E-003
  2.632257364534148E-003  4.466949692125544E-003  9.999937995348296E-003
  8.774387144932307E-003  4.980721429410609E-004  6.004631389376298E-004
  3.671518206222582E-002  0.601878538961691     
 Design variables:  6.290842422115730E-004  4.921783591958710E-004
  8.706067546472089E-003  8.588943756627054E-003  8.550325331638785E-003
  8.545043079790364E-003  9.154085513942841E-003  3.473008488373385E-003
  2.632257364534148E-003  4.466949692125544E-003  9.999937995348296E-003
  8.774387144932307E-003  4.980721429410609E-004  6.004631389376298E-004
  3.671518206222582E-002  0.601878538961691     
 Constraint value, mean lift and its standard deviation:  2.135544637912774E-004
  0.617519065218887       1.773261968267874E-002
 Calc obj  6.290842422115730E-004  4.921783591958710E-004
  8.706067546472089E-003  8.588943756627054E-003  8.550325331638785E-003
  8.545043079790364E-003  9.154085513942841E-003  3.473008488373385E-003
  2.632257364534148E-003  4.466949692125544E-003  9.999937995348296E-003
  8.774387144932307E-003  4.980721429410609E-004  6.004631389376298E-004
  3.671518206222582E-002  0.601878538961691     
 Design variables:  6.290842422115730E-004  4.921783591958710E-004
  8.706067546472089E-003  8.588943756627054E-003  8.550325331638785E-003
  8.545043079790364E-003  9.154085513942841E-003  3.473008488373385E-003
  2.632257364534148E-003  4.466949692125544E-003  9.999937995348296E-003
  8.774387144932307E-003  4.980721429410609E-004  6.004631389376298E-004
  3.671518206222582E-002  0.601878538961691     
 Mean drag value and variance:  3.844136998329147E-003  2.146925642833524E-008
 Calc con  5.863230597328223E-004  4.547910303408967E-004
  8.663933525777982E-003  8.561335924948317E-003  8.536174584707025E-003
  8.529389643078330E-003  8.796106822074500E-003  3.158641629986201E-003
  2.409803478301677E-003  3.001485869243647E-003  6.562385495651429E-003
  8.115062593665189E-003  4.528163528374178E-004  5.529015512756570E-004
  4.037764273829356E-002  0.601545933795415     
 Design variables:  5.863230597328223E-004  4.547910303408967E-004
  8.663933525777982E-003  8.561335924948317E-003  8.536174584707025E-003
  8.529389643078330E-003  8.796106822074500E-003  3.158641629986201E-003
  2.409803478301677E-003  3.001485869243647E-003  6.562385495651429E-003
  8.115062593665189E-003  4.528163528374178E-004  5.529015512756570E-004
  4.037764273829356E-002  0.601545933795415     
 Constraint value, mean lift and its standard deviation:  3.800040051094161E-004
  0.617207908362635       1.758791236774394E-002
 Calc obj  5.863230597328223E-004  4.547910303408967E-004
  8.663933525777982E-003  8.561335924948317E-003  8.536174584707025E-003
  8.529389643078330E-003  8.796106822074500E-003  3.158641629986201E-003
  2.409803478301677E-003  3.001485869243647E-003  6.562385495651429E-003
  8.115062593665189E-003  4.528163528374178E-004  5.529015512756570E-004
  4.037764273829356E-002  0.601545933795415     
 Design variables:  5.863230597328223E-004  4.547910303408967E-004
  8.663933525777982E-003  8.561335924948317E-003  8.536174584707025E-003
  8.529389643078330E-003  8.796106822074500E-003  3.158641629986201E-003
  2.409803478301677E-003  3.001485869243647E-003  6.562385495651429E-003
  8.115062593665189E-003  4.528163528374178E-004  5.529015512756570E-004
  4.037764273829356E-002  0.601545933795415     
 Mean drag value and variance:  3.821119611051119E-003  2.193480687505280E-008
   13  0.3821142E-02  0.2828038E-01  0.1665056E-02  0.3095917E-01  0.1047313E-04
 Calc con  3.749745161381157E-004  2.474269471566127E-004
  7.535069688765960E-003  7.218128260884025E-003  6.751668089744442E-003
  5.922123633419595E-003  3.902186493752074E-003  2.161899568944209E-003
  5.802399795402640E-003  9.930024758692438E-003  9.890580579610821E-003
  7.926910431246990E-003  2.854279919079876E-004  3.553351759709843E-004
  3.799067372352730E-002  0.609671929282588     
 Design variables:  3.749745161381157E-004  2.474269471566127E-004
  7.535069688765960E-003  7.218128260884025E-003  6.751668089744442E-003
  5.922123633419595E-003  3.902186493752074E-003  2.161899568944209E-003
  5.802399795402640E-003  9.930024758692438E-003  9.890580579610821E-003
  7.926910431246990E-003  2.854279919079876E-004  3.553351759709843E-004
  3.799067372352730E-002  0.609671929282588     
 Constraint value, mean lift and its standard deviation: -3.134310709543522E-003
  0.621822325508401       1.868801479885761E-002
 Calc obj  3.749745161381157E-004  2.474269471566127E-004
  7.535069688765960E-003  7.218128260884025E-003  6.751668089744442E-003
  5.922123633419595E-003  3.902186493752074E-003  2.161899568944209E-003
  5.802399795402640E-003  9.930024758692438E-003  9.890580579610821E-003
  7.926910431246990E-003  2.854279919079876E-004  3.553351759709843E-004
  3.799067372352730E-002  0.609671929282588     
 Design variables:  3.749745161381157E-004  2.474269471566127E-004
  7.535069688765960E-003  7.218128260884025E-003  6.751668089744442E-003
  5.922123633419595E-003  3.902186493752074E-003  2.161899568944209E-003
  5.802399795402640E-003  9.930024758692438E-003  9.890580579610821E-003
  7.926910431246990E-003  2.854279919079876E-004  3.553351759709843E-004
  3.799067372352730E-002  0.609671929282588     
 Mean drag value and variance:  4.181554260164417E-003  2.814117339662906E-008
   14  0.4181582E-02  0.1812007E-01  0.1624618E-02  0.1911097E-01  0.5134452E-04
 Calc con  5.167862982145288E-004  3.797103797882909E-004
  7.672554638826841E-003  7.411773775580586E-003  7.216690311941800E-003
  7.069408674213061E-003  6.570802172288122E-003  3.055295250378783E-003
  6.777419189943961E-003  6.922327280521116E-003  8.393120829502053E-003
  8.528283691322545E-003  4.118892580114628E-004  4.986532308534600E-004
  3.760805350973686E-002  0.609558071916075     
 Design variables:  5.167862982145288E-004  3.797103797882909E-004
  7.672554638826841E-003  7.411773775580586E-003  7.216690311941800E-003
  7.069408674213061E-003  6.570802172288122E-003  3.055295250378783E-003
  6.777419189943961E-003  6.922327280521116E-003  8.393120829502053E-003
  8.528283691322545E-003  4.118892580114628E-004  4.986532308534600E-004
  3.760805350973686E-002  0.609558071916075     
 Constraint value, mean lift and its standard deviation: -4.588697201791943E-003
  0.624556486680631       1.996778947883910E-002
 Calc obj  5.167862982145288E-004  3.797103797882909E-004
  7.672554638826841E-003  7.411773775580586E-003  7.216690311941800E-003
  7.069408674213061E-003  6.570802172288122E-003  3.055295250378783E-003
  6.777419189943961E-003  6.922327280521116E-003  8.393120829502053E-003
  8.528283691322545E-003  4.118892580114628E-004  4.986532308534600E-004
  3.760805350973686E-002  0.609558071916075     
 Design variables:  5.167862982145288E-004  3.797103797882909E-004
  7.672554638826841E-003  7.411773775580586E-003  7.216690311941800E-003
  7.069408674213061E-003  6.570802172288122E-003  3.055295250378783E-003
  6.777419189943961E-003  6.922327280521116E-003  8.393120829502053E-003
  8.528283691322545E-003  4.118892580114628E-004  4.986532308534600E-004
  3.760805350973686E-002  0.609558071916075     
 Mean drag value and variance:  4.090022651488495E-003  2.699766656335539E-008
   15  0.4090050E-02  0.3007697E-02  0.6955518E-03  0.1086374E-01  0.4111298E-04
 Calc con  5.514459241760946E-004  4.158221904790934E-004
  7.801925541765569E-003  7.556219131079555E-003  7.365528481170874E-003
  7.217221706773335E-003  7.001115264447715E-003  9.999724482081945E-003
  7.849645435922030E-003  7.635935417319354E-003  8.255910686845693E-003
  8.395016477374891E-003  4.493120202200135E-004  5.398156409107020E-004
  3.300899427622477E-002  0.610933264754159     
 Design variables:  5.514459241760946E-004  4.158221904790934E-004
  7.801925541765569E-003  7.556219131079555E-003  7.365528481170874E-003
  7.217221706773335E-003  7.001115264447715E-003  9.999724482081945E-003
  7.849645435922030E-003  7.635935417319354E-003  8.255910686845693E-003
  8.395016477374891E-003  4.493120202200135E-004  5.398156409107020E-004
  3.300899427622477E-002  0.610933264754159     
 Constraint value, mean lift and its standard deviation: -3.919055984766370E-003
  0.623011682335641       1.909262635087473E-002
 Calc obj  5.514459241760946E-004  4.158221904790934E-004
  7.801925541765569E-003  7.556219131079555E-003  7.365528481170874E-003
  7.217221706773335E-003  7.001115264447715E-003  9.999724482081945E-003
  7.849645435922030E-003  7.635935417319354E-003  8.255910686845693E-003
  8.395016477374891E-003  4.493120202200135E-004  5.398156409107020E-004
  3.300899427622477E-002  0.610933264754159     
 Design variables:  5.514459241760946E-004  4.158221904790934E-004
  7.801925541765569E-003  7.556219131079555E-003  7.365528481170874E-003
  7.217221706773335E-003  7.001115264447715E-003  9.999724482081945E-003
  7.849645435922030E-003  7.635935417319354E-003  8.255910686845693E-003
  8.395016477374891E-003  4.493120202200135E-004  5.398156409107020E-004
  3.300899427622477E-002  0.610933264754159     
 Mean drag value and variance:  4.332184110347419E-003  3.405655666495027E-008
 Calc con  5.521460801141666E-004  4.164239787889154E-004
  7.805841180093052E-003  7.560343005410097E-003  7.369648868949134E-003
  7.221202428919728E-003  7.004597427030541E-003  9.999724482081945E-003
  7.854169752156810E-003  7.639871872872916E-003  8.258950467248633E-003
  8.397916518555452E-003  4.499032961183224E-004  5.405033031745842E-004
  3.308888127503345E-002  0.610933228531971     
 Design variables:  5.521460801141666E-004  4.164239787889154E-004
  7.805841180093052E-003  7.560343005410097E-003  7.369648868949134E-003
  7.221202428919728E-003  7.004597427030541E-003  9.999724482081945E-003
  7.854169752156810E-003  7.639871872872916E-003  8.258950467248633E-003
  8.397916518555452E-003  4.499032961183224E-004  5.405033031745842E-004
  3.308888127503345E-002  0.610933228531971     
 Constraint value, mean lift and its standard deviation: -4.927298198548192E-003
  0.623899506127201       1.897220792865318E-002
 Calc obj  5.521460801141666E-004  4.164239787889154E-004
  7.805841180093052E-003  7.560343005410097E-003  7.369648868949134E-003
  7.221202428919728E-003  7.004597427030541E-003  9.999724482081945E-003
  7.854169752156810E-003  7.639871872872916E-003  8.258950467248633E-003
  8.397916518555452E-003  4.499032961183224E-004  5.405033031745842E-004
  3.308888127503345E-002  0.610933228531971     
 Design variables:  5.521460801141666E-004  4.164239787889154E-004
  7.805841180093052E-003  7.560343005410097E-003  7.369648868949134E-003
  7.221202428919728E-003  7.004597427030541E-003  9.999724482081945E-003
  7.854169752156810E-003  7.639871872872916E-003  8.258950467248633E-003
  8.397916518555452E-003  4.499032961183224E-004  5.405033031745842E-004
  3.308888127503345E-002  0.610933228531971     
 Mean drag value and variance:  4.308492048315502E-003  3.326884672436736E-008
   16  0.4308525E-02  0.9392946E-02  0.3477903E-03  0.3726483E-02  0.4111298E-04
 Calc con  6.002643909939980E-004  4.613927809408406E-004
  7.991727513461227E-003  7.728553214504531E-003  7.504990658113068E-003
  7.313645737727440E-003  7.112783374430006E-003  7.082459742459578E-003
  7.974863059133695E-003  8.177361946990180E-003  8.265103746011280E-003
  8.397803931445499E-003  4.883687942096417E-004  5.890931218537909E-004
  3.367848423015177E-002  0.610744670776045     
 Design variables:  6.002643909939980E-004  4.613927809408406E-004
  7.991727513461227E-003  7.728553214504531E-003  7.504990658113068E-003
  7.313645737727440E-003  7.112783374430006E-003  7.082459742459578E-003
  7.974863059133695E-003  8.177361946990180E-003  8.265103746011280E-003
  8.397803931445499E-003  4.883687942096417E-004  5.890931218537909E-004
  3.367848423015177E-002  0.610744670776045     
 Constraint value, mean lift and its standard deviation: -5.660188810501128E-003
  0.624508860008061       1.884867119755950E-002
 Calc obj  6.002643909939980E-004  4.613927809408406E-004
  7.991727513461227E-003  7.728553214504531E-003  7.504990658113068E-003
  7.313645737727440E-003  7.112783374430006E-003  7.082459742459578E-003
  7.974863059133695E-003  8.177361946990180E-003  8.265103746011280E-003
  8.397803931445499E-003  4.883687942096417E-004  5.890931218537909E-004
  3.367848423015177E-002  0.610744670776045     
 Design variables:  6.002643909939980E-004  4.613927809408406E-004
  7.991727513461227E-003  7.728553214504531E-003  7.504990658113068E-003
  7.313645737727440E-003  7.112783374430006E-003  7.082459742459578E-003
  7.974863059133695E-003  8.177361946990180E-003  8.265103746011280E-003
  8.397803931445499E-003  4.883687942096417E-004  5.890931218537909E-004
  3.367848423015177E-002  0.610744670776045     
 Mean drag value and variance:  4.223225880762643E-003  3.032316130804810E-008
   17  0.4223256E-02  0.2917265E-02  0.6346632E-03  0.9345554E-03  0.4111298E-04
 Calc con  5.919287866748960E-004  4.540914279172955E-004
  7.951477338466593E-003  7.691760363404599E-003  7.474302870999388E-003
  7.289883740920224E-003  7.096054843582038E-003  7.654756919531156E-003
  7.921274682362431E-003  8.101343424194647E-003  8.247783076685666E-003
  8.384268558293332E-003  4.831294426561927E-004  5.818130384668764E-004
  3.352472054927349E-002  0.610693519924702     
 Design variables:  5.919287866748960E-004  4.540914279172955E-004
  7.951477338466593E-003  7.691760363404599E-003  7.474302870999388E-003
  7.289883740920224E-003  7.096054843582038E-003  7.654756919531156E-003
  7.921274682362431E-003  8.101343424194647E-003  8.247783076685666E-003
  8.384268558293332E-003  4.831294426561927E-004  5.818130384668764E-004
  3.352472054927349E-002  0.610693519924702     
 Constraint value, mean lift and its standard deviation: -4.849073504421441E-003
  0.623786340723823       1.893726721940169E-002
 Calc obj  5.919287866748960E-004  4.540914279172955E-004
  7.951477338466593E-003  7.691760363404599E-003  7.474302870999388E-003
  7.289883740920224E-003  7.096054843582038E-003  7.654756919531156E-003
  7.921274682362431E-003  8.101343424194647E-003  8.247783076685666E-003
  8.384268558293332E-003  4.831294426561927E-004  5.818130384668764E-004
  3.352472054927349E-002  0.610693519924702     
 Design variables:  5.919287866748960E-004  4.540914279172955E-004
  7.951477338466593E-003  7.691760363404599E-003  7.474302870999388E-003
  7.289883740920224E-003  7.096054843582038E-003  7.654756919531156E-003
  7.921274682362431E-003  8.101343424194647E-003  8.247783076685666E-003
  8.384268558293332E-003  4.831294426561927E-004  5.818130384668764E-004
  3.352472054927349E-002  0.610693519924702     
 Mean drag value and variance:  4.233663612169230E-003  3.085352546969741E-008
   18  0.4233694E-02  0.5722972E-03  0.2156508E-03  0.2815195E-02  0.4111298E-04
 Calc con  5.886503544540772E-004  4.510826952302414E-004
  7.928115951431084E-003  7.670490719366458E-003  7.458224280370494E-003
  7.278705400230176E-003  7.079737421089923E-003  7.668090533599665E-003
  7.896255890407246E-003  8.079081637133567E-003  8.240946570657996E-003
  8.362186297449939E-003  4.800720545713476E-004  5.784273285649189E-004
  3.366845540012332E-002  0.610389039691664     
 Design variables:  5.886503544540772E-004  4.510826952302414E-004
  7.928115951431084E-003  7.670490719366458E-003  7.458224280370494E-003
  7.278705400230176E-003  7.079737421089923E-003  7.668090533599665E-003
  7.896255890407246E-003  8.079081637133567E-003  8.240946570657996E-003
  8.362186297449939E-003  4.800720545713476E-004  5.784273285649189E-004
  3.366845540012332E-002  0.610389039691664     
 Constraint value, mean lift and its standard deviation: -5.327035661184532E-003
  0.624060787030654       1.873375136946986E-002
 Calc obj  5.886503544540772E-004  4.510826952302414E-004
  7.928115951431084E-003  7.670490719366458E-003  7.458224280370494E-003
  7.278705400230176E-003  7.079737421089923E-003  7.668090533599665E-003
  7.896255890407246E-003  8.079081637133567E-003  8.240946570657996E-003
  8.362186297449939E-003  4.800720545713476E-004  5.784273285649189E-004
  3.366845540012332E-002  0.610389039691664     
 Design variables:  5.886503544540772E-004  4.510826952302414E-004
  7.928115951431084E-003  7.670490719366458E-003  7.458224280370494E-003
  7.278705400230176E-003  7.079737421089923E-003  7.668090533599665E-003
  7.896255890407246E-003  8.079081637133567E-003  8.240946570657996E-003
  8.362186297449939E-003  4.800720545713476E-004  5.784273285649189E-004
  3.366845540012332E-002  0.610389039691664     
 Mean drag value and variance:  4.152400204307450E-003  6.232454782748641E-008
   19  0.4152463E-02  0.3044802E-03  0.2374831E-03  0.5619231E-02  0.4111298E-04
 Calc con  5.910288153927359E-004  4.532092548979523E-004
  7.941179837565123E-003  7.687510727641547E-003  7.475978358612076E-003
  7.293574772525536E-003  7.084687002739344E-003  7.673402634298926E-003
  7.911474847216620E-003  8.086189061340570E-003  8.254822633897490E-003
  8.367147895439549E-003  4.818197355206840E-004  5.804997240471932E-004
  3.358195679445639E-002  0.610366772303697     
 Design variables:  5.910288153927359E-004  4.532092548979523E-004
  7.941179837565123E-003  7.687510727641547E-003  7.475978358612076E-003
  7.293574772525536E-003  7.084687002739344E-003  7.673402634298926E-003
  7.911474847216620E-003  8.086189061340570E-003  8.254822633897490E-003
  8.367147895439549E-003  4.818197355206840E-004  5.804997240471932E-004
  3.358195679445639E-002  0.610366772303697     
 Constraint value, mean lift and its standard deviation: -4.765762870546239E-003
  0.623880776901645       1.911501403109868E-002
 Calc obj  5.910288153927359E-004  4.532092548979523E-004
  7.941179837565123E-003  7.687510727641547E-003  7.475978358612076E-003
  7.293574772525536E-003  7.084687002739344E-003  7.673402634298926E-003
  7.911474847216620E-003  8.086189061340570E-003  8.254822633897490E-003
  8.367147895439549E-003  4.818197355206840E-004  5.804997240471932E-004
  3.358195679445639E-002  0.610366772303697     
 Design variables:  5.910288153927359E-004  4.532092548979523E-004
  7.941179837565123E-003  7.687510727641547E-003  7.475978358612076E-003
  7.293574772525536E-003  7.084687002739344E-003  7.673402634298926E-003
  7.911474847216620E-003  8.086189061340570E-003  8.254822633897490E-003
  8.367147895439549E-003  4.818197355206840E-004  5.804997240471932E-004
  3.358195679445639E-002  0.610366772303697     
 Mean drag value and variance:  4.231627144081387E-003  2.983585562808537E-008
 Calc con  5.922429016891876E-004  4.543411278051295E-004
  7.946874531714540E-003  7.693202422744584E-003  7.481641508407901E-003
  7.299380557764991E-003  7.091228401824772E-003  7.679519703940441E-003
  7.918263825562403E-003  8.092456595073556E-003  8.259731181170340E-003
  8.372485087389235E-003  4.829290386076315E-004  5.817107089824434E-004
  3.358383912390258E-002  0.610371008232431     
 Design variables:  5.922429016891876E-004  4.543411278051295E-004
  7.946874531714540E-003  7.693202422744584E-003  7.481641508407901E-003
  7.299380557764991E-003  7.091228401824772E-003  7.679519703940441E-003
  7.918263825562403E-003  8.092456595073556E-003  8.259731181170340E-003
  8.372485087389235E-003  4.829290386076315E-004  5.817107089824434E-004
  3.358383912390258E-002  0.610371008232431     
 Constraint value, mean lift and its standard deviation: -5.207892166751046E-003
  0.624067107699797       1.885921553304621E-002
 Calc obj  5.922429016891876E-004  4.543411278051295E-004
  7.946874531714540E-003  7.693202422744584E-003  7.481641508407901E-003
  7.299380557764991E-003  7.091228401824772E-003  7.679519703940441E-003
  7.918263825562403E-003  8.092456595073556E-003  8.259731181170340E-003
  8.372485087389235E-003  4.829290386076315E-004  5.817107089824434E-004
  3.358383912390258E-002  0.610371008232431     
 Design variables:  5.922429016891876E-004  4.543411278051295E-004
  7.946874531714540E-003  7.693202422744584E-003  7.481641508407901E-003
  7.299380557764991E-003  7.091228401824772E-003  7.679519703940441E-003
  7.918263825562403E-003  8.092456595073556E-003  8.259731181170340E-003
  8.372485087389235E-003  4.829290386076315E-004  5.817107089824434E-004
  3.358383912390258E-002  0.610371008232431     
 Mean drag value and variance:  4.234687128173569E-003  3.004467743472684E-008
   20  0.4234717E-02  0.8649861E-04  0.1376281E-03  0.9803072E-03  0.4111298E-04
 
 The solution was found.
 
 The final value of the objective function is   4.234717172851003E-003
 
 The optimal values of X are:
 
 X  (           1 ) =   5.922429016891876E-004
 X  (           2 ) =   4.543411278051295E-004
 X  (           3 ) =   7.946874531714540E-003
 X  (           4 ) =   7.693202422744584E-003
 X  (           5 ) =   7.481641508407901E-003
 X  (           6 ) =   7.299380557764991E-003
 X  (           7 ) =   7.091228401824772E-003
 X  (           8 ) =   7.679519703940441E-003
 X  (           9 ) =   7.918263825562403E-003
 X  (          10 ) =   8.092456595073556E-003
 X  (          11 ) =   8.259731181170340E-003
 X  (          12 ) =   8.372485087389235E-003
 X  (          13 ) =   4.829290386076315E-004
 X  (          14 ) =   5.817107089824434E-004
 X  (          15 ) =    1.92421224164595     
 X  (          16 ) =   0.610371008232431     
 
 The multipliers for the equality constraints are:
 
 LAM(           1 ) =   8.108513155308838E-003
 
Mean drag, variance, SD, CV:       0.0042       0.0000       0.0002       0.0409
