           1  0.903269016756258        9.49053800495827     
           2  0.804051544851044        6.40964147158816     
           3  0.602052657447560        4.12475947475462     
           4  0.501866158189287        3.56658357373741     
           5  0.399694860583434        3.15171049000079     
           6  0.301158507701292        2.82399966079945     
           7  0.205346444050076        2.51443727753487     
           8  0.202450889381161        4.03122347667500     
           9  0.301538478396521        4.64376640819246     
          10  0.402014946835827        5.10444141613624     
          11  0.504570952907477        5.45978860731666     
          12  0.604736568670243        5.76455489375109     
          13  0.803383624472688        6.97847575478870     
          14  0.901823325566936        9.23365298427374     
          15   9.18772042680219     
          16  0.991611917231403     
