 Calc con  0.000000000000000E+000  0.000000000000000E+000
  0.000000000000000E+000  0.000000000000000E+000  0.000000000000000E+000
  0.000000000000000E+000  0.000000000000000E+000  0.000000000000000E+000
  0.000000000000000E+000  0.000000000000000E+000  0.000000000000000E+000
  0.000000000000000E+000  0.000000000000000E+000  0.000000000000000E+000
  3.490658503988659E-002  0.650000000000000     
 Design variables:  0.000000000000000E+000  0.000000000000000E+000
  0.000000000000000E+000  0.000000000000000E+000  0.000000000000000E+000
  0.000000000000000E+000  0.000000000000000E+000  0.000000000000000E+000
  0.000000000000000E+000  0.000000000000000E+000  0.000000000000000E+000
  0.000000000000000E+000  0.000000000000000E+000  0.000000000000000E+000
  3.490658503988659E-002  0.650000000000000     
 Constraint value, mean lift and its standard deviation:  0.328199388618607     
  0.324434892860216       1.754476049294123E-002
 Calc obj  0.000000000000000E+000  0.000000000000000E+000
  0.000000000000000E+000  0.000000000000000E+000  0.000000000000000E+000
  0.000000000000000E+000  0.000000000000000E+000  0.000000000000000E+000
  0.000000000000000E+000  0.000000000000000E+000  0.000000000000000E+000
  0.000000000000000E+000  0.000000000000000E+000  0.000000000000000E+000
  3.490658503988659E-002  0.650000000000000     
 Design variables:  0.000000000000000E+000  0.000000000000000E+000
  0.000000000000000E+000  0.000000000000000E+000  0.000000000000000E+000
  0.000000000000000E+000  0.000000000000000E+000  0.000000000000000E+000
  0.000000000000000E+000  0.000000000000000E+000  0.000000000000000E+000
  0.000000000000000E+000  0.000000000000000E+000  0.000000000000000E+000
  3.490658503988659E-002  0.650000000000000     
 Mean drag value and variance:  2.612995314144809E-003  1.137962153888838E-008
 
 iter    objective      ||grad||        inf_pr          inf_du         lg(mu)
    0  0.2613007E-02  0.0000000E+00  0.3381994E+00  0.9955995E+00  0.1000000E+01
 Calc con  8.701415216385205E-004  6.184106119751323E-004
  3.493285335214411E-003  3.104285869859075E-003  2.769883387259978E-003
  2.458059413777529E-003  2.125049806563348E-003  2.738964683778816E-003
  2.981904168854939E-003  3.186667707954560E-003  3.421825780279990E-003
  3.738687914966543E-003  6.364167094070636E-004  8.767390293123984E-004
  5.652865123453552E-002  0.663018238652663     
 Design variables:  8.701415216385205E-004  6.184106119751323E-004
  3.493285335214411E-003  3.104285869859075E-003  2.769883387259978E-003
  2.458059413777529E-003  2.125049806563348E-003  2.738964683778816E-003
  2.981904168854939E-003  3.186667707954560E-003  3.421825780279990E-003
  3.738687914966543E-003  6.364167094070636E-004  8.767390293123984E-004
  5.652865123453552E-002  0.663018238652663     
 Constraint value, mean lift and its standard deviation: -4.479485988264298E-002
  0.708962491694966       2.138921060410762E-002
 Calc obj  8.701415216385205E-004  6.184106119751323E-004
  3.493285335214411E-003  3.104285869859075E-003  2.769883387259978E-003
  2.458059413777529E-003  2.125049806563348E-003  2.738964683778816E-003
  2.981904168854939E-003  3.186667707954560E-003  3.421825780279990E-003
  3.738687914966543E-003  6.364167094070636E-004  8.767390293123984E-004
  5.652865123453552E-002  0.663018238652663     
 Design variables:  8.701415216385205E-004  6.184106119751323E-004
  3.493285335214411E-003  3.104285869859075E-003  2.769883387259978E-003
  2.458059413777529E-003  2.125049806563348E-003  2.738964683778816E-003
  2.981904168854939E-003  3.186667707954560E-003  3.421825780279990E-003
  3.738687914966543E-003  6.364167094070636E-004  8.767390293123984E-004
  5.652865123453552E-002  0.663018238652663     
 Mean drag value and variance:  7.647365520165758E-003  3.636431679494251E-006
    1  0.7651002E-02  0.2426735E-01  0.1052752E-01  0.5963442E+00  0.2569640E-01
 Calc con  7.895438115699570E-004  5.624437211020589E-004
  3.471131596216132E-003  3.102606608982440E-003  2.784914897782313E-003
  2.486743028933833E-003  2.164527824804930E-003  2.128280441880143E-003
  2.738187346994349E-003  3.354118792453259E-003  3.772233686741470E-003
  3.976575133731827E-003  5.789493692188325E-004  7.955661399556757E-004
  5.698747178902407E-002  0.656068462364376     
 Design variables:  7.895438115699570E-004  5.624437211020589E-004
  3.471131596216132E-003  3.102606608982440E-003  2.784914897782313E-003
  2.486743028933833E-003  2.164527824804930E-003  2.128280441880143E-003
  2.738187346994349E-003  3.354118792453259E-003  3.772233686741470E-003
  3.976575133731827E-003  5.789493692188325E-004  7.955661399556757E-004
  5.698747178902407E-002  0.656068462364376     
 Constraint value, mean lift and its standard deviation: -3.722599101927894E-002
  0.702564605459159       2.177953814662666E-002
 Calc obj  7.895438115699570E-004  5.624437211020589E-004
  3.471131596216132E-003  3.102606608982440E-003  2.784914897782313E-003
  2.486743028933833E-003  2.164527824804930E-003  2.128280441880143E-003
  2.738187346994349E-003  3.354118792453259E-003  3.772233686741470E-003
  3.976575133731827E-003  5.789493692188325E-004  7.955661399556757E-004
  5.698747178902407E-002  0.656068462364376     
 Design variables:  7.895438115699570E-004  5.624437211020589E-004
  3.471131596216132E-003  3.102606608982440E-003  2.784914897782313E-003
  2.486743028933833E-003  2.164527824804930E-003  2.128280441880143E-003
  2.738187346994349E-003  3.354118792453259E-003  3.772233686741470E-003
  3.976575133731827E-003  5.789493692188325E-004  7.955661399556757E-004
  5.698747178902407E-002  0.656068462364376     
 Mean drag value and variance:  6.402895650766943E-003  1.694292004859848E-006
    2  0.6404590E-02  0.6949776E-02  0.2675482E-02  0.1140160E+00  0.2600261E-02
 Calc con  6.924116228040463E-004  4.956243271030182E-004
  3.822081135010089E-003  3.459542620393029E-003  3.145507088756968E-003
  2.847322982009851E-003  2.516780700637920E-003  1.662100629082939E-003
  4.080448643214250E-003  4.887745854386764E-003  4.613688423041694E-003
  4.207944327491757E-003  5.125481220214377E-004  6.997644680189726E-004
  5.537809067416948E-002  0.644580906912882     
 Design variables:  6.924116228040463E-004  4.956243271030182E-004
  3.822081135010089E-003  3.459542620393029E-003  3.145507088756968E-003
  2.847322982009851E-003  2.516780700637920E-003  1.662100629082939E-003
  4.080448643214250E-003  4.887745854386764E-003  4.613688423041694E-003
  4.207944327491757E-003  5.125481220214377E-004  6.997644680189726E-004
  5.537809067416948E-002  0.644580906912882     
 Constraint value, mean lift and its standard deviation: -2.781537127166368E-002
  0.693964590828106       2.204973985214742E-002
 Calc obj  6.924116228040463E-004  4.956243271030182E-004
  3.822081135010089E-003  3.459542620393029E-003  3.145507088756968E-003
  2.847322982009851E-003  2.516780700637920E-003  1.662100629082939E-003
  4.080448643214250E-003  4.887745854386764E-003  4.613688423041694E-003
  4.207944327491757E-003  5.125481220214377E-004  6.997644680189726E-004
  5.537809067416948E-002  0.644580906912882     
 Design variables:  6.924116228040463E-004  4.956243271030182E-004
  3.822081135010089E-003  3.459542620393029E-003  3.145507088756968E-003
  2.847322982009851E-003  2.516780700637920E-003  1.662100629082939E-003
  4.080448643214250E-003  4.887745854386764E-003  4.613688423041694E-003
  4.207944327491757E-003  5.125481220214377E-004  6.997644680189726E-004
  5.537809067416948E-002  0.644580906912882     
 Mean drag value and variance:  4.173726592084422E-003  3.732069621845743E-005
    3  0.4211047E-02  0.1148756E-01  0.4756625E-02  0.4639522E+00  0.4234759E-03
 Calc con -4.647960631516635E-005 -9.094016229906272E-006
  7.735533951572886E-003  7.022908529430964E-003  6.371751317945361E-003
  5.749375199269198E-003  5.067722991785676E-003  9.224139608839816E-003
  8.855138963169865E-003  7.881251392599074E-003  7.901549830884667E-003
  8.674410695058353E-003  1.450570370859546E-005 -3.361173061859862E-005
  4.036987207266019E-002  0.624103384870686     
 Design variables: -4.647960631516635E-005 -9.094016229906272E-006
  7.735533951572886E-003  7.022908529430964E-003  6.371751317945361E-003
  5.749375199269198E-003  5.067722991785676E-003  9.224139608839816E-003
  8.855138963169865E-003  7.881251392599074E-003  7.901549830884667E-003
  8.674410695058353E-003  1.450570370859546E-005 -3.361173061859862E-005
  4.036987207266019E-002  0.624103384870686     
 Constraint value, mean lift and its standard deviation: -1.417475444408470E-002
  0.677244587277642       2.102327761118564E-002
 Calc obj -4.647960631516635E-005 -9.094016229906272E-006
  7.735533951572886E-003  7.022908529430964E-003  6.371751317945361E-003
  5.749375199269198E-003  5.067722991785676E-003  9.224139608839816E-003
  8.855138963169865E-003  7.881251392599074E-003  7.901549830884667E-003
  8.674410695058353E-003  1.450570370859546E-005 -3.361173061859862E-005
  4.036987207266019E-002  0.624103384870686     
 Design variables: -4.647960631516635E-005 -9.094016229906272E-006
  7.735533951572886E-003  7.022908529430964E-003  6.371751317945361E-003
  5.749375199269198E-003  5.067722991785676E-003  9.224139608839816E-003
  8.855138963169865E-003  7.881251392599074E-003  7.901549830884667E-003
  8.674410695058353E-003  1.450570370859546E-005 -3.361173061859862E-005
  4.036987207266019E-002  0.624103384870686     
 Mean drag value and variance:  4.990545059402982E-003  1.172498695431868E-007
 Calc con -5.476568276302561E-005 -1.501808998675437E-005
  7.707065939283417E-003  6.994752249784604E-003  6.343644458434186E-003
  5.721371117798349E-003  5.040327695782280E-003  9.382641007064700E-003
  8.876145805505931E-003  7.826208691223011E-003  7.798957271723415E-003
  8.560000977315090E-003  8.564877993088573E-006 -4.158221646223005E-005
  3.939976158951312E-002  0.623918333146205     
 Design variables: -5.476568276302561E-005 -1.501808998675437E-005
  7.707065939283417E-003  6.994752249784604E-003  6.343644458434186E-003
  5.721371117798349E-003  5.040327695782280E-003  9.382641007064700E-003
  8.876145805505931E-003  7.826208691223011E-003  7.798957271723415E-003
  8.560000977315090E-003  8.564877993088573E-006 -4.158221646223005E-005
  3.939976158951312E-002  0.623918333146205     
 Constraint value, mean lift and its standard deviation: -4.020223240816426E-003
  0.666315977065365       2.076525127484962E-002
 Calc obj -5.476568276302561E-005 -1.501808998675437E-005
  7.707065939283417E-003  6.994752249784604E-003  6.343644458434186E-003
  5.721371117798349E-003  5.040327695782280E-003  9.382641007064700E-003
  8.876145805505931E-003  7.826208691223011E-003  7.798957271723415E-003
  8.560000977315090E-003  8.564877993088573E-006 -4.158221646223005E-005
  3.939976158951312E-002  0.623918333146205     
 Design variables: -5.476568276302561E-005 -1.501808998675437E-005
  7.707065939283417E-003  6.994752249784604E-003  6.343644458434186E-003
  5.721371117798349E-003  5.040327695782280E-003  9.382641007064700E-003
  8.876145805505931E-003  7.826208691223011E-003  7.798957271723415E-003
  8.560000977315090E-003  8.564877993088573E-006 -4.158221646223005E-005
  3.939976158951312E-002  0.623918333146205     
 Mean drag value and variance:  4.883291782211402E-003  1.034840424473650E-007
    4  0.4883395E-02  0.3837072E-01  0.3694513E-02  0.3147224E+00  0.1050704E-02
 Calc con -2.357677431915195E-005  5.947987184657969E-006
  7.719257744672761E-003  7.035206927369047E-003  6.406641407099255E-003
  5.804276728251984E-003  5.142248095611763E-003  9.275070121129681E-003
  8.859243049610171E-003  7.848925197183148E-003  7.767821224679364E-003
  8.488699452038220E-003  2.986314677762247E-005 -1.256805036783350E-005
  3.913302483079426E-002  0.622605338620214     
 Design variables: -2.357677431915195E-005  5.947987184657969E-006
  7.719257744672761E-003  7.035206927369047E-003  6.406641407099255E-003
  5.804276728251984E-003  5.142248095611763E-003  9.275070121129681E-003
  8.859243049610171E-003  7.848925197183148E-003  7.767821224679364E-003
  8.488699452038220E-003  2.986314677762247E-005 -1.256805036783350E-005
  3.913302483079426E-002  0.622605338620214     
 Constraint value, mean lift and its standard deviation: -1.260949997721084E-003
  0.663042345327024       2.059379844310109E-002
 Calc obj -2.357677431915195E-005  5.947987184657969E-006
  7.719257744672761E-003  7.035206927369047E-003  6.406641407099255E-003
  5.804276728251984E-003  5.142248095611763E-003  9.275070121129681E-003
  8.859243049610171E-003  7.848925197183148E-003  7.767821224679364E-003
  8.488699452038220E-003  2.986314677762247E-005 -1.256805036783350E-005
  3.913302483079426E-002  0.622605338620214     
 Design variables: -2.357677431915195E-005  5.947987184657969E-006
  7.719257744672761E-003  7.035206927369047E-003  6.406641407099255E-003
  5.804276728251984E-003  5.142248095611763E-003  9.275070121129681E-003
  8.859243049610171E-003  7.848925197183148E-003  7.767821224679364E-003
  8.488699452038220E-003  2.986314677762247E-005 -1.256805036783350E-005
  3.913302483079426E-002  0.622605338620214     
 Mean drag value and variance:  4.837791450710680E-003  8.588768146922067E-008
    5  0.4837877E-02  0.1312995E-02  0.1717739E-03  0.2632921E-01  0.4526328E-04
 Calc con  3.947812818415846E-004  3.100009577161949E-004
  8.655664249283712E-003  8.346350070189698E-003  8.079771940780583E-003
  7.833430055406345E-003  7.538055895865403E-003  9.189502824141818E-003
  8.811749136037684E-003  8.048273730026482E-003  8.460076162616542E-003
  9.176104185147940E-003  3.231637078868484E-004  3.667869123755423E-004
  3.497790920927338E-002  0.612219115911832     
 Design variables:  3.947812818415846E-004  3.100009577161949E-004
  8.655664249283712E-003  8.346350070189698E-003  8.079771940780583E-003
  7.833430055406345E-003  7.538055895865403E-003  9.189502824141818E-003
  8.811749136037684E-003  8.048273730026482E-003  8.460076162616542E-003
  9.176104185147940E-003  3.231637078868484E-004  3.667869123755423E-004
  3.497790920927338E-002  0.612219115911832     
 Constraint value, mean lift and its standard deviation:  3.645243523786590E-004
  0.658495686809309       1.962007038722917E-002
 Calc obj  3.947812818415846E-004  3.100009577161949E-004
  8.655664249283712E-003  8.346350070189698E-003  8.079771940780583E-003
  7.833430055406345E-003  7.538055895865403E-003  9.189502824141818E-003
  8.811749136037684E-003  8.048273730026482E-003  8.460076162616542E-003
  9.176104185147940E-003  3.231637078868484E-004  3.667869123755423E-004
  3.497790920927338E-002  0.612219115911832     
 Design variables:  3.947812818415846E-004  3.100009577161949E-004
  8.655664249283712E-003  8.346350070189698E-003  8.079771940780583E-003
  7.833430055406345E-003  7.538055895865403E-003  9.189502824141818E-003
  8.811749136037684E-003  8.048273730026482E-003  8.460076162616542E-003
  9.176104185147940E-003  3.231637078868484E-004  3.667869123755423E-004
  3.497790920927338E-002  0.612219115911832     
 Mean drag value and variance:  4.581970585264735E-003  4.049646896473090E-008
    6  0.4582011E-02  0.1038622E-01  0.1600412E-02  0.1552559E-01  0.8852491E-05
 Calc con  1.034011048958213E-003  9.327933210094769E-004
  9.163123829261793E-003  9.063042509424250E-003  9.010946322280422E-003
  9.014017570454842E-003  9.075168990320823E-003  9.048705196225955E-003
  9.194470285650926E-003  9.368505989492111E-003  9.263873774731252E-003
  9.298090169685101E-003  9.833242950855628E-004  1.062947658698345E-003
  3.062427827549252E-002  0.600138799763052     
 Design variables:  1.034011048958213E-003  9.327933210094769E-004
  9.163123829261793E-003  9.063042509424250E-003  9.010946322280422E-003
  9.014017570454842E-003  9.075168990320823E-003  9.048705196225955E-003
  9.194470285650926E-003  9.368505989492111E-003  9.263873774731252E-003
  9.298090169685101E-003  9.833242950855628E-004  1.062947658698345E-003
  3.062427827549252E-002  0.600138799763052     
 Constraint value, mean lift and its standard deviation:  1.024928679506085E-003
  0.654808870744505       1.861126647467052E-002
 Calc obj  1.034011048958213E-003  9.327933210094769E-004
  9.163123829261793E-003  9.063042509424250E-003  9.010946322280422E-003
  9.014017570454842E-003  9.075168990320823E-003  9.048705196225955E-003
  9.194470285650926E-003  9.368505989492111E-003  9.263873774731252E-003
  9.298090169685101E-003  9.833242950855628E-004  1.062947658698345E-003
  3.062427827549252E-002  0.600138799763052     
 Design variables:  1.034011048958213E-003  9.327933210094769E-004
  9.163123829261793E-003  9.063042509424250E-003  9.010946322280422E-003
  9.014017570454842E-003  9.075168990320823E-003  9.048705196225955E-003
  9.194470285650926E-003  9.368505989492111E-003  9.263873774731252E-003
  9.298090169685101E-003  9.833242950855628E-004  1.062947658698345E-003
  3.062427827549252E-002  0.600138799763052     
 Mean drag value and variance:  4.457537094492324E-003  3.029568706881854E-008
 Calc con  1.043634737482371E-003  9.422142249843096E-004
  9.179300908193107E-003  9.081537413820902E-003  9.030560807667129E-003
  9.033839184685370E-003  9.094625472307646E-003  9.066023008711092E-003
  9.232687336820002E-003  9.436971657621191E-003  9.306307836978993E-003
  9.312474824491256E-003  9.931191091212008E-004  1.073076621596395E-003
  3.072700637161616E-002  0.600154716114415     
 Design variables:  1.043634737482371E-003  9.422142249843096E-004
  9.179300908193107E-003  9.081537413820902E-003  9.030560807667129E-003
  9.033839184685370E-003  9.094625472307646E-003  9.066023008711092E-003
  9.232687336820002E-003  9.436971657621191E-003  9.306307836978993E-003
  9.312474824491256E-003  9.931191091212008E-004  1.073076621596395E-003
  3.072700637161616E-002  0.600154716114415     
 Constraint value, mean lift and its standard deviation: -1.356251980878326E-003
  0.657305533998145       1.864976067242211E-002
 Calc obj  1.043634737482371E-003  9.422142249843096E-004
  9.179300908193107E-003  9.081537413820902E-003  9.030560807667129E-003
  9.033839184685370E-003  9.094625472307646E-003  9.066023008711092E-003
  9.232687336820002E-003  9.436971657621191E-003  9.306307836978993E-003
  9.312474824491256E-003  9.931191091212008E-004  1.073076621596395E-003
  3.072700637161616E-002  0.600154716114415     
 Design variables:  1.043634737482371E-003  9.422142249843096E-004
  9.179300908193107E-003  9.081537413820902E-003  9.030560807667129E-003
  9.033839184685370E-003  9.094625472307646E-003  9.066023008711092E-003
  9.232687336820002E-003  9.436971657621191E-003  9.306307836978993E-003
  9.312474824491256E-003  9.931191091212008E-004  1.073076621596395E-003
  3.072700637161616E-002  0.600154716114415     
 Mean drag value and variance:  4.479379616289795E-003  3.067455755686774E-008
    7  0.4479410E-02  0.1208032E-01  0.1062817E-03  0.1252448E-01  0.1009460E-04
 Calc con  1.143807831483235E-003  1.084642001122925E-003
  9.717648770099924E-003  9.678829551606790E-003  9.657460374070876E-003
  9.655544003684700E-003  9.672054374640355E-003  9.045085966034101E-003
  9.214727898463327E-003  9.604725605493103E-003  9.876383783258754E-003
  9.954906041345569E-003  1.112102128118612E-003  1.150631528722973E-003
  2.823908503015436E-002  0.600016354513813     
 Design variables:  1.143807831483235E-003  1.084642001122925E-003
  9.717648770099924E-003  9.678829551606790E-003  9.657460374070876E-003
  9.655544003684700E-003  9.672054374640355E-003  9.045085966034101E-003
  9.214727898463327E-003  9.604725605493103E-003  9.876383783258754E-003
  9.954906041345569E-003  1.112102128118612E-003  1.150631528722973E-003
  2.823908503015436E-002  0.600016354513813     
 Constraint value, mean lift and its standard deviation:  1.004737723971513E-003
  0.655080123759854       1.869495382794174E-002
 Calc obj  1.143807831483235E-003  1.084642001122925E-003
  9.717648770099924E-003  9.678829551606790E-003  9.657460374070876E-003
  9.655544003684700E-003  9.672054374640355E-003  9.045085966034101E-003
  9.214727898463327E-003  9.604725605493103E-003  9.876383783258754E-003
  9.954906041345569E-003  1.112102128118612E-003  1.150631528722973E-003
  2.823908503015436E-002  0.600016354513813     
 Design variables:  1.143807831483235E-003  1.084642001122925E-003
  9.717648770099924E-003  9.678829551606790E-003  9.657460374070876E-003
  9.655544003684700E-003  9.672054374640355E-003  9.045085966034101E-003
  9.214727898463327E-003  9.604725605493103E-003  9.876383783258754E-003
  9.954906041345569E-003  1.112102128118612E-003  1.150631528722973E-003
  2.823908503015436E-002  0.600016354513813     
 Mean drag value and variance:  4.445877294397598E-003  2.923952521375955E-008
    8  0.4445907E-02  0.2487921E-02  0.1242007E-02  0.1180191E-01  0.1453634E-05
 Calc con  8.473654214579565E-004  6.933998392783126E-004
  9.054988215168272E-003  8.920903220118778E-003  8.813406446681668E-003
  8.731349853223351E-003  8.653916238150466E-003  9.185607199196326E-003
  9.868792389686026E-003  9.012797872793171E-003  9.139176925036650E-003
  9.297415274586902E-003  7.270162202266189E-004  8.248726913032661E-004
  3.211685469553550E-002  0.600966518574380     
 Design variables:  8.473654214579565E-004  6.933998392783126E-004
  9.054988215168272E-003  8.920903220118778E-003  8.813406446681668E-003
  8.731349853223351E-003  8.653916238150466E-003  9.185607199196326E-003
  9.868792389686026E-003  9.012797872793171E-003  9.139176925036650E-003
  9.297415274586902E-003  7.270162202266189E-004  8.248726913032661E-004
  3.211685469553550E-002  0.600966518574380     
 Constraint value, mean lift and its standard deviation: -3.277730144873287E-003
  0.659658451868656       1.879357390792758E-002
 Calc obj  8.473654214579565E-004  6.933998392783126E-004
  9.054988215168272E-003  8.920903220118778E-003  8.813406446681668E-003
  8.731349853223351E-003  8.653916238150466E-003  9.185607199196326E-003
  9.868792389686026E-003  9.012797872793171E-003  9.139176925036650E-003
  9.297415274586902E-003  7.270162202266189E-004  8.248726913032661E-004
  3.211685469553550E-002  0.600966518574380     
 Design variables:  8.473654214579565E-004  6.933998392783126E-004
  9.054988215168272E-003  8.920903220118778E-003  8.813406446681668E-003
  8.731349853223351E-003  8.653916238150466E-003  9.185607199196326E-003
  9.868792389686026E-003  9.012797872793171E-003  9.139176925036650E-003
  9.297415274586902E-003  7.270162202266189E-004  8.248726913032661E-004
  3.211685469553550E-002  0.600966518574380     
 Mean drag value and variance:  4.538842776433476E-003  3.232831408130044E-008
    9  0.4538875E-02  0.3877770E-02  0.1626944E-02  0.3755219E-02  0.1153671E-04
 Calc con  1.004156314775494E-003  9.086158904270091E-004
  9.384092816069370E-003  9.291485810806478E-003  9.212851985825807E-003
  9.147489626181773E-003  9.080826225215820E-003  9.196160286757937E-003
  9.349285301500872E-003  9.434663071053246E-003  9.507986878280753E-003
  9.557545188465286E-003  9.335740774948167E-004  9.965946264471454E-004
  3.003029493941875E-002  0.601704066114610     
 Design variables:  1.004156314775494E-003  9.086158904270091E-004
  9.384092816069370E-003  9.291485810806478E-003  9.212851985825807E-003
  9.147489626181773E-003  9.080826225215820E-003  9.196160286757937E-003
  9.349285301500872E-003  9.434663071053246E-003  9.507986878280753E-003
  9.557545188465286E-003  9.335740774948167E-004  9.965946264471454E-004
  3.003029493941875E-002  0.601704066114610     
 Constraint value, mean lift and its standard deviation: -7.075044033578726E-004
  0.656912557893247       1.873501782996316E-002
 Calc obj  1.004156314775494E-003  9.086158904270091E-004
  9.384092816069370E-003  9.291485810806478E-003  9.212851985825807E-003
  9.147489626181773E-003  9.080826225215820E-003  9.196160286757937E-003
  9.349285301500872E-003  9.434663071053246E-003  9.507986878280753E-003
  9.557545188465286E-003  9.335740774948167E-004  9.965946264471454E-004
  3.003029493941875E-002  0.601704066114610     
 Design variables:  1.004156314775494E-003  9.086158904270091E-004
  9.384092816069370E-003  9.291485810806478E-003  9.212851985825807E-003
  9.147489626181773E-003  9.080826225215820E-003  9.196160286757937E-003
  9.349285301500872E-003  9.434663071053246E-003  9.507986878280753E-003
  9.557545188465286E-003  9.335740774948167E-004  9.965946264471454E-004
  3.003029493941875E-002  0.601704066114610     
 Mean drag value and variance:  4.489314599383705E-003  3.081935147031947E-008
   10  0.4489345E-02  0.2086560E-02  0.5717584E-03  0.2346440E-02  0.1050048E-04
 Calc con  1.006687980135114E-003  9.123936959742866E-004
  9.389182844371732E-003  9.297273360322728E-003  9.219037253689456E-003
  9.154127209014418E-003  9.088804501845337E-003  9.242705994705960E-003
  9.374647524730705E-003  9.465173437263275E-003  9.523382105699018E-003
  9.559970049362257E-003  9.378515671293873E-004  1.000435385983619E-003
  2.999566144249572E-002  0.601814627799550     
 Design variables:  1.006687980135114E-003  9.123936959742866E-004
  9.389182844371732E-003  9.297273360322728E-003  9.219037253689456E-003
  9.154127209014418E-003  9.088804501845337E-003  9.242705994705960E-003
  9.374647524730705E-003  9.465173437263275E-003  9.523382105699018E-003
  9.559970049362257E-003  9.378515671293873E-004  1.000435385983619E-003
  2.999566144249572E-002  0.601814627799550     
 Constraint value, mean lift and its standard deviation: -1.151742905868475E-003
  0.657449526794893       1.876592796300814E-002
 Calc obj  1.006687980135114E-003  9.123936959742866E-004
  9.389182844371732E-003  9.297273360322728E-003  9.219037253689456E-003
  9.154127209014418E-003  9.088804501845337E-003  9.242705994705960E-003
  9.374647524730705E-003  9.465173437263275E-003  9.523382105699018E-003
  9.559970049362257E-003  9.378515671293873E-004  1.000435385983619E-003
  2.999566144249572E-002  0.601814627799550     
 Design variables:  1.006687980135114E-003  9.123936959742866E-004
  9.389182844371732E-003  9.297273360322728E-003  9.219037253689456E-003
  9.154127209014418E-003  9.088804501845337E-003  9.242705994705960E-003
  9.374647524730705E-003  9.465173437263275E-003  9.523382105699018E-003
  9.559970049362257E-003  9.378515671293873E-004  1.000435385983619E-003
  2.999566144249572E-002  0.601814627799550     
 Mean drag value and variance:  4.499927676213106E-003  3.155598790613928E-008
   11  0.4499959E-02  0.1105617E-03  0.1293334E-03  0.1355155E-02  0.1050048E-04
 Calc con  1.010927873414342E-003  9.178608401295743E-004
  9.400777181970788E-003  9.310364913090598E-003  9.233083288381185E-003
  9.168695304427803E-003  9.103872128099801E-003  9.271325644571202E-003
  9.392701198440961E-003  9.475615653383640E-003  9.529671769318029E-003
  9.565536195399221E-003  9.430912656944998E-004  1.004975662820314E-003
  2.992933049628202E-002  0.601806733602430     
 Design variables:  1.010927873414342E-003  9.178608401295743E-004
  9.400777181970788E-003  9.310364913090598E-003  9.233083288381185E-003
  9.168695304427803E-003  9.103872128099801E-003  9.271325644571202E-003
  9.392701198440961E-003  9.475615653383640E-003  9.529671769318029E-003
  9.565536195399221E-003  9.430912656944998E-004  1.004975662820314E-003
  2.992933049628202E-002  0.601806733602430     
 Constraint value, mean lift and its standard deviation: -9.919763501651108E-004
  0.657610596436895       1.887287336224320E-002
 Calc obj  1.010927873414342E-003  9.178608401295743E-004
  9.400777181970788E-003  9.310364913090598E-003  9.233083288381185E-003
  9.168695304427803E-003  9.103872128099801E-003  9.271325644571202E-003
  9.392701198440961E-003  9.475615653383640E-003  9.529671769318029E-003
  9.565536195399221E-003  9.430912656944998E-004  1.004975662820314E-003
  2.992933049628202E-002  0.601806733602430     
 Design variables:  1.010927873414342E-003  9.178608401295743E-004
  9.400777181970788E-003  9.310364913090598E-003  9.233083288381185E-003
  9.168695304427803E-003  9.103872128099801E-003  9.271325644571202E-003
  9.392701198440961E-003  9.475615653383640E-003  9.529671769318029E-003
  9.565536195399221E-003  9.430912656944998E-004  1.004975662820314E-003
  2.992933049628202E-002  0.601806733602430     
 Mean drag value and variance:  4.502009980054800E-003  3.151805621284064E-008
 Calc con  1.011163838837152E-003  9.181613594309911E-004
  9.401492433483373E-003  9.311167292370694E-003  9.233926597062545E-003
  9.169524154893149E-003  9.104626965473452E-003  9.273096097943016E-003
  9.393839274660089E-003  9.476025051753743E-003  9.529954406256837E-003
  9.565869961923967E-003  9.433461081413736E-004  1.005207089845807E-003
  2.995695526648395E-002  0.601805446492580     
 Design variables:  1.011163838837152E-003  9.181613594309911E-004
  9.401492433483373E-003  9.311167292370694E-003  9.233926597062545E-003
  9.169524154893149E-003  9.104626965473452E-003  9.273096097943016E-003
  9.393839274660089E-003  9.476025051753743E-003  9.529954406256837E-003
  9.565869961923967E-003  9.433461081413736E-004  1.005207089845807E-003
  2.995695526648395E-002  0.601805446492580     
 Constraint value, mean lift and its standard deviation: -1.451467472808429E-003
  0.657876299871845       1.880827746634543E-002
 Calc obj  1.011163838837152E-003  9.181613594309911E-004
  9.401492433483373E-003  9.311167292370694E-003  9.233926597062545E-003
  9.169524154893149E-003  9.104626965473452E-003  9.273096097943016E-003
  9.393839274660089E-003  9.476025051753743E-003  9.529954406256837E-003
  9.565869961923967E-003  9.433461081413736E-004  1.005207089845807E-003
  2.995695526648395E-002  0.601805446492580     
 Design variables:  1.011163838837152E-003  9.181613594309911E-004
  9.401492433483373E-003  9.311167292370694E-003  9.233926597062545E-003
  9.169524154893149E-003  9.104626965473452E-003  9.273096097943016E-003
  9.393839274660089E-003  9.476025051753743E-003  9.529954406256837E-003
  9.565869961923967E-003  9.433461081413736E-004  1.005207089845807E-003
  2.995695526648395E-002  0.601805446492580     
 Mean drag value and variance:  4.504347040615624E-003  3.171047242650981E-008
 Calc con  1.011008502285554E-003  9.179635269205543E-004
  9.401021581855337E-003  9.310639084343604E-003  9.233371445121489E-003
  9.168978520827174E-003  9.104130054386886E-003  9.271930604633582E-003
  9.393090076607128E-003  9.475755543915330E-003  9.529768345744642E-003
  9.565650242694025E-003  9.431783448037338E-004  1.005054740931044E-003
  2.993876982011323E-002  0.601806293799797     
 Design variables:  1.011008502285554E-003  9.179635269205543E-004
  9.401021581855337E-003  9.310639084343604E-003  9.233371445121489E-003
  9.168978520827174E-003  9.104130054386886E-003  9.271930604633582E-003
  9.393090076607128E-003  9.475755543915330E-003  9.529768345744642E-003
  9.565650242694025E-003  9.431783448037338E-004  1.005054740931044E-003
  2.993876982011323E-002  0.601806293799797     
 Constraint value, mean lift and its standard deviation: -1.357583632627189E-003
  0.657654464015233       1.876562679420179E-002
 Calc obj  1.011008502285554E-003  9.179635269205543E-004
  9.401021581855337E-003  9.310639084343604E-003  9.233371445121489E-003
  9.168978520827174E-003  9.104130054386886E-003  9.271930604633582E-003
  9.393090076607128E-003  9.475755543915330E-003  9.529768345744642E-003
  9.565650242694025E-003  9.431783448037338E-004  1.005054740931044E-003
  2.993876982011323E-002  0.601806293799797     
 Design variables:  1.011008502285554E-003  9.179635269205543E-004
  9.401021581855337E-003  9.310639084343604E-003  9.233371445121489E-003
  9.168978520827174E-003  9.104130054386886E-003  9.271930604633582E-003
  9.393090076607128E-003  9.475755543915330E-003  9.529768345744642E-003
  9.565650242694025E-003  9.431783448037338E-004  1.005054740931044E-003
  2.993876982011323E-002  0.601806293799797     
 Mean drag value and variance:  4.502706420296783E-003  3.148655571594112E-008
   12  0.4502738E-02  0.6633095E-04  0.8833953E-04  0.1082164E-02  0.1050048E-04
 
 The solution was found.
 
 The final value of the objective function is   4.502737906852499E-003
 
 The optimal values of X are:
 
 X  (           1 ) =   1.011008502285554E-003
 X  (           2 ) =   9.179635269205543E-004
 X  (           3 ) =   9.401021581855337E-003
 X  (           4 ) =   9.310639084343604E-003
 X  (           5 ) =   9.233371445121489E-003
 X  (           6 ) =   9.168978520827174E-003
 X  (           7 ) =   9.104130054386886E-003
 X  (           8 ) =   9.271930604633582E-003
 X  (           9 ) =   9.393090076607128E-003
 X  (          10 ) =   9.475755543915330E-003
 X  (          11 ) =   9.529768345744642E-003
 X  (          12 ) =   9.565650242694025E-003
 X  (          13 ) =   9.431783448037338E-004
 X  (          14 ) =   1.005054740931044E-003
 X  (          15 ) =    1.71536515450613     
 X  (          16 ) =   0.601806293799797     
 
 The multipliers for the equality constraints are:
 
 LAM(           1 ) =   8.272248706333828E-003
 
 Mean drag and its variance:  4.502706420296783E-003  3.148655571594112E-008
