           1  0.903269016756258        9.55631791655119     
           2  0.804051544851044        6.43109312626908     
           3  0.602052657447560        4.10499584603461     
           4  0.501866158189287        3.53014591613674     
           5  0.399694860583434        3.09657894464732     
           6  0.301158507701292        2.74822355076406     
           7  0.205346444050076        2.41633942501814     
           8  0.202450889381161        4.38426832276091     
           9  0.301538478396521        4.98774090807914     
          10  0.402014946835827        5.39880888918548     
          11  0.504570952907477        5.67823010652547     
          12  0.604736568670243        5.91124484064288     
          13  0.803383624472688        7.08944314386026     
          14  0.901823325566936        9.39350357727840     
          15   9.36920063876434     
          16   1.32398726608725     
