  9.140073391077902E-002  0.404102400474702       0.838801527070380     
  0.749044781960825       0.603932172961915       0.195650429521650     
  0.688030974389493       0.296769025654853       0.336586583158724     
  0.397014207822796       0.410703151553321       8.445760090017736E-002
  0.754534832831533       1.223167839654652E-002  0.200268751724424     
  0.911152154939611       0.316910232624294       0.934268109500794     
  0.976946427753196       0.710783047340399       5.277953330123026E-003
  0.664010022544964       0.173228290724586       0.216448969990598     
  0.581215576847296       0.591171979897011       0.890200114973913     
  0.494132847039814       0.526665720771935       0.824093555855268     
