           1  0.903269016756258        9.56373643837042     
           2  0.804051544851044        6.42982842143780     
           3  0.602052657447560        4.09760425345063     
           4  0.501866158189287        3.52092778626109     
           5  0.399694860583434        3.08591866668066     
           6  0.301158507701292        2.73653298728861     
           7  0.205346444050076        2.40404734855474     
           8  0.202450889381161        4.42943263496715     
           9  0.301538478396521        5.03673617796655     
          10  0.402014946835827        5.44422788904340     
          11  0.504570952907477        5.71382731192440     
          12  0.604736568670243        5.93561249657762     
          13  0.803383624472688        7.10770880743356     
          14  0.901823325566936        9.41905776891157     
          15   9.39478806530794     
          16   1.36856232752214     
