 Calc con  0.000000000000000E+000  0.000000000000000E+000
  0.000000000000000E+000  0.000000000000000E+000  0.000000000000000E+000
  0.000000000000000E+000  0.000000000000000E+000  0.000000000000000E+000
  0.000000000000000E+000  0.000000000000000E+000  0.000000000000000E+000
  0.000000000000000E+000  0.000000000000000E+000  0.000000000000000E+000
  3.490658503988659E-002  0.650000000000000     
 Design variables:  0.000000000000000E+000  0.000000000000000E+000
  0.000000000000000E+000  0.000000000000000E+000  0.000000000000000E+000
  0.000000000000000E+000  0.000000000000000E+000  0.000000000000000E+000
  0.000000000000000E+000  0.000000000000000E+000  0.000000000000000E+000
  0.000000000000000E+000  0.000000000000000E+000  0.000000000000000E+000
  3.490658503988659E-002  0.650000000000000     
 Constraint value, mean lift and its standard deviation:  0.275408659617503     
  0.324591340382497       1.739199247804232E-002
 Calc obj  0.000000000000000E+000  0.000000000000000E+000
  0.000000000000000E+000  0.000000000000000E+000  0.000000000000000E+000
  0.000000000000000E+000  0.000000000000000E+000  0.000000000000000E+000
  0.000000000000000E+000  0.000000000000000E+000  0.000000000000000E+000
  0.000000000000000E+000  0.000000000000000E+000  0.000000000000000E+000
  3.490658503988659E-002  0.650000000000000     
 Design variables:  0.000000000000000E+000  0.000000000000000E+000
  0.000000000000000E+000  0.000000000000000E+000  0.000000000000000E+000
  0.000000000000000E+000  0.000000000000000E+000  0.000000000000000E+000
  0.000000000000000E+000  0.000000000000000E+000  0.000000000000000E+000
  0.000000000000000E+000  0.000000000000000E+000  0.000000000000000E+000
  3.490658503988659E-002  0.650000000000000     
 Mean drag value and variance:  2.613727328004619E-003  1.074702306769378E-008
 
 iter    objective      ||grad||        inf_pr          inf_du         lg(mu)
    0  0.2613738E-02  0.0000000E+00  0.2854086E+00  0.9956645E+00  0.1000000E+01
 Calc con  7.258613117531587E-004  5.158810779020041E-004
  2.914448919483464E-003  2.590186639451529E-003  2.311491466593327E-003
  2.051608237863626E-003  1.773999792821836E-003  2.283339517885498E-003
  2.486251656514786E-003  2.657501347839509E-003  2.854063542092756E-003
  3.118656329917113E-003  5.309006043177777E-004  7.313660174325331E-004
  5.315135715170337E-002  0.663417010715915     
 Design variables:  7.258613117531587E-004  5.158810779020041E-004
  2.914448919483464E-003  2.590186639451529E-003  2.311491466593327E-003
  2.051608237863626E-003  1.773999792821836E-003  2.283339517885498E-003
  2.486251656514786E-003  2.657501347839509E-003  2.854063542092756E-003
  3.118656329917113E-003  5.309006043177777E-004  7.313660174325331E-004
  5.315135715170337E-002  0.663417010715915     
 Constraint value, mean lift and its standard deviation: -4.845332210470665E-002
  0.648453322104707       2.097389563933636E-002
 Calc obj  7.258613117531587E-004  5.158810779020041E-004
  2.914448919483464E-003  2.590186639451529E-003  2.311491466593327E-003
  2.051608237863626E-003  1.773999792821836E-003  2.283339517885498E-003
  2.486251656514786E-003  2.657501347839509E-003  2.854063542092756E-003
  3.118656329917113E-003  5.309006043177777E-004  7.313660174325331E-004
  5.315135715170337E-002  0.663417010715915     
 Design variables:  7.258613117531587E-004  5.158810779020041E-004
  2.914448919483464E-003  2.590186639451529E-003  2.311491466593327E-003
  2.051608237863626E-003  1.773999792821836E-003  2.283339517885498E-003
  2.486251656514786E-003  2.657501347839509E-003  2.854063542092756E-003
  3.118656329917113E-003  5.309006043177777E-004  7.313660174325331E-004
  5.315135715170337E-002  0.663417010715915     
 Mean drag value and variance:  6.262549919607704E-003  2.250880809638680E-006
    1  0.6264801E-02  0.2450077E-01  0.1395256E-01  0.4198507E+00  0.2569640E-01
 Calc con  6.742230512030635E-004  4.798369288282428E-004
  2.909576524687677E-003  2.598105607623206E-003  2.330483019519805E-003
  2.079913931731179E-003  1.809619408392837E-003  1.798307765758682E-003
  2.340267745510858E-003  2.857479167040724E-003  3.176946002019978E-003
  3.322968534119501E-003  4.939358394502390E-004  6.793800654396800E-004
  5.301615741389448E-002  0.657839435259024     
 Design variables:  6.742230512030635E-004  4.798369288282428E-004
  2.909576524687677E-003  2.598105607623206E-003  2.330483019519805E-003
  2.079913931731179E-003  1.809619408392837E-003  1.798307765758682E-003
  2.340267745510858E-003  2.857479167040724E-003  3.176946002019978E-003
  3.322968534119501E-003  4.939358394502390E-004  6.793800654396800E-004
  5.301615741389448E-002  0.657839435259024     
 Constraint value, mean lift and its standard deviation: -4.140721293783045E-002
  0.641407212937830       2.061594809810653E-002
 Calc obj  6.742230512030635E-004  4.798369288282428E-004
  2.909576524687677E-003  2.598105607623206E-003  2.330483019519805E-003
  2.079913931731179E-003  1.809619408392837E-003  1.798307765758682E-003
  2.340267745510858E-003  2.857479167040724E-003  3.176946002019978E-003
  3.322968534119501E-003  4.939358394502390E-004  6.793800654396800E-004
  5.301615741389448E-002  0.657839435259024     
 Design variables:  6.742230512030635E-004  4.798369288282428E-004
  2.909576524687677E-003  2.598105607623206E-003  2.330483019519805E-003
  2.079913931731179E-003  1.809619408392837E-003  1.798307765758682E-003
  2.340267745510858E-003  2.857479167040724E-003  3.176946002019978E-003
  3.322968534119501E-003  4.939358394502390E-004  6.793800654396800E-004
  5.301615741389448E-002  0.657839435259024     
 Mean drag value and variance:  5.396414267503890E-003  9.139909728259502E-007
    2  0.5397328E-02  0.6272920E-02  0.6335360E-03  0.8034082E-01  0.2020956E-02
 Calc con  6.382983491222535E-004  4.556883116758905E-004
  3.146415365750077E-003  2.839489168205126E-003  2.575723455383495E-003
  2.326186912199420E-003  2.050594493167949E-003  1.252032518275567E-003
  2.832099989641393E-003  3.555872724584873E-003  3.537963551401410E-003
  3.409763068019226E-003  4.709782412469097E-004  6.450080775541130E-004
  5.185071550701538E-002  0.651310046532366     
 Design variables:  6.382983491222535E-004  4.556883116758905E-004
  3.146415365750077E-003  2.839489168205126E-003  2.575723455383495E-003
  2.326186912199420E-003  2.050594493167949E-003  1.252032518275567E-003
  2.832099989641393E-003  3.555872724584873E-003  3.537963551401410E-003
  3.409763068019226E-003  4.709782412469097E-004  6.450080775541130E-004
  5.185071550701538E-002  0.651310046532366     
 Constraint value, mean lift and its standard deviation: -3.058995250544172E-002
  0.630589952505442       2.145670176284853E-002
 Calc obj  6.382983491222535E-004  4.556883116758905E-004
  3.146415365750077E-003  2.839489168205126E-003  2.575723455383495E-003
  2.326186912199420E-003  2.050594493167949E-003  1.252032518275567E-003
  2.832099989641393E-003  3.555872724584873E-003  3.537963551401410E-003
  3.409763068019226E-003  4.709782412469097E-004  6.450080775541130E-004
  5.185071550701538E-002  0.651310046532366     
 Design variables:  6.382983491222535E-004  4.556883116758905E-004
  3.146415365750077E-003  2.839489168205126E-003  2.575723455383495E-003
  2.326186912199420E-003  2.050594493167949E-003  1.252032518275567E-003
  2.832099989641393E-003  3.555872724584873E-003  3.537963551401410E-003
  3.409763068019226E-003  4.709782412469097E-004  6.450080775541130E-004
  5.185071550701538E-002  0.651310046532366     
 Mean drag value and variance:  4.769491659596562E-003  3.145171418164410E-007
    3  0.4769806E-02  0.7395765E-02  0.2787959E-02  0.5478505E-01  0.1509714E-03
 Calc con  6.086979526731295E-004  4.521594791228947E-004
  4.584467241102387E-003  4.128022612888258E-003  3.735461964023399E-003
  3.368379385460593E-003  2.967639535655394E-003  3.546959432754727E-003
  4.521167552112427E-003  4.296735588840998E-003  3.889855878246609E-003
  4.116712263163132E-003  4.692832137087394E-004  6.134047579003643E-004
  4.608305324342295E-002  0.640858600277989     
 Design variables:  6.086979526731295E-004  4.521594791228947E-004
  4.584467241102387E-003  4.128022612888258E-003  3.735461964023399E-003
  3.368379385460593E-003  2.967639535655394E-003  3.546959432754727E-003
  4.521167552112427E-003  4.296735588840998E-003  3.889855878246609E-003
  4.116712263163132E-003  4.692832137087394E-004  6.134047579003643E-004
  4.608305324342295E-002  0.640858600277989     
 Constraint value, mean lift and its standard deviation: -1.116215079531380E-002
  0.611162150795314       2.052422561127805E-002
 Calc obj  6.086979526731295E-004  4.521594791228947E-004
  4.584467241102387E-003  4.128022612888258E-003  3.735461964023399E-003
  3.368379385460593E-003  2.967639535655394E-003  3.546959432754727E-003
  4.521167552112427E-003  4.296735588840998E-003  3.889855878246609E-003
  4.116712263163132E-003  4.692832137087394E-004  6.134047579003643E-004
  4.608305324342295E-002  0.640858600277989     
 Design variables:  6.086979526731295E-004  4.521594791228947E-004
  4.584467241102387E-003  4.128022612888258E-003  3.735461964023399E-003
  3.368379385460593E-003  2.967639535655394E-003  3.546959432754727E-003
  4.521167552112427E-003  4.296735588840998E-003  3.889855878246609E-003
  4.116712263163132E-003  4.692832137087394E-004  6.134047579003643E-004
  4.608305324342295E-002  0.640858600277989     
 Mean drag value and variance:  4.359252343041845E-003  1.258176531246402E-007
    4  0.4359378E-02  0.2244088E-01  0.2251197E-03  0.2842750E-01  0.6037589E-04
 Calc con  5.984961041090011E-004  4.494494081492478E-004
  6.570563939435416E-003  6.058415498212472E-003  5.598675240587448E-003
  5.163355988360037E-003  4.677135849610230E-003  9.935479494327548E-003
  6.413836372464490E-003  4.814609713499641E-003  5.140814450325293E-003
  6.844422342235142E-003  4.691374582988318E-004  5.994018319381918E-004
  3.743551560712502E-002  0.626797378692544     
 Design variables:  5.984961041090011E-004  4.494494081492478E-004
  6.570563939435416E-003  6.058415498212472E-003  5.598675240587448E-003
  5.163355988360037E-003  4.677135849610230E-003  9.935479494327548E-003
  6.413836372464490E-003  4.814609713499641E-003  5.140814450325293E-003
  6.844422342235142E-003  4.691374582988318E-004  5.994018319381918E-004
  3.743551560712502E-002  0.626797378692544     
 Constraint value, mean lift and its standard deviation: -6.914585736821577E-003
  0.606914585736822       1.971576613689683E-002
 Calc obj  5.984961041090011E-004  4.494494081492478E-004
  6.570563939435416E-003  6.058415498212472E-003  5.598675240587448E-003
  5.163355988360037E-003  4.677135849610230E-003  9.935479494327548E-003
  6.413836372464490E-003  4.814609713499641E-003  5.140814450325293E-003
  6.844422342235142E-003  4.691374582988318E-004  5.994018319381918E-004
  3.743551560712502E-002  0.626797378692544     
 Design variables:  5.984961041090011E-004  4.494494081492478E-004
  6.570563939435416E-003  6.058415498212472E-003  5.598675240587448E-003
  5.163355988360037E-003  4.677135849610230E-003  9.935479494327548E-003
  6.413836372464490E-003  4.814609713499641E-003  5.140814450325293E-003
  6.844422342235142E-003  4.691374582988318E-004  5.994018319381918E-004
  3.743551560712502E-002  0.626797378692544     
 Mean drag value and variance:  4.275378894513724E-003  4.895562021505344E-008
 Calc con  5.986590390359993E-004  4.496173807736213E-004
  6.578929469663521E-003  6.066750701261213E-003  5.606885766621949E-003
  5.171371031191790E-003  4.684809683283235E-003  9.935479494327548E-003
  6.421730123662402E-003  4.830697736008313E-003  5.163479624120925E-003
  6.862894003185403E-003  4.693218241366465E-004  5.995541254293835E-004
  3.748701116128547E-002  0.626774217215841     
 Design variables:  5.986590390359993E-004  4.496173807736213E-004
  6.578929469663521E-003  6.066750701261213E-003  5.606885766621949E-003
  5.171371031191790E-003  4.684809683283235E-003  9.935479494327548E-003
  6.421730123662402E-003  4.830697736008313E-003  5.163479624120925E-003
  6.862894003185403E-003  4.693218241366465E-004  5.995541254293835E-004
  3.748701116128547E-002  0.626774217215841     
 Constraint value, mean lift and its standard deviation: -7.855413272447431E-003
  0.607855413272447       1.985264215112676E-002
 Calc obj  5.986590390359993E-004  4.496173807736213E-004
  6.578929469663521E-003  6.066750701261213E-003  5.606885766621949E-003
  5.171371031191790E-003  4.684809683283235E-003  9.935479494327548E-003
  6.421730123662402E-003  4.830697736008313E-003  5.163479624120925E-003
  6.862894003185403E-003  4.693218241366465E-004  5.995541254293835E-004
  3.748701116128547E-002  0.626774217215841     
 Design variables:  5.986590390359993E-004  4.496173807736213E-004
  6.578929469663521E-003  6.066750701261213E-003  5.606885766621949E-003
  5.171371031191790E-003  4.684809683283235E-003  9.935479494327548E-003
  6.421730123662402E-003  4.830697736008313E-003  5.163479624120925E-003
  6.862894003185403E-003  4.693218241366465E-004  5.995541254293835E-004
  3.748701116128547E-002  0.626774217215841     
 Mean drag value and variance:  4.285046167771487E-003  7.174997765493690E-008
 Calc con  5.986614526979742E-004  4.496198690623126E-004
  6.579053393751394E-003  6.066874176092681E-003  5.607007394531004E-003
  5.171489763279908E-003  4.684923360816218E-003  9.935479494327548E-003
  6.421847058977967E-003  4.830936058441045E-003  5.163815378210928E-003
  6.863167636018271E-003  4.693245552687641E-004  5.995563814527880E-004
  3.748777399871536E-002  0.626773874109690     
 Design variables:  5.986614526979742E-004  4.496198690623126E-004
  6.579053393751394E-003  6.066874176092681E-003  5.607007394531004E-003
  5.171489763279908E-003  4.684923360816218E-003  9.935479494327548E-003
  6.421847058977967E-003  4.830936058441045E-003  5.163815378210928E-003
  6.863167636018271E-003  4.693245552687641E-004  5.995563814527880E-004
  3.748777399871536E-002  0.626773874109690     
 Constraint value, mean lift and its standard deviation: -7.836339259493452E-003
  0.607836339259493       1.974021615489694E-002
 Calc obj  5.986614526979742E-004  4.496198690623126E-004
  6.579053393751394E-003  6.066874176092681E-003  5.607007394531004E-003
  5.171489763279908E-003  4.684923360816218E-003  9.935479494327548E-003
  6.421847058977967E-003  4.830936058441045E-003  5.163815378210928E-003
  6.863167636018271E-003  4.693245552687641E-004  5.995563814527880E-004
  3.748777399871536E-002  0.626773874109690     
 Design variables:  5.986614526979742E-004  4.496198690623126E-004
  6.579053393751394E-003  6.066874176092681E-003  5.607007394531004E-003
  5.171489763279908E-003  4.684923360816218E-003  9.935479494327548E-003
  6.421847058977967E-003  4.830936058441045E-003  5.163815378210928E-003
  6.863167636018271E-003  4.693245552687641E-004  5.995563814527880E-004
  3.748777399871536E-002  0.626773874109690     
 Mean drag value and variance:  4.225089597669950E-003  2.559862023906270E-006
 Calc con  6.035970283910653E-004  4.508044436360713E-004
  5.577515590268902E-003  5.093219055550365E-003  4.667068602305424E-003
  4.265867686910315E-003  3.822387692632812E-003  6.741219463541137E-003
  5.467501962288459E-003  4.555672651170319E-003  4.515335164285952E-003
  5.480567302699137E-003  4.692103360037856E-004  6.064032949192781E-004
  4.175928442527398E-002  0.633827989485267     
 Design variables:  6.035970283910653E-004  4.508044436360713E-004
  5.577515590268902E-003  5.093219055550365E-003  4.667068602305424E-003
  4.265867686910315E-003  3.822387692632812E-003  6.741219463541137E-003
  5.467501962288459E-003  4.555672651170319E-003  4.515335164285952E-003
  5.480567302699137E-003  4.692103360037856E-004  6.064032949192781E-004
  4.175928442527398E-002  0.633827989485267     
 Constraint value, mean lift and its standard deviation: -8.815840826688848E-003
  0.608815840826689       2.018582135651329E-002
 Calc obj  6.035970283910653E-004  4.508044436360713E-004
  5.577515590268902E-003  5.093219055550365E-003  4.667068602305424E-003
  4.265867686910315E-003  3.822387692632812E-003  6.741219463541137E-003
  5.467501962288459E-003  4.555672651170319E-003  4.515335164285952E-003
  5.480567302699137E-003  4.692103360037856E-004  6.064032949192781E-004
  4.175928442527398E-002  0.633827989485267     
 Design variables:  6.035970283910653E-004  4.508044436360713E-004
  5.577515590268902E-003  5.093219055550365E-003  4.667068602305424E-003
  4.265867686910315E-003  3.822387692632812E-003  6.741219463541137E-003
  5.467501962288459E-003  4.555672651170319E-003  4.515335164285952E-003
  5.480567302699137E-003  4.692103360037856E-004  6.064032949192781E-004
  4.175928442527398E-002  0.633827989485267     
 Mean drag value and variance:  4.280884652489066E-003  4.583816232287604E-008
 Calc con  6.061474905320974E-004  4.514819613794830E-004
  5.080991415685645E-003  4.610620834219312E-003  4.201265283164411E-003
  3.817123536185454E-003  3.395013614144102E-003  5.144089448147932E-003
  4.994334757200443E-003  4.426204120005659E-003  4.202595521266280E-003
  4.798639782931134E-003  4.692467748562625E-004  6.099040264098211E-004
  4.392116883434846E-002  0.637343294881628     
 Design variables:  6.061474905320974E-004  4.514819613794830E-004
  5.080991415685645E-003  4.610620834219312E-003  4.201265283164411E-003
  3.817123536185454E-003  3.395013614144102E-003  5.144089448147932E-003
  4.994334757200443E-003  4.426204120005659E-003  4.202595521266280E-003
  4.798639782931134E-003  4.692467748562625E-004  6.099040264098211E-004
  4.392116883434846E-002  0.637343294881628     
 Constraint value, mean lift and its standard deviation: -9.929059093967130E-003
  0.609929059093967       2.034889096304273E-002
 Calc obj  6.061474905320974E-004  4.514819613794830E-004
  5.080991415685645E-003  4.610620834219312E-003  4.201265283164411E-003
  3.817123536185454E-003  3.395013614144102E-003  5.144089448147932E-003
  4.994334757200443E-003  4.426204120005659E-003  4.202595521266280E-003
  4.798639782931134E-003  4.692467748562625E-004  6.099040264098211E-004
  4.392116883434846E-002  0.637343294881628     
 Design variables:  6.061474905320974E-004  4.514819613794830E-004
  5.080991415685645E-003  4.610620834219312E-003  4.201265283164411E-003
  3.817123536185454E-003  3.395013614144102E-003  5.144089448147932E-003
  4.994334757200443E-003  4.426204120005659E-003  4.202595521266280E-003
  4.798639782931134E-003  4.692467748562625E-004  6.099040264098211E-004
  4.392116883434846E-002  0.637343294881628     
 Mean drag value and variance:  4.295750004431064E-003  5.377381990488638E-008
    5  0.4295804E-02  0.3267302E-01  0.5401512E-03  0.1752131E-01  0.6023471E-04
 Calc con  5.923771797740519E-004  4.351633534391858E-004
  5.264173219011089E-003  4.781902405718768E-003  4.383502293980432E-003
  4.031167278225872E-003  3.654567563606190E-003  6.348948760501709E-003
  5.675538728188733E-003  4.654731395496326E-003  4.378171374343030E-003
  5.139160041400012E-003  4.541194475195678E-004  5.879108558068310E-004
  4.255857376363953E-002  0.632025785322210     
 Design variables:  5.923771797740519E-004  4.351633534391858E-004
  5.264173219011089E-003  4.781902405718768E-003  4.383502293980432E-003
  4.031167278225872E-003  3.654567563606190E-003  6.348948760501709E-003
  5.675538728188733E-003  4.654731395496326E-003  4.378171374343030E-003
  5.139160041400012E-003  4.541194475195678E-004  5.879108558068310E-004
  4.255857376363953E-002  0.632025785322210     
 Constraint value, mean lift and its standard deviation: -6.233113297697268E-003
  0.606233113297697       1.990461877647260E-002
 Calc obj  5.923771797740519E-004  4.351633534391858E-004
  5.264173219011089E-003  4.781902405718768E-003  4.383502293980432E-003
  4.031167278225872E-003  3.654567563606190E-003  6.348948760501709E-003
  5.675538728188733E-003  4.654731395496326E-003  4.378171374343030E-003
  5.139160041400012E-003  4.541194475195678E-004  5.879108558068310E-004
  4.255857376363953E-002  0.632025785322210     
 Design variables:  5.923771797740519E-004  4.351633534391858E-004
  5.264173219011089E-003  4.781902405718768E-003  4.383502293980432E-003
  4.031167278225872E-003  3.654567563606190E-003  6.348948760501709E-003
  5.675538728188733E-003  4.654731395496326E-003  4.378171374343030E-003
  5.139160041400012E-003  4.541194475195678E-004  5.879108558068310E-004
  4.255857376363953E-002  0.632025785322210     
 Mean drag value and variance:  4.251621568526279E-003  5.661263051825275E-008
    6  0.4251678E-02  0.5317510E-02  0.3701235E-03  0.5234092E-01  0.5604410E-05
 Calc con  5.654501049031144E-004  3.786052114823064E-004
  5.668730694017622E-003  5.168898737804122E-003  4.794150857751375E-003
  4.495783777663995E-003  4.187330690503171E-003  8.595479188341498E-003
  6.895430163113481E-003  4.966196238206846E-003  4.608909506791581E-003
  5.820129471135662E-003  4.006044866321450E-004  4.796696107941458E-004
  3.978849081577974E-002  0.625109605350447     
 Design variables:  5.654501049031144E-004  3.786052114823064E-004
  5.668730694017622E-003  5.168898737804122E-003  4.794150857751375E-003
  4.495783777663995E-003  4.187330690503171E-003  8.595479188341498E-003
  6.895430163113481E-003  4.966196238206846E-003  4.608909506791581E-003
  5.820129471135662E-003  4.006044866321450E-004  4.796696107941458E-004
  3.978849081577974E-002  0.625109605350447     
 Constraint value, mean lift and its standard deviation:  6.824572989998501E-004
  0.599317542701000       1.936032047031661E-002
 Calc obj  5.654501049031144E-004  3.786052114823064E-004
  5.668730694017622E-003  5.168898737804122E-003  4.794150857751375E-003
  4.495783777663995E-003  4.187330690503171E-003  8.595479188341498E-003
  6.895430163113481E-003  4.966196238206846E-003  4.608909506791581E-003
  5.820129471135662E-003  4.006044866321450E-004  4.796696107941458E-004
  3.978849081577974E-002  0.625109605350447     
 Design variables:  5.654501049031144E-004  3.786052114823064E-004
  5.668730694017622E-003  5.168898737804122E-003  4.794150857751375E-003
  4.495783777663995E-003  4.187330690503171E-003  8.595479188341498E-003
  6.895430163113481E-003  4.966196238206846E-003  4.608909506791581E-003
  5.820129471135662E-003  4.006044866321450E-004  4.796696107941458E-004
  3.978849081577974E-002  0.625109605350447     
 Mean drag value and variance:  4.239417659680502E-003  4.704673245193807E-008
    7  0.4239465E-02  0.6916180E-02  0.1318680E-02  0.4239407E-01  0.7120193E-06
 Calc con -1.178818795933241E-003 -5.709459431450751E-004
  8.677421854591909E-003  7.872838597602029E-003  7.222028954722433E-003
  6.715568873336168E-003  6.246770895858116E-003  9.291509386017431E-003
  9.968964201631136E-003  5.126041198397058E-003  3.672227536211704E-003
  7.341670106435490E-003 -6.586431346818649E-004 -8.332232176951860E-004
  3.832081780268919E-002  0.618972843550343     
 Design variables: -1.178818795933241E-003 -5.709459431450751E-004
  8.677421854591909E-003  7.872838597602029E-003  7.222028954722433E-003
  6.715568873336168E-003  6.246770895858116E-003  9.291509386017431E-003
  9.968964201631136E-003  5.126041198397058E-003  3.672227536211704E-003
  7.341670106435490E-003 -6.586431346818649E-004 -8.332232176951860E-004
  3.832081780268919E-002  0.618972843550343     
 Constraint value, mean lift and its standard deviation: -1.922135398799485E-003
  0.601922135398799       1.914371554019077E-002
 Calc obj -1.178818795933241E-003 -5.709459431450751E-004
  8.677421854591909E-003  7.872838597602029E-003  7.222028954722433E-003
  6.715568873336168E-003  6.246770895858116E-003  9.291509386017431E-003
  9.968964201631136E-003  5.126041198397058E-003  3.672227536211704E-003
  7.341670106435490E-003 -6.586431346818649E-004 -8.332232176951860E-004
  3.832081780268919E-002  0.618972843550343     
 Design variables: -1.178818795933241E-003 -5.709459431450751E-004
  8.677421854591909E-003  7.872838597602029E-003  7.222028954722433E-003
  6.715568873336168E-003  6.246770895858116E-003  9.291509386017431E-003
  9.968964201631136E-003  5.126041198397058E-003  3.672227536211704E-003
  7.341670106435490E-003 -6.586431346818649E-004 -8.332232176951860E-004
  3.832081780268919E-002  0.618972843550343     
 Mean drag value and variance:  4.369061098638984E-003  1.632565645916842E-006
 Calc con -1.175060428003995E-003 -5.680720623585963E-004
  8.680677419555406E-003  7.875996001362229E-003  7.225016282978222E-003
  6.718321844724050E-003  6.249202340671466E-003  9.292157219424942E-003
  9.968964201631136E-003  5.128612531844785E-003  3.677602501228346E-003
  7.346813830351664E-003 -6.556034775926550E-004 -8.281682079990063E-004
  3.832241747423348E-002  0.618965810495707     
 Design variables: -1.175060428003995E-003 -5.680720623585963E-004
  8.680677419555406E-003  7.875996001362229E-003  7.225016282978222E-003
  6.718321844724050E-003  6.249202340671466E-003  9.292157219424942E-003
  9.968964201631136E-003  5.128612531844785E-003  3.677602501228346E-003
  7.346813830351664E-003 -6.556034775926550E-004 -8.281682079990063E-004
  3.832241747423348E-002  0.618965810495707     
 Constraint value, mean lift and its standard deviation: -2.464760747486916E-003
  0.602464760747487       1.948844429195682E-002
 Calc obj -1.175060428003995E-003 -5.680720623585963E-004
  8.680677419555406E-003  7.875996001362229E-003  7.225016282978222E-003
  6.718321844724050E-003  6.249202340671466E-003  9.292157219424942E-003
  9.968964201631136E-003  5.128612531844785E-003  3.677602501228346E-003
  7.346813830351664E-003 -6.556034775926550E-004 -8.281682079990063E-004
  3.832241747423348E-002  0.618965810495707     
 Design variables: -1.175060428003995E-003 -5.680720623585963E-004
  8.680677419555406E-003  7.875996001362229E-003  7.225016282978222E-003
  6.718321844724050E-003  6.249202340671466E-003  9.292157219424942E-003
  9.968964201631136E-003  5.128612531844785E-003  3.677602501228346E-003
  7.346813830351664E-003 -6.556034775926550E-004 -8.281682079990063E-004
  3.832241747423348E-002  0.618965810495707     
 Mean drag value and variance:  4.248813919376242E-003  6.855898246621724E-008
    8  0.4248882E-02  0.2042651E-01  0.1258759E-02  0.5589897E-01  0.4049768E-04
 Calc con  3.225247827324995E-004  4.442366777430420E-004
  8.025378714537719E-003  8.237438586742925E-003  8.209622582158965E-003
  8.029990208326523E-003  7.749734937724018E-003  9.351423310746130E-003
  8.014026548752497E-003  5.470731735650159E-003  2.856602347084034E-003
  7.730776799450656E-003  4.281015145750020E-004  4.867879185591392E-004
  3.511354662650674E-002  0.610917598333214     
 Design variables:  3.225247827324995E-004  4.442366777430420E-004
  8.025378714537719E-003  8.237438586742925E-003  8.209622582158965E-003
  8.029990208326523E-003  7.749734937724018E-003  9.351423310746130E-003
  8.014026548752497E-003  5.470731735650159E-003  2.856602347084034E-003
  7.730776799450656E-003  4.281015145750020E-004  4.867879185591392E-004
  3.511354662650674E-002  0.610917598333214     
 Constraint value, mean lift and its standard deviation: -5.841754759991935E-003
  0.605841754759992       1.852697256939960E-002
 Calc obj  3.225247827324995E-004  4.442366777430420E-004
  8.025378714537719E-003  8.237438586742925E-003  8.209622582158965E-003
  8.029990208326523E-003  7.749734937724018E-003  9.351423310746130E-003
  8.014026548752497E-003  5.470731735650159E-003  2.856602347084034E-003
  7.730776799450656E-003  4.281015145750020E-004  4.867879185591392E-004
  3.511354662650674E-002  0.610917598333214     
 Design variables:  3.225247827324995E-004  4.442366777430420E-004
  8.025378714537719E-003  8.237438586742925E-003  8.209622582158965E-003
  8.029990208326523E-003  7.749734937724018E-003  9.351423310746130E-003
  8.014026548752497E-003  5.470731735650159E-003  2.856602347084034E-003
  7.730776799450656E-003  4.281015145750020E-004  4.867879185591392E-004
  3.511354662650674E-002  0.610917598333214     
 Mean drag value and variance:  4.051715547006175E-003  2.729171346048400E-008
    9  0.4051743E-02  0.8048212E-02  0.5694613E-03  0.3961214E-01  0.3552513E-04
 Calc con  6.650605157739226E-004  6.255805443367159E-004
  8.591355660255951E-003  8.790374139405879E-003  8.821684070486247E-003
  8.753687150269465E-003  8.626397072147138E-003  9.452851142358984E-003
  8.173659560280004E-003  5.281699728807081E-003  2.578111650921683E-003
  8.344335420887241E-003  6.355267629964918E-004  7.410941069874756E-004
  3.270000326440754E-002  0.607152471793515     
 Design variables:  6.650605157739226E-004  6.255805443367159E-004
  8.591355660255951E-003  8.790374139405879E-003  8.821684070486247E-003
  8.753687150269465E-003  8.626397072147138E-003  9.452851142358984E-003
  8.173659560280004E-003  5.281699728807081E-003  2.578111650921683E-003
  8.344335420887241E-003  6.355267629964918E-004  7.410941069874756E-004
  3.270000326440754E-002  0.607152471793515     
 Constraint value, mean lift and its standard deviation: -1.497350502327799E-003
  0.601497350502328       1.816035030669589E-002
 Calc obj  6.650605157739226E-004  6.255805443367159E-004
  8.591355660255951E-003  8.790374139405879E-003  8.821684070486247E-003
  8.753687150269465E-003  8.626397072147138E-003  9.452851142358984E-003
  8.173659560280004E-003  5.281699728807081E-003  2.578111650921683E-003
  8.344335420887241E-003  6.355267629964918E-004  7.410941069874756E-004
  3.270000326440754E-002  0.607152471793515     
 Design variables:  6.650605157739226E-004  6.255805443367159E-004
  8.591355660255951E-003  8.790374139405879E-003  8.821684070486247E-003
  8.753687150269465E-003  8.626397072147138E-003  9.452851142358984E-003
  8.173659560280004E-003  5.281699728807081E-003  2.578111650921683E-003
  8.344335420887241E-003  6.355267629964918E-004  7.410941069874756E-004
  3.270000326440754E-002  0.607152471793515     
 Mean drag value and variance:  3.951091041032102E-003  2.542084777102077E-008
   10  0.3951116E-02  0.3765127E-02  0.1238451E-03  0.1889554E-01  0.2956567E-05
 Calc con  9.826725501794948E-004  7.627778038996882E-004
  9.074490057277243E-003  8.558180160902259E-003  8.280310602977591E-003
  8.111162760896691E-003  7.968858558875372E-003  9.218951334680016E-003
  9.981746495602800E-003  4.152887073888053E-003  5.225115327933573E-003
  8.550535688314858E-003  7.984349107420304E-004  8.864188825822355E-004
  3.103325827383993E-002  0.604418743275322     
 Design variables:  9.826725501794948E-004  7.627778038996882E-004
  9.074490057277243E-003  8.558180160902259E-003  8.280310602977591E-003
  8.111162760896691E-003  7.968858558875372E-003  9.218951334680016E-003
  9.981746495602800E-003  4.152887073888053E-003  5.225115327933573E-003
  8.550535688314858E-003  7.984349107420304E-004  8.864188825822355E-004
  3.103325827383993E-002  0.604418743275322     
 Constraint value, mean lift and its standard deviation: -2.523043622346011E-003
  0.602523043622346       1.815777807250604E-002
 Calc obj  9.826725501794948E-004  7.627778038996882E-004
  9.074490057277243E-003  8.558180160902259E-003  8.280310602977591E-003
  8.111162760896691E-003  7.968858558875372E-003  9.218951334680016E-003
  9.981746495602800E-003  4.152887073888053E-003  5.225115327933573E-003
  8.550535688314858E-003  7.984349107420304E-004  8.864188825822355E-004
  3.103325827383993E-002  0.604418743275322     
 Design variables:  9.826725501794948E-004  7.627778038996882E-004
  9.074490057277243E-003  8.558180160902259E-003  8.280310602977591E-003
  8.111162760896691E-003  7.968858558875372E-003  9.218951334680016E-003
  9.981746495602800E-003  4.152887073888053E-003  5.225115327933573E-003
  8.550535688314858E-003  7.984349107420304E-004  8.864188825822355E-004
  3.103325827383993E-002  0.604418743275322     
 Mean drag value and variance:  3.993249034626251E-003  2.390508654304544E-008
 Calc con  9.824074420956845E-004  7.634035537541801E-004
  9.075864793246739E-003  8.561844473337363E-003  8.284973470880027E-003
  8.116123418113252E-003  7.973741012739084E-003  9.221590933072888E-003
  9.981746495602800E-003  4.166808175892962E-003  5.227770742086250E-003
  8.553621093212857E-003  7.988648362047754E-004  8.867301029548214E-004
  3.106680792801665E-002  0.604458979320360     
 Design variables:  9.824074420956845E-004  7.634035537541801E-004
  9.075864793246739E-003  8.561844473337363E-003  8.284973470880027E-003
  8.116123418113252E-003  7.973741012739084E-003  9.221590933072888E-003
  9.981746495602800E-003  4.166808175892962E-003  5.227770742086250E-003
  8.553621093212857E-003  7.988648362047754E-004  8.867301029548214E-004
  3.106680792801665E-002  0.604458979320360     
 Constraint value, mean lift and its standard deviation: -3.024735295986014E-003
  0.603024735295986       1.819103215685829E-002
 Calc obj  9.824074420956845E-004  7.634035537541801E-004
  9.075864793246739E-003  8.561844473337363E-003  8.284973470880027E-003
  8.116123418113252E-003  7.973741012739084E-003  9.221590933072888E-003
  9.981746495602800E-003  4.166808175892962E-003  5.227770742086250E-003
  8.553621093212857E-003  7.988648362047754E-004  8.867301029548214E-004
  3.106680792801665E-002  0.604458979320360     
 Design variables:  9.824074420956845E-004  7.634035537541801E-004
  9.075864793246739E-003  8.561844473337363E-003  8.284973470880027E-003
  8.116123418113252E-003  7.973741012739084E-003  9.221590933072888E-003
  9.981746495602800E-003  4.166808175892962E-003  5.227770742086250E-003
  8.553621093212857E-003  7.988648362047754E-004  8.867301029548214E-004
  3.106680792801665E-002  0.604458979320360     
 Mean drag value and variance:  3.998663965201772E-003  2.326717766997521E-008
   11  0.3998687E-02  0.2853899E-02  0.4282906E-04  0.1897999E-01  0.1958085E-04
 Calc con  9.245044604603998E-004  7.404068617564345E-004
  9.020621875984316E-003  8.624715716639848E-003  8.392106924468540E-003
  8.244522027741499E-003  8.113015488214042E-003  9.172218788589863E-003
  9.505412845994928E-003  5.518842631737915E-003  9.952287607420864E-003
  8.724428897348193E-003  7.770524954890203E-004  8.656385812266410E-004
  2.776406349657872E-002  0.603405370760778     
 Design variables:  9.245044604603998E-004  7.404068617564345E-004
  9.020621875984316E-003  8.624715716639848E-003  8.392106924468540E-003
  8.244522027741499E-003  8.113015488214042E-003  9.172218788589863E-003
  9.505412845994928E-003  5.518842631737915E-003  9.952287607420864E-003
  8.724428897348193E-003  7.770524954890203E-004  8.656385812266410E-004
  2.776406349657872E-002  0.603405370760778     
 Constraint value, mean lift and its standard deviation: -1.854304971107057E-003
  0.601854304971107       1.817596297790393E-002
 Calc obj  9.245044604603998E-004  7.404068617564345E-004
  9.020621875984316E-003  8.624715716639848E-003  8.392106924468540E-003
  8.244522027741499E-003  8.113015488214042E-003  9.172218788589863E-003
  9.505412845994928E-003  5.518842631737915E-003  9.952287607420864E-003
  8.724428897348193E-003  7.770524954890203E-004  8.656385812266410E-004
  2.776406349657872E-002  0.603405370760778     
 Design variables:  9.245044604603998E-004  7.404068617564345E-004
  9.020621875984316E-003  8.624715716639848E-003  8.392106924468540E-003
  8.244522027741499E-003  8.113015488214042E-003  9.172218788589863E-003
  9.505412845994928E-003  5.518842631737915E-003  9.952287607420864E-003
  8.724428897348193E-003  7.770524954890203E-004  8.656385812266410E-004
  2.776406349657872E-002  0.603405370760778     
 Mean drag value and variance:  4.034123638634188E-003  2.371284249120465E-008
 Calc con  9.251081152427535E-004  7.411231070473827E-004
  9.022587658286103E-003  8.627125782932977E-003  8.394653663933396E-003
  8.247012631376290E-003  8.115336316910910E-003  9.174047466214356E-003
  9.506942112611480E-003  5.525011626271521E-003  9.952287607420863E-003
  8.726877735877844E-003  7.777079374088504E-004  8.662501097887542E-004
  2.779098402063467E-002  0.603421843579917     
 Design variables:  9.251081152427535E-004  7.411231070473827E-004
  9.022587658286103E-003  8.627125782932977E-003  8.394653663933396E-003
  8.247012631376290E-003  8.115336316910910E-003  9.174047466214356E-003
  9.506942112611480E-003  5.525011626271521E-003  9.952287607420863E-003
  8.726877735877844E-003  7.777079374088504E-004  8.662501097887542E-004
  2.779098402063467E-002  0.603421843579917     
 Constraint value, mean lift and its standard deviation: -2.229176214709860E-003
  0.602229176214710       1.816104922052137E-002
 Calc obj  9.251081152427535E-004  7.411231070473827E-004
  9.022587658286103E-003  8.627125782932977E-003  8.394653663933396E-003
  8.247012631376290E-003  8.115336316910910E-003  9.174047466214356E-003
  9.506942112611480E-003  5.525011626271521E-003  9.952287607420863E-003
  8.726877735877844E-003  7.777079374088504E-004  8.662501097887542E-004
  2.779098402063467E-002  0.603421843579917     
 Design variables:  9.251081152427535E-004  7.411231070473827E-004
  9.022587658286103E-003  8.627125782932977E-003  8.394653663933396E-003
  8.247012631376290E-003  8.115336316910910E-003  9.174047466214356E-003
  9.506942112611480E-003  5.525011626271521E-003  9.952287607420863E-003
  8.726877735877844E-003  7.777079374088504E-004  8.662501097887542E-004
  2.779098402063467E-002  0.603421843579917     
 Mean drag value and variance:  4.036585320403335E-003  2.349696455895478E-008
 Calc con  9.251057183565044E-004  7.411202631065425E-004
  9.022579852903447E-003  8.627116213465581E-003  8.394643551788206E-003
  8.247002742125380E-003  8.115327101772467E-003  9.174040205222842E-003
  9.506936040468541E-003  5.524987131512919E-003  9.952287607420861E-003
  8.726868012460472E-003  7.777053348953432E-004  8.662476816386851E-004
  2.779087712935207E-002  0.603421778172544     
 Design variables:  9.251057183565044E-004  7.411202631065425E-004
  9.022579852903447E-003  8.627116213465581E-003  8.394643551788206E-003
  8.247002742125380E-003  8.115327101772467E-003  9.174040205222842E-003
  9.506936040468541E-003  5.524987131512919E-003  9.952287607420861E-003
  8.726868012460472E-003  7.777053348953432E-004  8.662476816386851E-004
  2.779087712935207E-002  0.603421778172544     
 Constraint value, mean lift and its standard deviation: -2.232151854883124E-003
  0.602232151854883       1.814011158365204E-002
 Calc obj  9.251057183565044E-004  7.411202631065425E-004
  9.022579852903447E-003  8.627116213465581E-003  8.394643551788206E-003
  8.247002742125380E-003  8.115327101772467E-003  9.174040205222842E-003
  9.506936040468541E-003  5.524987131512919E-003  9.952287607420861E-003
  8.726868012460472E-003  7.777053348953432E-004  8.662476816386851E-004
  2.779087712935207E-002  0.603421778172544     
 Design variables:  9.251057183565044E-004  7.411202631065425E-004
  9.022579852903447E-003  8.627116213465581E-003  8.394643551788206E-003
  8.247002742125380E-003  8.115327101772467E-003  9.174040205222842E-003
  9.506936040468541E-003  5.524987131512919E-003  9.952287607420861E-003
  8.726868012460472E-003  7.777053348953432E-004  8.662476816386851E-004
  2.779087712935207E-002  0.603421778172544     
 Mean drag value and variance:  4.036577290064632E-003  2.324183093298769E-008
 Calc con  9.251015823685955E-004  7.411153556959663E-004
  9.022566384192406E-003  8.627099700708057E-003  8.394626102603768E-003
  8.246985677559967E-003  8.115311200433307E-003  9.174027675895209E-003
  9.506925562578828E-003  5.524944864164843E-003  9.952287607420863E-003
  8.726851234051940E-003  7.777008440838153E-004  8.662434917029588E-004
  2.779069268127801E-002  0.603421665307737     
 Design variables:  9.251015823685955E-004  7.411153556959663E-004
  9.022566384192406E-003  8.627099700708057E-003  8.394626102603768E-003
  8.246985677559967E-003  8.115311200433307E-003  9.174027675895209E-003
  9.506925562578828E-003  5.524944864164843E-003  9.952287607420863E-003
  8.726851234051940E-003  7.777008440838153E-004  8.662434917029588E-004
  2.779069268127801E-002  0.603421665307737     
 Constraint value, mean lift and its standard deviation: -2.324007639173953E-003
  0.602324007639174       1.831322578365831E-002
 Calc obj  9.251015823685955E-004  7.411153556959663E-004
  9.022566384192406E-003  8.627099700708057E-003  8.394626102603768E-003
  8.246985677559967E-003  8.115311200433307E-003  9.174027675895209E-003
  9.506925562578828E-003  5.524944864164843E-003  9.952287607420863E-003
  8.726851234051940E-003  7.777008440838153E-004  8.662434917029588E-004
  2.779069268127801E-002  0.603421665307737     
 Design variables:  9.251015823685955E-004  7.411153556959663E-004
  9.022566384192406E-003  8.627099700708057E-003  8.394626102603768E-003
  8.246985677559967E-003  8.115311200433307E-003  9.174027675895209E-003
  9.506925562578828E-003  5.524944864164843E-003  9.952287607420863E-003
  8.726851234051940E-003  7.777008440838153E-004  8.662434917029588E-004
  2.779069268127801E-002  0.603421665307737     
 Mean drag value and variance:  4.037015180479085E-003  2.339758225156834E-008
 Calc con  9.250138719934834E-004  7.410112860439381E-004
  9.022280758188726E-003  8.626749520729674E-003  8.394256064164033E-003
  8.246623795594521E-003  8.114973986579382E-003  9.173761971050144E-003
  9.506703361823561E-003  5.524048516052445E-003  9.952287607420863E-003
  8.726495420510298E-003  7.776056090946531E-004  8.661546372763139E-004
  2.778678115877809E-002  0.603419271825256     
 Design variables:  9.250138719934834E-004  7.410112860439381E-004
  9.022280758188726E-003  8.626749520729674E-003  8.394256064164033E-003
  8.246623795594521E-003  8.114973986579382E-003  9.173761971050144E-003
  9.506703361823561E-003  5.524048516052445E-003  9.952287607420863E-003
  8.726495420510298E-003  7.776056090946531E-004  8.661546372763139E-004
  2.778678115877809E-002  0.603419271825256     
 Constraint value, mean lift and its standard deviation: -2.203942555751404E-003
  0.602203942555751       1.814644463226218E-002
 Calc obj  9.250138719934834E-004  7.410112860439381E-004
  9.022280758188726E-003  8.626749520729674E-003  8.394256064164033E-003
  8.246623795594521E-003  8.114973986579382E-003  9.173761971050144E-003
  9.506703361823561E-003  5.524048516052445E-003  9.952287607420863E-003
  8.726495420510298E-003  7.776056090946531E-004  8.661546372763139E-004
  2.778678115877809E-002  0.603419271825256     
 Design variables:  9.250138719934834E-004  7.410112860439381E-004
  9.022280758188726E-003  8.626749520729674E-003  8.394256064164033E-003
  8.246623795594521E-003  8.114973986579382E-003  9.173761971050144E-003
  9.506703361823561E-003  5.524048516052445E-003  9.952287607420863E-003
  8.726495420510298E-003  7.776056090946531E-004  8.661546372763139E-004
  2.778678115877809E-002  0.603419271825256     
 Mean drag value and variance:  4.037175074951200E-003  2.362563164751136E-008
 Calc con  9.534559512780422E-004  7.519052077553073E-004
  9.048243334615527E-003  8.593280094988606E-003  8.338540197674283E-003
  8.180322722927375E-003  8.043378250476563E-003  9.196904860831375E-003
  9.743579670798863E-003  4.842825403815439E-003  7.590029174753557E-003
  8.639024995280525E-003  7.879586658468979E-004  8.761843420907312E-004
  2.941543571229769E-002  0.603932175040569     
 Design variables:  9.534559512780422E-004  7.519052077553073E-004
  9.048243334615527E-003  8.593280094988606E-003  8.338540197674283E-003
  8.180322722927375E-003  8.043378250476563E-003  9.196904860831375E-003
  9.743579670798863E-003  4.842825403815439E-003  7.590029174753557E-003
  8.639024995280525E-003  7.879586658468979E-004  8.761843420907312E-004
  2.941543571229769E-002  0.603932175040569     
 Constraint value, mean lift and its standard deviation: -2.419100394273399E-003
  0.602419100394273       1.829171784722818E-002
 Calc obj  9.534559512780422E-004  7.519052077553073E-004
  9.048243334615527E-003  8.593280094988606E-003  8.338540197674283E-003
  8.180322722927375E-003  8.043378250476563E-003  9.196904860831375E-003
  9.743579670798863E-003  4.842825403815439E-003  7.590029174753557E-003
  8.639024995280525E-003  7.879586658468979E-004  8.761843420907312E-004
  2.941543571229769E-002  0.603932175040569     
 Design variables:  9.534559512780422E-004  7.519052077553073E-004
  9.048243334615527E-003  8.593280094988606E-003  8.338540197674283E-003
  8.180322722927375E-003  8.043378250476563E-003  9.196904860831375E-003
  9.743579670798863E-003  4.842825403815439E-003  7.590029174753557E-003
  8.639024995280525E-003  7.879586658468979E-004  8.761843420907312E-004
  2.941543571229769E-002  0.603932175040569     
 Mean drag value and variance:  4.010354019097237E-003  2.398299894201377E-008
   12  0.4010378E-02  0.8169218E-02  0.3748910E-03  0.9103038E-02  0.1242978E-04
 Calc con  9.064875880595857E-004  7.876632703358249E-004
  9.145575327982191E-003  8.991642617286520E-003  8.879401102075380E-003
  8.799009462351549E-003  8.722312195470410E-003  9.133006722561602E-003
  9.073887402291262E-003  9.404546666440250E-003  9.594480830652289E-003
  9.236474330503074E-003  8.246490174794676E-004  9.041388587923948E-004
  2.500094685816840E-002  0.601944084067638     
 Design variables:  9.064875880595857E-004  7.876632703358249E-004
  9.145575327982191E-003  8.991642617286520E-003  8.879401102075380E-003
  8.799009462351549E-003  8.722312195470410E-003  9.133006722561602E-003
  9.073887402291262E-003  9.404546666440250E-003  9.594480830652289E-003
  9.236474330503074E-003  8.246490174794676E-004  9.041388587923948E-004
  2.500094685816840E-002  0.601944084067638     
 Constraint value, mean lift and its standard deviation: -9.679029867651900E-004
  0.600967902986765       1.820304979945188E-002
 Calc obj  9.064875880595857E-004  7.876632703358249E-004
  9.145575327982191E-003  8.991642617286520E-003  8.879401102075380E-003
  8.799009462351549E-003  8.722312195470410E-003  9.133006722561602E-003
  9.073887402291262E-003  9.404546666440250E-003  9.594480830652289E-003
  9.236474330503074E-003  8.246490174794676E-004  9.041388587923948E-004
  2.500094685816840E-002  0.601944084067638     
 Design variables:  9.064875880595857E-004  7.876632703358249E-004
  9.145575327982191E-003  8.991642617286520E-003  8.879401102075380E-003
  8.799009462351549E-003  8.722312195470410E-003  9.133006722561602E-003
  9.073887402291262E-003  9.404546666440250E-003  9.594480830652289E-003
  9.236474330503074E-003  8.246490174794676E-004  9.041388587923948E-004
  2.500094685816840E-002  0.601944084067638     
 Mean drag value and variance:  4.077044525629438E-003  2.391126977711885E-008
 Calc con  9.075141098351708E-004  7.891025943038213E-004
  9.149336163195358E-003  8.997192910012159E-003  8.885596654061358E-003
  8.805211166452605E-003  8.728253266204336E-003  9.138587505432092E-003
  9.075109879705376E-003  9.426643812644148E-003  9.601295473958786E-003
  9.241493460407155E-003  8.259170173108203E-004  9.053426502474652E-004
  2.502886810647112E-002  0.601956850079440     
 Design variables:  9.075141098351708E-004  7.891025943038213E-004
  9.149336163195358E-003  8.997192910012159E-003  8.885596654061358E-003
  8.805211166452605E-003  8.728253266204336E-003  9.138587505432092E-003
  9.075109879705376E-003  9.426643812644148E-003  9.601295473958786E-003
  9.241493460407155E-003  8.259170173108203E-004  9.053426502474652E-004
  2.502886810647112E-002  0.601956850079440     
 Constraint value, mean lift and its standard deviation: -1.888371303931380E-003
  0.601888371303931       1.804359074295164E-002
 Calc obj  9.075141098351708E-004  7.891025943038213E-004
  9.149336163195358E-003  8.997192910012159E-003  8.885596654061358E-003
  8.805211166452605E-003  8.728253266204336E-003  9.138587505432092E-003
  9.075109879705376E-003  9.426643812644148E-003  9.601295473958786E-003
  9.241493460407155E-003  8.259170173108203E-004  9.053426502474652E-004
  2.502886810647112E-002  0.601956850079440     
 Design variables:  9.075141098351708E-004  7.891025943038213E-004
  9.149336163195358E-003  8.997192910012159E-003  8.885596654061358E-003
  8.805211166452605E-003  8.728253266204336E-003  9.138587505432092E-003
  9.075109879705376E-003  9.426643812644148E-003  9.601295473958786E-003
  9.241493460407155E-003  8.259170173108203E-004  9.053426502474652E-004
  2.502886810647112E-002  0.601956850079440     
 Mean drag value and variance:  4.080677397931409E-003  2.358800435369319E-008
   13  0.4080701E-02  0.4561721E-02  0.3277307E-03  0.1029132E-01  0.9881049E-05
 Calc con  9.836494331993875E-004  8.819683561764353E-004
  9.321452823351273E-003  9.235286006104600E-003  9.162131226938416E-003
  9.103919995192448E-003  9.049584529177968E-003  8.995718687378782E-003
  9.267556409674785E-003  9.265473671725507E-003  9.320035552354569E-003
  9.595512191815590E-003  9.077542556372456E-004  9.747393779987263E-004
  2.418445542957883E-002  0.602255628341248     
 Design variables:  9.836494331993875E-004  8.819683561764353E-004
  9.321452823351273E-003  9.235286006104600E-003  9.162131226938416E-003
  9.103919995192448E-003  9.049584529177968E-003  8.995718687378782E-003
  9.267556409674785E-003  9.265473671725507E-003  9.320035552354569E-003
  9.595512191815590E-003  9.077542556372456E-004  9.747393779987263E-004
  2.418445542957883E-002  0.602255628341248     
 Constraint value, mean lift and its standard deviation: -1.021517809740913E-003
  0.601021517809741       1.823413084954485E-002
 Calc obj  9.836494331993875E-004  8.819683561764353E-004
  9.321452823351273E-003  9.235286006104600E-003  9.162131226938416E-003
  9.103919995192448E-003  9.049584529177968E-003  8.995718687378782E-003
  9.267556409674785E-003  9.265473671725507E-003  9.320035552354569E-003
  9.595512191815590E-003  9.077542556372456E-004  9.747393779987263E-004
  2.418445542957883E-002  0.602255628341248     
 Design variables:  9.836494331993875E-004  8.819683561764353E-004
  9.321452823351273E-003  9.235286006104600E-003  9.162131226938416E-003
  9.103919995192448E-003  9.049584529177968E-003  8.995718687378782E-003
  9.267556409674785E-003  9.265473671725507E-003  9.320035552354569E-003
  9.595512191815590E-003  9.077542556372456E-004  9.747393779987263E-004
  2.418445542957883E-002  0.602255628341248     
 Mean drag value and variance:  4.059121218840312E-003  2.375112867402927E-008
   14  0.4059145E-02  0.8444127E-03  0.3559955E-03  0.2068679E-02  0.9881049E-05
 Calc con  9.805983572544088E-004  8.799260235164906E-004
  9.318855754575474E-003  9.217345126177586E-003  9.133701341023311E-003
  9.068114333777626E-003  9.005950108710638E-003  9.197668991168553E-003
  9.288268907037553E-003  9.358137741678440E-003  9.418061036442530E-003
  9.480273962907165E-003  9.060747577539044E-004  9.738391477079454E-004
  2.411353753185730E-002  0.602456939328304     
 Design variables:  9.805983572544088E-004  8.799260235164906E-004
  9.318855754575474E-003  9.217345126177586E-003  9.133701341023311E-003
  9.068114333777626E-003  9.005950108710638E-003  9.197668991168553E-003
  9.288268907037553E-003  9.358137741678440E-003  9.418061036442530E-003
  9.480273962907165E-003  9.060747577539044E-004  9.738391477079454E-004
  2.411353753185730E-002  0.602456939328304     
 Constraint value, mean lift and its standard deviation: -1.287259559027754E-003
  0.601287259559028       1.829927592189504E-002
 Calc obj  9.805983572544088E-004  8.799260235164906E-004
  9.318855754575474E-003  9.217345126177586E-003  9.133701341023311E-003
  9.068114333777626E-003  9.005950108710638E-003  9.197668991168553E-003
  9.288268907037553E-003  9.358137741678440E-003  9.418061036442530E-003
  9.480273962907165E-003  9.060747577539044E-004  9.738391477079454E-004
  2.411353753185730E-002  0.602456939328304     
 Design variables:  9.805983572544088E-004  8.799260235164906E-004
  9.318855754575474E-003  9.217345126177586E-003  9.133701341023311E-003
  9.068114333777626E-003  9.005950108710638E-003  9.197668991168553E-003
  9.288268907037553E-003  9.358137741678440E-003  9.418061036442530E-003
  9.480273962907165E-003  9.060747577539044E-004  9.738391477079454E-004
  2.411353753185730E-002  0.602456939328304     
 Mean drag value and variance:  4.064005832459466E-003  1.763347628270099E-008
   15  0.4064023E-02  0.2019503E-03  0.9553931E-04  0.2035364E-01  0.9881049E-05
 Calc con  9.773705983548320E-004  8.760351765601750E-004
  9.312182369900305E-003  9.210684149744418E-003  9.127121737185773E-003
  9.061699761720362E-003  8.999801007441299E-003  9.169550925739260E-003
  9.279523772584161E-003  9.352373114233837E-003  9.413742115847695E-003
  9.475314341135696E-003  9.023481175314339E-004  9.704830371336861E-004
  2.417582176968056E-002  0.602460412880123     
 Design variables:  9.773705983548320E-004  8.760351765601750E-004
  9.312182369900305E-003  9.210684149744418E-003  9.127121737185773E-003
  9.061699761720362E-003  8.999801007441299E-003  9.169550925739260E-003
  9.279523772584161E-003  9.352373114233837E-003  9.413742115847695E-003
  9.475314341135696E-003  9.023481175314339E-004  9.704830371336861E-004
  2.417582176968056E-002  0.602460412880123     
 Constraint value, mean lift and its standard deviation: -1.542264757501077E-003
  0.601542264757501       1.821416566158402E-002
 Calc obj  9.773705983548320E-004  8.760351765601750E-004
  9.312182369900305E-003  9.210684149744418E-003  9.127121737185773E-003
  9.061699761720362E-003  8.999801007441299E-003  9.169550925739260E-003
  9.279523772584161E-003  9.352373114233837E-003  9.413742115847695E-003
  9.475314341135696E-003  9.023481175314339E-004  9.704830371336861E-004
  2.417582176968056E-002  0.602460412880123     
 Design variables:  9.773705983548320E-004  8.760351765601750E-004
  9.312182369900305E-003  9.210684149744418E-003  9.127121737185773E-003
  9.061699761720362E-003  8.999801007441299E-003  9.169550925739260E-003
  9.279523772584161E-003  9.352373114233837E-003  9.413742115847695E-003
  9.475314341135696E-003  9.023481175314339E-004  9.704830371336861E-004
  2.417582176968056E-002  0.602460412880123     
 Mean drag value and variance:  4.073619521337881E-003  2.398080121785711E-008
 Calc con  9.762618004107423E-004  8.747227296396333E-004
  9.309951044973230E-003  9.208463308033257E-003  9.124987485564957E-003
  9.059697643711588E-003  8.997979638895802E-003  9.165779091339263E-003
  9.276796239997279E-003  9.349504926699576E-003  9.411078750569695E-003
  9.473545777260048E-003  9.010949149373618E-004  9.693564210065997E-004
  2.417543742445926E-002  0.602457251902685     
 Design variables:  9.762618004107423E-004  8.747227296396333E-004
  9.309951044973230E-003  9.208463308033257E-003  9.124987485564957E-003
  9.059697643711588E-003  8.997979638895802E-003  9.165779091339263E-003
  9.276796239997279E-003  9.349504926699576E-003  9.411078750569695E-003
  9.473545777260048E-003  9.010949149373618E-004  9.693564210065997E-004
  2.417543742445926E-002  0.602457251902685     
 Constraint value, mean lift and its standard deviation: -1.260634067363986E-003
  0.601260634067364       1.815238022245216E-002
 Calc obj  9.762618004107423E-004  8.747227296396333E-004
  9.309951044973230E-003  9.208463308033257E-003  9.124987485564957E-003
  9.059697643711588E-003  8.997979638895802E-003  9.165779091339263E-003
  9.276796239997279E-003  9.349504926699576E-003  9.411078750569695E-003
  9.473545777260048E-003  9.010949149373618E-004  9.693564210065997E-004
  2.417543742445926E-002  0.602457251902685     
 Design variables:  9.762618004107423E-004  8.747227296396333E-004
  9.309951044973230E-003  9.208463308033257E-003  9.124987485564957E-003
  9.059697643711588E-003  8.997979638895802E-003  9.165779091339263E-003
  9.276796239997279E-003  9.349504926699576E-003  9.411078750569695E-003
  9.473545777260048E-003  9.010949149373618E-004  9.693564210065997E-004
  2.417543742445926E-002  0.602457251902685     
 Mean drag value and variance:  4.073220172431265E-003  2.381573986026287E-008
 Calc con  9.772677311654645E-004  8.759134161198444E-004
  9.311975361829053E-003  9.210478114238965E-003  9.126923734955694E-003
  9.061514018002634E-003  8.999632032504003E-003  9.169200999041113E-003
  9.279270729536403E-003  9.352107022118677E-003  9.413495025832903E-003
  9.475150265078310E-003  9.022318534012132E-004  9.703785168871370E-004
  2.417578611258643E-002  0.602460119624831     
 Design variables:  9.772677311654645E-004  8.759134161198444E-004
  9.311975361829053E-003  9.210478114238965E-003  9.126923734955694E-003
  9.061514018002634E-003  8.999632032504003E-003  9.169200999041113E-003
  9.279270729536403E-003  9.352107022118677E-003  9.413495025832903E-003
  9.475150265078310E-003  9.022318534012132E-004  9.703785168871370E-004
  2.417578611258643E-002  0.602460119624831     
 Constraint value, mean lift and its standard deviation: -1.437635275956084E-003
  0.601437635275956       1.814599738902301E-002
 Calc obj  9.772677311654645E-004  8.759134161198444E-004
  9.311975361829053E-003  9.210478114238965E-003  9.126923734955694E-003
  9.061514018002634E-003  8.999632032504003E-003  9.169200999041113E-003
  9.279270729536403E-003  9.352107022118677E-003  9.413495025832903E-003
  9.475150265078310E-003  9.022318534012132E-004  9.703785168871370E-004
  2.417578611258643E-002  0.602460119624831     
 Design variables:  9.772677311654645E-004  8.759134161198444E-004
  9.311975361829053E-003  9.210478114238965E-003  9.126923734955694E-003
  9.061514018002634E-003  8.999632032504003E-003  9.169200999041113E-003
  9.279270729536403E-003  9.352107022118677E-003  9.413495025832903E-003
  9.475150265078310E-003  9.022318534012132E-004  9.703785168871370E-004
  2.417578611258643E-002  0.602460119624831     
 Mean drag value and variance:  4.074103739489048E-003  2.427135013356732E-008
   16  0.4074128E-02  0.6228424E-04  0.4448850E-04  0.1362895E-02  0.9881049E-05
 
 The solution was found.
 
 The final value of the objective function is   4.074128010839182E-003
 
 The optimal values of X are:
 
 X  (           1 ) =   9.772677311654645E-004
 X  (           2 ) =   8.759134161198444E-004
 X  (           3 ) =   9.311975361829053E-003
 X  (           4 ) =   9.210478114238965E-003
 X  (           5 ) =   9.126923734955694E-003
 X  (           6 ) =   9.061514018002634E-003
 X  (           7 ) =   8.999632032504003E-003
 X  (           8 ) =   9.169200999041113E-003
 X  (           9 ) =   9.279270729536403E-003
 X  (          10 ) =   9.352107022118677E-003
 X  (          11 ) =   9.413495025832903E-003
 X  (          12 ) =   9.475150265078310E-003
 X  (          13 ) =   9.022318534012132E-004
 X  (          14 ) =   9.703785168871370E-004
 X  (          15 ) =    1.38517051066219     
 X  (          16 ) =   0.602460119624831     
 
 The multipliers for the equality constraints are:
 
 LAM(           1 ) =   7.092161468321049E-003
 
Mean drag, variance, SD, CV:       0.0041       0.0000       0.0002       0.0382
