 Calc con  0.000000000000000E+000  0.000000000000000E+000
  0.000000000000000E+000  0.000000000000000E+000  0.000000000000000E+000
  0.000000000000000E+000  0.000000000000000E+000  0.000000000000000E+000
  0.000000000000000E+000  0.000000000000000E+000  0.000000000000000E+000
  0.000000000000000E+000  0.000000000000000E+000  0.000000000000000E+000
  3.490658503988659E-002  0.650000000000000     
 Design variables:  0.000000000000000E+000  0.000000000000000E+000
  0.000000000000000E+000  0.000000000000000E+000  0.000000000000000E+000
  0.000000000000000E+000  0.000000000000000E+000  0.000000000000000E+000
  0.000000000000000E+000  0.000000000000000E+000  0.000000000000000E+000
  0.000000000000000E+000  0.000000000000000E+000  0.000000000000000E+000
  3.490658503988659E-002  0.650000000000000     
 Constraint value, mean lift and its standard deviation:  0.275570479481528     
  0.324429520518472       1.750228539535013E-002
 Calc obj  0.000000000000000E+000  0.000000000000000E+000
  0.000000000000000E+000  0.000000000000000E+000  0.000000000000000E+000
  0.000000000000000E+000  0.000000000000000E+000  0.000000000000000E+000
  0.000000000000000E+000  0.000000000000000E+000  0.000000000000000E+000
  0.000000000000000E+000  0.000000000000000E+000  0.000000000000000E+000
  3.490658503988659E-002  0.650000000000000     
 Design variables:  0.000000000000000E+000  0.000000000000000E+000
  0.000000000000000E+000  0.000000000000000E+000  0.000000000000000E+000
  0.000000000000000E+000  0.000000000000000E+000  0.000000000000000E+000
  0.000000000000000E+000  0.000000000000000E+000  0.000000000000000E+000
  0.000000000000000E+000  0.000000000000000E+000  0.000000000000000E+000
  3.490658503988659E-002  0.650000000000000     
 Mean drag value and variance:  2.611789164946087E-003  1.243107099828543E-008
 
 iter    objective      ||grad||        inf_pr          inf_du         lg(mu)
    0  0.2611802E-02  0.0000000E+00  0.2855705E+00  0.9956331E+00  0.1000000E+01
 Calc con  7.147803961667820E-004  5.080066707807742E-004
  2.869993498562472E-003  2.550703122067718E-003  2.276286346068533E-003
  2.020392236903930E-003  1.747038676173181E-003  2.248346887875911E-003
  2.448184872069943E-003  2.616860654481755E-003  2.810458633010282E-003
  3.071037064182399E-003  5.227968244963909E-004  7.202011731724868E-004
  5.313405270033460E-002  0.663257385415072     
 Design variables:  7.147803961667820E-004  5.080066707807742E-004
  2.869993498562472E-003  2.550703122067718E-003  2.276286346068533E-003
  2.020392236903930E-003  1.747038676173181E-003  2.248346887875911E-003
  2.448184872069943E-003  2.616860654481755E-003  2.810458633010282E-003
  3.071037064182399E-003  5.227968244963909E-004  7.202011731724868E-004
  5.313405270033460E-002  0.663257385415072     
 Constraint value, mean lift and its standard deviation: -4.616457858407919E-002
  0.646164578584079       2.073439831848970E-002
 Calc obj  7.147803961667820E-004  5.080066707807742E-004
  2.869993498562472E-003  2.550703122067718E-003  2.276286346068533E-003
  2.020392236903930E-003  1.747038676173181E-003  2.248346887875911E-003
  2.448184872069943E-003  2.616860654481755E-003  2.810458633010282E-003
  3.071037064182399E-003  5.227968244963909E-004  7.202011731724868E-004
  5.313405270033460E-002  0.663257385415072     
 Design variables:  7.147803961667820E-004  5.080066707807742E-004
  2.869993498562472E-003  2.550703122067718E-003  2.276286346068533E-003
  2.020392236903930E-003  1.747038676173181E-003  2.248346887875911E-003
  2.448184872069943E-003  2.616860654481755E-003  2.810458633010282E-003
  3.071037064182399E-003  5.227968244963909E-004  7.202011731724868E-004
  5.313405270033460E-002  0.663257385415072     
 Mean drag value and variance:  6.169638123476557E-003  1.812192068615592E-006
    1  0.6171450E-02  0.2451869E-01  0.1164589E-01  0.4029372E+00  0.2569640E-01
 Calc con  6.685209752980523E-004  4.756678250722120E-004
  2.856591887514999E-003  2.550575205737686E-003  2.287925357400850E-003
  2.042165786590192E-003  1.777087393309758E-003  1.736230694135447E-003
  2.294022626680802E-003  2.824516188332424E-003  3.143502600146823E-003
  3.277525899684801E-003  4.896655321671085E-004  6.736362903801834E-004
  5.307473774761638E-002  0.658146801590337     
 Design variables:  6.685209752980523E-004  4.756678250722120E-004
  2.856591887514999E-003  2.550575205737686E-003  2.287925357400850E-003
  2.042165786590192E-003  1.777087393309758E-003  1.736230694135447E-003
  2.294022626680802E-003  2.824516188332424E-003  3.143502600146823E-003
  3.277525899684801E-003  4.896655321671085E-004  6.736362903801834E-004
  5.307473774761638E-002  0.658146801590337     
 Constraint value, mean lift and its standard deviation: -2.206441776868773E-002
  0.622064417768688       9.449009537585139E-002
 Calc obj  6.685209752980523E-004  4.756678250722120E-004
  2.856591887514999E-003  2.550575205737686E-003  2.287925357400850E-003
  2.042165786590192E-003  1.777087393309758E-003  1.736230694135447E-003
  2.294022626680802E-003  2.824516188332424E-003  3.143502600146823E-003
  3.277525899684801E-003  4.896655321671085E-004  6.736362903801834E-004
  5.307473774761638E-002  0.658146801590337     
 Design variables:  6.685209752980523E-004  4.756678250722120E-004
  2.856591887514999E-003  2.550575205737686E-003  2.287925357400850E-003
  2.042165786590192E-003  1.777087393309758E-003  1.736230694135447E-003
  2.294022626680802E-003  2.824516188332424E-003  3.143502600146823E-003
  3.277525899684801E-003  4.896655321671085E-004  6.736362903801834E-004
  5.307473774761638E-002  0.658146801590337     
 Mean drag value and variance:  5.481193834979033E-003  1.235620475192951E-006
    2  0.5482429E-02  0.5737380E-02  0.1819165E-01  0.2703470E+00  0.1829155E-02
 Calc con  4.586609973139951E-004  3.347964787488706E-004
  3.974012436447927E-003  3.631926580062823E-003  3.329071055367888E-003
  3.034129714099662E-003  2.699093893158447E-003  8.875650382308341E-004
  3.000017042497099E-003  4.288880281079328E-003  4.614078988462136E-003
  4.524031022543315E-003  3.456258843989203E-004  4.647033228385549E-004
  4.536001266419087E-002  0.640871834694762     
 Design variables:  4.586609973139951E-004  3.347964787488706E-004
  3.974012436447927E-003  3.631926580062823E-003  3.329071055367888E-003
  3.034129714099662E-003  2.699093893158447E-003  8.875650382308341E-004
  3.000017042497099E-003  4.288880281079328E-003  4.614078988462136E-003
  4.524031022543315E-003  3.456258843989203E-004  4.647033228385549E-004
  4.536001266419087E-002  0.640871834694762     
 Constraint value, mean lift and its standard deviation:  2.123404982665111E-002
  0.578765950173349       1.992118486923670E-002
 Calc obj  4.586609973139951E-004  3.347964787488706E-004
  3.974012436447927E-003  3.631926580062823E-003  3.329071055367888E-003
  3.034129714099662E-003  2.699093893158447E-003  8.875650382308341E-004
  3.000017042497099E-003  4.288880281079328E-003  4.614078988462136E-003
  4.524031022543315E-003  3.456258843989203E-004  4.647033228385549E-004
  4.536001266419087E-002  0.640871834694762     
 Design variables:  4.586609973139951E-004  3.347964787488706E-004
  3.974012436447927E-003  3.631926580062823E-003  3.329071055367888E-003
  3.034129714099662E-003  2.699093893158447E-003  8.875650382308341E-004
  3.000017042497099E-003  4.288880281079328E-003  4.614078988462136E-003
  4.524031022543315E-003  3.456258843989203E-004  4.647033228385549E-004
  4.536001266419087E-002  0.640871834694762     
 Mean drag value and variance:  3.926573970615682E-003  9.089806582957170E-008
    3  0.3926665E-02  0.1727497E-01  0.4505966E-01  0.2837877E+00  0.8425304E-03
 Calc con  4.713714582738873E-004  3.454378894957067E-004
  4.684389398529368E-003  4.305085015434210E-003  3.969624612430436E-003
  3.643618670281814E-003  3.270020887948397E-003  1.347154698013129E-003
  3.910082184692023E-003  5.218129639986141E-003  5.501416921516966E-003
  5.397594190138410E-003  3.580849029075600E-004  4.764443534633968E-004
  4.596118113829444E-002  0.641529485004847     
 Design variables:  4.713714582738873E-004  3.454378894957067E-004
  4.684389398529368E-003  4.305085015434210E-003  3.969624612430436E-003
  3.643618670281814E-003  3.270020887948397E-003  1.347154698013129E-003
  3.910082184692023E-003  5.218129639986141E-003  5.501416921516966E-003
  5.397594190138410E-003  3.580849029075600E-004  4.764443534633968E-004
  4.596118113829444E-002  0.641529485004847     
 Constraint value, mean lift and its standard deviation: -1.818970428833133E-002
  0.618189704288331       2.062359240218512E-002
 Calc obj  4.713714582738873E-004  3.454378894957067E-004
  4.684389398529368E-003  4.305085015434210E-003  3.969624612430436E-003
  3.643618670281814E-003  3.270020887948397E-003  1.347154698013129E-003
  3.910082184692023E-003  5.218129639986141E-003  5.501416921516966E-003
  5.397594190138410E-003  3.580849029075600E-004  4.764443534633968E-004
  4.596118113829444E-002  0.641529485004847     
 Design variables:  4.713714582738873E-004  3.454378894957067E-004
  4.684389398529368E-003  4.305085015434210E-003  3.969624612430436E-003
  3.643618670281814E-003  3.270020887948397E-003  1.347154698013129E-003
  3.910082184692023E-003  5.218129639986141E-003  5.501416921516966E-003
  5.397594190138410E-003  3.580849029075600E-004  4.764443534633968E-004
  4.596118113829444E-002  0.641529485004847     
 Mean drag value and variance:  4.280537464017567E-003  4.205958516840733E-008
    4  0.4280580E-02  0.5314578E-02  0.3213284E-03  0.1951210E-01  0.6514618E-04
 Calc con  5.488229329080001E-004  4.086380012970283E-004
  5.138748962483158E-003  4.698967249354825E-003  4.340776413688214E-003
  4.023704857888892E-003  3.677351680305326E-003  2.684782324164953E-003
  4.219507646110059E-003  5.558267566806523E-003  6.060806351311867E-003
  6.173780637657206E-003  4.322981842125823E-004  5.438381896456543E-004
  4.322203209922119E-002  0.633368894252335     
 Design variables:  5.488229329080001E-004  4.086380012970283E-004
  5.138748962483158E-003  4.698967249354825E-003  4.340776413688214E-003
  4.023704857888892E-003  3.677351680305326E-003  2.684782324164953E-003
  4.219507646110059E-003  5.558267566806523E-003  6.060806351311867E-003
  6.173780637657206E-003  4.322981842125823E-004  5.438381896456543E-004
  4.322203209922119E-002  0.633368894252335     
 Constraint value, mean lift and its standard deviation: -8.687862333173313E-003
  0.608687862333173       1.986738325875687E-002
 Calc obj  5.488229329080001E-004  4.086380012970283E-004
  5.138748962483158E-003  4.698967249354825E-003  4.340776413688214E-003
  4.023704857888892E-003  3.677351680305326E-003  2.684782324164953E-003
  4.219507646110059E-003  5.558267566806523E-003  6.060806351311867E-003
  6.173780637657206E-003  4.322981842125823E-004  5.438381896456543E-004
  4.322203209922119E-002  0.633368894252335     
 Design variables:  5.488229329080001E-004  4.086380012970283E-004
  5.138748962483158E-003  4.698967249354825E-003  4.340776413688214E-003
  4.023704857888892E-003  3.677351680305326E-003  2.684782324164953E-003
  4.219507646110059E-003  5.558267566806523E-003  6.060806351311867E-003
  6.173780637657206E-003  4.322981842125823E-004  5.438381896456543E-004
  4.322203209922119E-002  0.633368894252335     
 Mean drag value and variance:  4.147703539949861E-003  3.666234735990250E-008
    5  0.4147740E-02  0.9582112E-02  0.2410579E-03  0.2572076E-01  0.8178259E-05
 Calc con  9.127518172079385E-004  7.519630074540622E-004
  5.629763151024654E-003  4.912421402577445E-003  4.427084104703861E-003
  4.096329627135879E-003  3.800512349139127E-003  4.485908657285170E-003
  3.998159811719020E-003  5.771077282126847E-003  7.109018101389527E-003
  7.645985990918618E-003  8.109451999232158E-004  8.775227843417065E-004
  3.956546165818030E-002  0.623196646892267     
 Design variables:  9.127518172079385E-004  7.519630074540622E-004
  5.629763151024654E-003  4.912421402577445E-003  4.427084104703861E-003
  4.096329627135879E-003  3.800512349139127E-003  4.485908657285170E-003
  3.998159811719020E-003  5.771077282126847E-003  7.109018101389527E-003
  7.645985990918618E-003  8.109451999232158E-004  8.775227843417065E-004
  3.956546165818030E-002  0.623196646892267     
 Constraint value, mean lift and its standard deviation: -5.673694871020096E-004
  0.600567369487102       1.912236447305038E-002
 Calc obj  9.127518172079385E-004  7.519630074540622E-004
  5.629763151024654E-003  4.912421402577445E-003  4.427084104703861E-003
  4.096329627135879E-003  3.800512349139127E-003  4.485908657285170E-003
  3.998159811719020E-003  5.771077282126847E-003  7.109018101389527E-003
  7.645985990918618E-003  8.109451999232158E-004  8.775227843417065E-004
  3.956546165818030E-002  0.623196646892267     
 Design variables:  9.127518172079385E-004  7.519630074540622E-004
  5.629763151024654E-003  4.912421402577445E-003  4.427084104703861E-003
  4.096329627135879E-003  3.800512349139127E-003  4.485908657285170E-003
  3.998159811719020E-003  5.771077282126847E-003  7.109018101389527E-003
  7.645985990918618E-003  8.109451999232158E-004  8.775227843417065E-004
  3.956546165818030E-002  0.623196646892267     
 Mean drag value and variance:  4.048438289657759E-003  2.889189732738627E-008
    6  0.4048467E-02  0.1017225E-01  0.4977602E-03  0.2554083E-01  0.1461128E-05
 Calc con  1.280498064683971E-004 -3.125879017308527E-004
  9.391633064957099E-003  9.531435844438666E-003  9.573395875072908E-003
  9.736068768954095E-003  9.938015023491391E-003  6.225529237830637E-003
  6.481143611127733E-003  9.368406336983652E-003  8.498364773873585E-003
  8.192141354947082E-003 -1.257964326595610E-004  4.826666742259401E-005
  3.098525120673717E-002  0.600332107553914     
 Design variables:  1.280498064683971E-004 -3.125879017308527E-004
  9.391633064957099E-003  9.531435844438666E-003  9.573395875072908E-003
  9.736068768954095E-003  9.938015023491391E-003  6.225529237830637E-003
  6.481143611127733E-003  9.368406336983652E-003  8.498364773873585E-003
  8.192141354947082E-003 -1.257964326595610E-004  4.826666742259401E-005
  3.098525120673717E-002  0.600332107553914     
 Constraint value, mean lift and its standard deviation: -6.169952717979266E-004
  0.600616995271798       1.781671818005130E-002
 Calc obj  1.280498064683971E-004 -3.125879017308527E-004
  9.391633064957099E-003  9.531435844438666E-003  9.573395875072908E-003
  9.736068768954095E-003  9.938015023491391E-003  6.225529237830637E-003
  6.481143611127733E-003  9.368406336983652E-003  8.498364773873585E-003
  8.192141354947082E-003 -1.257964326595610E-004  4.826666742259401E-005
  3.098525120673717E-002  0.600332107553914     
 Design variables:  1.280498064683971E-004 -3.125879017308527E-004
  9.391633064957099E-003  9.531435844438666E-003  9.573395875072908E-003
  9.736068768954095E-003  9.938015023491391E-003  6.225529237830637E-003
  6.481143611127733E-003  9.368406336983652E-003  8.498364773873585E-003
  8.192141354947082E-003 -1.257964326595610E-004  4.826666742259401E-005
  3.098525120673717E-002  0.600332107553914     
 Mean drag value and variance:  3.901262464768329E-003  2.143843002757874E-008
 Calc con  1.326789981416163E-004 -3.062006756834531E-004
  9.408632645387513E-003  9.546113779081357E-003  9.583804048679796E-003
  9.741498884952522E-003  9.938015023491391E-003  6.208123300917170E-003
  6.493237947670638E-003  9.410326001900190E-003  8.523131922869701E-003
  8.207357132770876E-003 -1.201953101845544E-004  5.317359212716208E-005
  3.103006302623171E-002  0.600479057626197     
 Design variables:  1.326789981416163E-004 -3.062006756834531E-004
  9.408632645387513E-003  9.546113779081357E-003  9.583804048679796E-003
  9.741498884952522E-003  9.938015023491391E-003  6.208123300917170E-003
  6.493237947670638E-003  9.410326001900190E-003  8.523131922869701E-003
  8.207357132770876E-003 -1.201953101845544E-004  5.317359212716208E-005
  3.103006302623171E-002  0.600479057626197     
 Constraint value, mean lift and its standard deviation: -1.867908874313207E-003
  0.601867908874313       1.783392407766449E-002
 Calc obj  1.326789981416163E-004 -3.062006756834531E-004
  9.408632645387513E-003  9.546113779081357E-003  9.583804048679796E-003
  9.741498884952522E-003  9.938015023491391E-003  6.208123300917170E-003
  6.493237947670638E-003  9.410326001900190E-003  8.523131922869701E-003
  8.207357132770876E-003 -1.201953101845544E-004  5.317359212716208E-005
  3.103006302623171E-002  0.600479057626197     
 Design variables:  1.326789981416163E-004 -3.062006756834531E-004
  9.408632645387513E-003  9.546113779081357E-003  9.583804048679796E-003
  9.741498884952522E-003  9.938015023491391E-003  6.208123300917170E-003
  6.493237947670638E-003  9.410326001900190E-003  8.523131922869701E-003
  8.207357132770876E-003 -1.201953101845544E-004  5.317359212716208E-005
  3.103006302623171E-002  0.600479057626197     
 Mean drag value and variance:  3.911514732654924E-003  2.169613431550103E-008
 Calc con  1.328666866863035E-004 -3.059417084066476E-004
  9.409321885915419E-003  9.546708889499676E-003  9.584226043510774E-003
  9.741719046622513E-003  9.938015023491393E-003  6.207417584844238E-003
  6.493728307239440E-003  9.412025616318639E-003  8.524136096056449E-003
  8.207974049804865E-003 -1.199682151320778E-004  5.337254123571227E-005
  3.103187990178437E-002  0.600485015652380     
 Design variables:  1.328666866863035E-004 -3.059417084066476E-004
  9.409321885915419E-003  9.546708889499676E-003  9.584226043510774E-003
  9.741719046622513E-003  9.938015023491393E-003  6.207417584844238E-003
  6.493728307239440E-003  9.412025616318639E-003  8.524136096056449E-003
  8.207974049804865E-003 -1.199682151320778E-004  5.337254123571227E-005
  3.103187990178437E-002  0.600485015652380     
 Constraint value, mean lift and its standard deviation: -1.918132562922614E-003
  0.601918132562923       1.779714284764421E-002
 Calc obj  1.328666866863035E-004 -3.059417084066476E-004
  9.409321885915419E-003  9.546708889499676E-003  9.584226043510774E-003
  9.741719046622513E-003  9.938015023491393E-003  6.207417584844238E-003
  6.493728307239440E-003  9.412025616318639E-003  8.524136096056449E-003
  8.207974049804865E-003 -1.199682151320778E-004  5.337254123571227E-005
  3.103187990178437E-002  0.600485015652380     
 Design variables:  1.328666866863035E-004 -3.059417084066476E-004
  9.409321885915419E-003  9.546708889499676E-003  9.584226043510774E-003
  9.741719046622513E-003  9.938015023491393E-003  6.207417584844238E-003
  6.493728307239440E-003  9.412025616318639E-003  8.524136096056449E-003
  8.207974049804865E-003 -1.199682151320778E-004  5.337254123571227E-005
  3.103187990178437E-002  0.600485015652380     
 Mean drag value and variance:  3.911757914176413E-003  2.155673404138084E-008
 Calc con  1.328752410727316E-004 -3.059299053093321E-004
  9.409353299818846E-003  9.546736013182126E-003  9.584245277006676E-003
  9.741729081054850E-003  9.938015023491391E-003  6.207385420025618E-003
  6.493750656633454E-003  9.412103080601475E-003  8.524181863822901E-003
  8.208002167379708E-003 -1.199578646930671E-004  5.338160885119680E-005
  3.103196271054393E-002  0.600485287204692     
 Design variables:  1.328752410727316E-004 -3.059299053093321E-004
  9.409353299818846E-003  9.546736013182126E-003  9.584245277006676E-003
  9.741729081054850E-003  9.938015023491391E-003  6.207385420025618E-003
  6.493750656633454E-003  9.412103080601475E-003  8.524181863822901E-003
  8.208002167379708E-003 -1.199578646930671E-004  5.338160885119680E-005
  3.103196271054393E-002  0.600485287204692     
 Constraint value, mean lift and its standard deviation: -1.921564493547301E-003
  0.601921564493547       1.776376971818852E-002
 Calc obj  1.328752410727316E-004 -3.059299053093321E-004
  9.409353299818846E-003  9.546736013182126E-003  9.584245277006676E-003
  9.741729081054850E-003  9.938015023491391E-003  6.207385420025618E-003
  6.493750656633454E-003  9.412103080601475E-003  8.524181863822901E-003
  8.208002167379708E-003 -1.199578646930671E-004  5.338160885119680E-005
  3.103196271054393E-002  0.600485287204692     
 Design variables:  1.328752410727316E-004 -3.059299053093321E-004
  9.409353299818846E-003  9.546736013182126E-003  9.584245277006676E-003
  9.741729081054850E-003  9.938015023491391E-003  6.207385420025618E-003
  6.493750656633454E-003  9.412103080601475E-003  8.524181863822901E-003
  8.208002167379708E-003 -1.199578646930671E-004  5.338160885119680E-005
  3.103196271054393E-002  0.600485287204692     
 Mean drag value and variance:  3.911829067935737E-003  2.150853053104471E-008
 Calc con  5.204008118381678E-004  2.196875528616048E-004
  7.510698107990876E-003  7.221928623508055E-003  7.000239989888385E-003
  6.916199198044987E-003  6.869263686315259E-003  5.355718947557903E-003
  5.239651711423376E-003  7.569741809555249E-003  7.803691437631556E-003
  7.919063672932851E-003  3.425743836318274E-004  4.628947258821503E-004
  3.527535643245874E-002  0.611764377223090     
 Design variables:  5.204008118381678E-004  2.196875528616048E-004
  7.510698107990876E-003  7.221928623508055E-003  7.000239989888385E-003
  6.916199198044987E-003  6.869263686315259E-003  5.355718947557903E-003
  5.239651711423376E-003  7.569741809555249E-003  7.803691437631556E-003
  7.919063672932851E-003  3.425743836318274E-004  4.628947258821503E-004
  3.527535643245874E-002  0.611764377223090     
 Constraint value, mean lift and its standard deviation: -8.123162427952080E-004
  0.600812316242795       1.845126055459238E-002
 Calc obj  5.204008118381678E-004  2.196875528616048E-004
  7.510698107990876E-003  7.221928623508055E-003  7.000239989888385E-003
  6.916199198044987E-003  6.869263686315259E-003  5.355718947557903E-003
  5.239651711423376E-003  7.569741809555249E-003  7.803691437631556E-003
  7.919063672932851E-003  3.425743836318274E-004  4.628947258821503E-004
  3.527535643245874E-002  0.611764377223090     
 Design variables:  5.204008118381678E-004  2.196875528616048E-004
  7.510698107990876E-003  7.221928623508055E-003  7.000239989888385E-003
  6.916199198044987E-003  6.869263686315259E-003  5.355718947557903E-003
  5.239651711423376E-003  7.569741809555249E-003  7.803691437631556E-003
  7.919063672932851E-003  3.425743836318274E-004  4.628947258821503E-004
  3.527535643245874E-002  0.611764377223090     
 Mean drag value and variance:  3.940980670365525E-003  2.490787346906529E-008
    7  0.3941006E-02  0.4009939E-01  0.1337040E-02  0.2282063E-01  0.2554586E-04
 Calc con  4.930590314323720E-004  5.419806778673584E-004
  7.562025891885641E-003  7.287673803942521E-003  7.086446531224952E-003
  6.831184570356816E-003  6.554413779597721E-003  5.324771844548221E-003
  9.800840219514204E-003  8.415792815889873E-003  8.652078475444623E-003
  8.582435804645750E-003  4.690993177446798E-004  5.237301968632038E-004
  3.280832035016246E-002  0.603447361992346     
 Design variables:  4.930590314323720E-004  5.419806778673584E-004
  7.562025891885641E-003  7.287673803942521E-003  7.086446531224952E-003
  6.831184570356816E-003  6.554413779597721E-003  5.324771844548221E-003
  9.800840219514204E-003  8.415792815889873E-003  8.652078475444623E-003
  8.582435804645750E-003  4.690993177446798E-004  5.237301968632038E-004
  3.280832035016246E-002  0.603447361992346     
 Constraint value, mean lift and its standard deviation: -6.026148523035735E-003
  0.606026148523036       1.832706853566201E-002
 Calc obj  4.930590314323720E-004  5.419806778673584E-004
  7.562025891885641E-003  7.287673803942521E-003  7.086446531224952E-003
  6.831184570356816E-003  6.554413779597721E-003  5.324771844548221E-003
  9.800840219514204E-003  8.415792815889873E-003  8.652078475444623E-003
  8.582435804645750E-003  4.690993177446798E-004  5.237301968632038E-004
  3.280832035016246E-002  0.603447361992346     
 Design variables:  4.930590314323720E-004  5.419806778673584E-004
  7.562025891885641E-003  7.287673803942521E-003  7.086446531224952E-003
  6.831184570356816E-003  6.554413779597721E-003  5.324771844548221E-003
  9.800840219514204E-003  8.415792815889873E-003  8.652078475444623E-003
  8.582435804645750E-003  4.690993177446798E-004  5.237301968632038E-004
  3.280832035016246E-002  0.603447361992346     
 Mean drag value and variance:  4.088625207734458E-003  2.543039651375803E-008
    8  0.4088651E-02  0.8317015E-02  0.1048953E-02  0.6307158E-02  0.4031100E-04
 Calc con  5.597534434242301E-004  4.619364634641955E-004
  7.857295950312825E-003  7.610450546912454E-003  7.423062417771437E-003
  7.262037105754080E-003  7.091384407430590E-003  5.806405550565252E-003
  7.591567621377250E-003  8.171714707502945E-003  8.467374343999872E-003
  8.517728546267950E-003  4.714232000682703E-004  5.560747402172529E-004
  3.297598223212201E-002  0.604758278445957     
 Design variables:  5.597534434242301E-004  4.619364634641955E-004
  7.857295950312825E-003  7.610450546912454E-003  7.423062417771437E-003
  7.262037105754080E-003  7.091384407430590E-003  5.806405550565252E-003
  7.591567621377250E-003  8.171714707502945E-003  8.467374343999872E-003
  8.517728546267950E-003  4.714232000682703E-004  5.560747402172529E-004
  3.297598223212201E-002  0.604758278445957     
 Constraint value, mean lift and its standard deviation: -4.906961227720497E-003
  0.604906961227720       1.826593783684122E-002
 Calc obj  5.597534434242301E-004  4.619364634641955E-004
  7.857295950312825E-003  7.610450546912454E-003  7.423062417771437E-003
  7.262037105754080E-003  7.091384407430590E-003  5.806405550565252E-003
  7.591567621377250E-003  8.171714707502945E-003  8.467374343999872E-003
  8.517728546267950E-003  4.714232000682703E-004  5.560747402172529E-004
  3.297598223212201E-002  0.604758278445957     
 Design variables:  5.597534434242301E-004  4.619364634641955E-004
  7.857295950312825E-003  7.610450546912454E-003  7.423062417771437E-003
  7.262037105754080E-003  7.091384407430590E-003  5.806405550565252E-003
  7.591567621377250E-003  8.171714707502945E-003  8.467374343999872E-003
  8.517728546267950E-003  4.714232000682703E-004  5.560747402172529E-004
  3.297598223212201E-002  0.604758278445957     
 Mean drag value and variance:  4.011529745087982E-003  2.427255052632222E-008
    9  0.4011554E-02  0.2552762E-02  0.3846212E-03  0.6046183E-02  0.3030080E-04
 Calc con  6.909956776371092E-004  5.659618752731536E-004
  8.474755658384230E-003  8.285734956049602E-003  8.152759799687909E-003
  8.062869256746839E-003  7.985871731559695E-003  5.685150913156872E-003
  7.810423014801761E-003  8.594362901091246E-003  8.892821774676256E-003
  8.949687517531635E-003  5.888464244743638E-004  6.820293174570558E-004
  3.056372965519929E-002  0.600029160633409     
 Design variables:  6.909956776371092E-004  5.659618752731536E-004
  8.474755658384230E-003  8.285734956049602E-003  8.152759799687909E-003
  8.062869256746839E-003  7.985871731559695E-003  5.685150913156872E-003
  7.810423014801761E-003  8.594362901091246E-003  8.892821774676256E-003
  8.949687517531635E-003  5.888464244743638E-004  6.820293174570558E-004
  3.056372965519929E-002  0.600029160633409     
 Constraint value, mean lift and its standard deviation: -1.958869671718544E-003
  0.601958869671719       1.792570871141080E-002
 Calc obj  6.909956776371092E-004  5.659618752731536E-004
  8.474755658384230E-003  8.285734956049602E-003  8.152759799687909E-003
  8.062869256746839E-003  7.985871731559695E-003  5.685150913156872E-003
  7.810423014801761E-003  8.594362901091246E-003  8.892821774676256E-003
  8.949687517531635E-003  5.888464244743638E-004  6.820293174570558E-004
  3.056372965519929E-002  0.600029160633409     
 Design variables:  6.909956776371092E-004  5.659618752731536E-004
  8.474755658384230E-003  8.285734956049602E-003  8.152759799687909E-003
  8.062869256746839E-003  7.985871731559695E-003  5.685150913156872E-003
  7.810423014801761E-003  8.594362901091246E-003  8.892821774676256E-003
  8.949687517531635E-003  5.888464244743638E-004  6.820293174570558E-004
  3.056372965519929E-002  0.600029160633409     
 Mean drag value and variance:  3.948889091196558E-003  2.202334327871665E-008
   10  0.3948911E-02  0.4729118E-02  0.3191394E-03  0.1291006E-01  0.1111613E-04
 Calc con  7.710536154056988E-004  6.256174385875668E-004
  8.595665057253782E-003  8.395838773409710E-003  8.231539358302124E-003
  8.102349919549294E-003  7.978938500157667E-003  9.956861409131570E-003
  8.900338201847283E-003  8.644009205098139E-003  8.740206769568709E-003
  8.860329931701150E-003  6.634124284563623E-004  7.608563318692867E-004
  2.771785139105051E-002  0.602053468791272     
 Design variables:  7.710536154056988E-004  6.256174385875668E-004
  8.595665057253782E-003  8.395838773409710E-003  8.231539358302124E-003
  8.102349919549294E-003  7.978938500157667E-003  9.956861409131570E-003
  8.900338201847283E-003  8.644009205098139E-003  8.740206769568709E-003
  8.860329931701150E-003  6.634124284563623E-004  7.608563318692867E-004
  2.771785139105051E-002  0.602053468791272     
 Constraint value, mean lift and its standard deviation: -2.422630915241974E-003
  0.602422630915242       1.814869208886397E-002
 Calc obj  7.710536154056988E-004  6.256174385875668E-004
  8.595665057253782E-003  8.395838773409710E-003  8.231539358302124E-003
  8.102349919549294E-003  7.978938500157667E-003  9.956861409131570E-003
  8.900338201847283E-003  8.644009205098139E-003  8.740206769568709E-003
  8.860329931701150E-003  6.634124284563623E-004  7.608563318692867E-004
  2.771785139105051E-002  0.602053468791272     
 Design variables:  7.710536154056988E-004  6.256174385875668E-004
  8.595665057253782E-003  8.395838773409710E-003  8.231539358302124E-003
  8.102349919549294E-003  7.978938500157667E-003  9.956861409131570E-003
  8.900338201847283E-003  8.644009205098139E-003  8.740206769568709E-003
  8.860329931701150E-003  6.634124284563623E-004  7.608563318692867E-004
  2.771785139105051E-002  0.602053468791272     
 Mean drag value and variance:  4.109472389277545E-003  2.471432061408810E-008
 Calc con  7.717683339952845E-004  6.264011802740960E-004
  8.598068341219128E-003  8.398423240354728E-003  8.234202278024369E-003
  8.105005395941420E-003  7.981543765297472E-003  9.956861409131570E-003
  8.903224898532451E-003  8.646765004568910E-003  8.742616859719518E-003
  8.862487753089628E-003  6.641563913102120E-004  7.615801541603195E-004
  2.776600906295347E-002  0.602048046443842     
 Design variables:  7.717683339952845E-004  6.264011802740960E-004
  8.598068341219128E-003  8.398423240354728E-003  8.234202278024369E-003
  8.105005395941420E-003  7.981543765297472E-003  9.956861409131570E-003
  8.903224898532451E-003  8.646765004568910E-003  8.742616859719518E-003
  8.862487753089628E-003  6.641563913102120E-004  7.615801541603195E-004
  2.776600906295347E-002  0.602048046443842     
 Constraint value, mean lift and its standard deviation: -2.971576657406882E-003
  0.602971576657407       1.824475353014525E-002
 Calc obj  7.717683339952845E-004  6.264011802740960E-004
  8.598068341219128E-003  8.398423240354728E-003  8.234202278024369E-003
  8.105005395941420E-003  7.981543765297472E-003  9.956861409131570E-003
  8.903224898532451E-003  8.646765004568910E-003  8.742616859719518E-003
  8.862487753089628E-003  6.641563913102120E-004  7.615801541603195E-004
  2.776600906295347E-002  0.602048046443842     
 Design variables:  7.717683339952845E-004  6.264011802740960E-004
  8.598068341219128E-003  8.398423240354728E-003  8.234202278024369E-003
  8.105005395941420E-003  7.981543765297472E-003  9.956861409131570E-003
  8.903224898532451E-003  8.646765004568910E-003  8.742616859719518E-003
  8.862487753089628E-003  6.641563913102120E-004  7.615801541603195E-004
  2.776600906295347E-002  0.602048046443842     
 Mean drag value and variance:  4.113564027049378E-003  2.463444946874599E-008
   11  0.4113589E-02  0.4633700E-02  0.6320135E-04  0.4223756E-02  0.2080495E-04
 Calc con  1.071480057446498E-003  9.522001645392226E-004
  9.760171617893894E-003  9.704709916491285E-003  9.649013899807452E-003
  9.595721106649642E-003  9.535535493559358E-003  9.523527755757847E-003
  9.827312888430846E-003  9.789983643418881E-003  9.802701605391163E-003
  9.828328287180756E-003  9.831278162917554E-004  1.063180989262193E-003
  2.173621493761315E-002  0.601369702194051     
 Design variables:  1.071480057446498E-003  9.522001645392226E-004
  9.760171617893894E-003  9.704709916491285E-003  9.649013899807452E-003
  9.595721106649642E-003  9.535535493559358E-003  9.523527755757847E-003
  9.827312888430846E-003  9.789983643418881E-003  9.802701605391163E-003
  9.828328287180756E-003  9.831278162917554E-004  1.063180989262193E-003
  2.173621493761315E-002  0.601369702194051     
 Constraint value, mean lift and its standard deviation:  4.803395903014707E-004
  0.599519660409699       1.816076788167162E-002
 Calc obj  1.071480057446498E-003  9.522001645392226E-004
  9.760171617893894E-003  9.704709916491285E-003  9.649013899807452E-003
  9.595721106649642E-003  9.535535493559358E-003  9.523527755757847E-003
  9.827312888430846E-003  9.789983643418881E-003  9.802701605391163E-003
  9.828328287180756E-003  9.831278162917554E-004  1.063180989262193E-003
  2.173621493761315E-002  0.601369702194051     
 Design variables:  1.071480057446498E-003  9.522001645392226E-004
  9.760171617893894E-003  9.704709916491285E-003  9.649013899807452E-003
  9.595721106649642E-003  9.535535493559358E-003  9.523527755757847E-003
  9.827312888430846E-003  9.789983643418881E-003  9.802701605391163E-003
  9.828328287180756E-003  9.831278162917554E-004  1.063180989262193E-003
  2.173621493761315E-002  0.601369702194051     
 Mean drag value and variance:  4.085823031484135E-003  2.291779001632971E-008
 Calc con  1.071602599487977E-003  9.523312240129933E-004
  9.760641026521438E-003  9.705240616695497E-003  9.649585507467662E-003
  9.596313067803558E-003  9.536138811958044E-003  9.523539632159211E-003
  9.827720675068104E-003  9.790490970764759E-003  9.803154460313573E-003
  9.828722285003633E-003  9.832610061901723E-004  1.063308547582757E-003
  2.183421504405670E-002  0.601371303917624     
 Design variables:  1.071602599487977E-003  9.523312240129933E-004
  9.760641026521438E-003  9.705240616695497E-003  9.649585507467662E-003
  9.596313067803558E-003  9.536138811958044E-003  9.523539632159211E-003
  9.827720675068104E-003  9.790490970764759E-003  9.803154460313573E-003
  9.828722285003633E-003  9.832610061901723E-004  1.063308547582757E-003
  2.183421504405670E-002  0.601371303917624     
 Constraint value, mean lift and its standard deviation: -4.161000831505168E-004
  0.600416100083150       1.808967263435116E-002
 Calc obj  1.071602599487977E-003  9.523312240129933E-004
  9.760641026521438E-003  9.705240616695497E-003  9.649585507467662E-003
  9.596313067803558E-003  9.536138811958044E-003  9.523539632159211E-003
  9.827720675068104E-003  9.790490970764759E-003  9.803154460313573E-003
  9.828722285003633E-003  9.832610061901723E-004  1.063308547582757E-003
  2.183421504405670E-002  0.601371303917624     
 Design variables:  1.071602599487977E-003  9.523312240129933E-004
  9.760641026521438E-003  9.705240616695497E-003  9.649585507467662E-003
  9.596313067803558E-003  9.536138811958044E-003  9.523539632159211E-003
  9.827720675068104E-003  9.790490970764759E-003  9.803154460313573E-003
  9.828722285003633E-003  9.832610061901723E-004  1.063308547582757E-003
  2.183421504405670E-002  0.601371303917624     
 Mean drag value and variance:  4.092168257137852E-003  2.296061901706180E-008
   12  0.4092191E-02  0.6029794E-02  0.3253219E-05  0.3116563E-02  0.3764052E-05
 Calc con  1.225324846241218E-003  1.209727788984349E-003
  9.960822855971562E-003  9.950225791849050E-003  9.940546533974966E-003
  9.933642262986434E-003  9.929377759084352E-003  9.897681853251185E-003
  9.968266679790779E-003  9.966544692887052E-003  9.970219307731475E-003
  9.975148012431743E-003  1.216777643739342E-003  1.224532536678393E-003
  2.016529560533911E-002  0.600152061344831     
 Design variables:  1.225324846241218E-003  1.209727788984349E-003
  9.960822855971562E-003  9.950225791849050E-003  9.940546533974966E-003
  9.933642262986434E-003  9.929377759084352E-003  9.897681853251185E-003
  9.968266679790779E-003  9.966544692887052E-003  9.970219307731475E-003
  9.975148012431743E-003  1.216777643739342E-003  1.224532536678393E-003
  2.016529560533911E-002  0.600152061344831     
 Constraint value, mean lift and its standard deviation:  2.486842407625200E-004
  0.599751315759237       1.812430150085674E-002
 Calc obj  1.225324846241218E-003  1.209727788984349E-003
  9.960822855971562E-003  9.950225791849050E-003  9.940546533974966E-003
  9.933642262986434E-003  9.929377759084352E-003  9.897681853251185E-003
  9.968266679790779E-003  9.966544692887052E-003  9.970219307731475E-003
  9.975148012431743E-003  1.216777643739342E-003  1.224532536678393E-003
  2.016529560533911E-002  0.600152061344831     
 Design variables:  1.225324846241218E-003  1.209727788984349E-003
  9.960822855971562E-003  9.950225791849050E-003  9.940546533974966E-003
  9.933642262986434E-003  9.929377759084352E-003  9.897681853251185E-003
  9.968266679790779E-003  9.966544692887052E-003  9.970219307731475E-003
  9.975148012431743E-003  1.216777643739342E-003  1.224532536678393E-003
  2.016529560533911E-002  0.600152061344831     
 Mean drag value and variance:  4.091989158782977E-003  2.223338867696987E-008
 Calc con  1.225439049095572E-003  1.209920880044301E-003
  9.960973382647675E-003  9.950411107213807E-003  9.940760511309358E-003
  9.933871754277485E-003  9.929608024053935E-003  9.898024338407720E-003
  9.968381189524747E-003  9.966679588441911E-003  9.970342002870438E-003
  9.975250095859216E-003  1.216939058147064E-003  1.224651996454797E-003
  2.019612867928039E-002  0.600153155170822     
 Design variables:  1.225439049095572E-003  1.209920880044301E-003
  9.960973382647675E-003  9.950411107213807E-003  9.940760511309358E-003
  9.933871754277485E-003  9.929608024053935E-003  9.898024338407720E-003
  9.968381189524747E-003  9.966679588441911E-003  9.970342002870438E-003
  9.975250095859216E-003  1.216939058147064E-003  1.224651996454797E-003
  2.019612867928039E-002  0.600153155170822     
 Constraint value, mean lift and its standard deviation: -3.700690555019648E-005
  0.600037006905550       1.804431425646318E-002
 Calc obj  1.225439049095572E-003  1.209920880044301E-003
  9.960973382647675E-003  9.950411107213807E-003  9.940760511309358E-003
  9.933871754277485E-003  9.929608024053935E-003  9.898024338407720E-003
  9.968381189524747E-003  9.966679588441911E-003  9.970342002870438E-003
  9.975250095859216E-003  1.216939058147064E-003  1.224651996454797E-003
  2.019612867928039E-002  0.600153155170822     
 Design variables:  1.225439049095572E-003  1.209920880044301E-003
  9.960973382647675E-003  9.950411107213807E-003  9.940760511309358E-003
  9.933871754277485E-003  9.929608024053935E-003  9.898024338407720E-003
  9.968381189524747E-003  9.966679588441911E-003  9.970342002870438E-003
  9.975250095859216E-003  1.216939058147064E-003  1.224651996454797E-003
  2.019612867928039E-002  0.600153155170822     
 Mean drag value and variance:  4.094372202530431E-003  2.235173686570519E-008
   13  0.4094395E-02  0.1668919E-02  0.1184740E-05  0.7865144E-03  0.9841554E-07
 Calc con  1.245821904327038E-003  1.243880633763757E-003
  9.990638049871447E-003  9.989029213118261E-003  9.987668032204834E-003
  9.986653145184769E-003  9.985829374220006E-003  9.988653460186308E-003
  9.990235700433430E-003  9.991252921777896E-003  9.992209748474421E-003
  9.993078845294056E-003  1.244554492568708E-003  1.245793479808210E-003
  1.994981662595520E-002  0.600000110466612     
 Design variables:  1.245821904327038E-003  1.243880633763757E-003
  9.990638049871447E-003  9.989029213118261E-003  9.987668032204834E-003
  9.986653145184769E-003  9.985829374220006E-003  9.988653460186308E-003
  9.990235700433430E-003  9.991252921777896E-003  9.992209748474421E-003
  9.993078845294056E-003  1.244554492568708E-003  1.245793479808210E-003
  1.994981662595520E-002  0.600000110466612     
 Constraint value, mean lift and its standard deviation:  3.062694941380339E-005
  0.599969373050586       1.803635369834638E-002
 Calc obj  1.245821904327038E-003  1.243880633763757E-003
  9.990638049871447E-003  9.989029213118261E-003  9.987668032204834E-003
  9.986653145184769E-003  9.985829374220006E-003  9.988653460186308E-003
  9.990235700433430E-003  9.991252921777896E-003  9.992209748474421E-003
  9.993078845294056E-003  1.244554492568708E-003  1.245793479808210E-003
  1.994981662595520E-002  0.600000110466612     
 Design variables:  1.245821904327038E-003  1.243880633763757E-003
  9.990638049871447E-003  9.989029213118261E-003  9.987668032204834E-003
  9.986653145184769E-003  9.985829374220006E-003  9.988653460186308E-003
  9.990235700433430E-003  9.991252921777896E-003  9.992209748474421E-003
  9.993078845294056E-003  1.244554492568708E-003  1.245793479808210E-003
  1.994981662595520E-002  0.600000110466612     
 Mean drag value and variance:  4.095761879485900E-003  2.237615623302416E-008
 Calc con  1.245836464164043E-003  1.243904684544476E-003
  9.990659878618673E-003  9.989057633914037E-003  9.987702403289904E-003
  9.986691322936492E-003  9.985869049229604E-003  9.988718938782988E-003
  9.990252750632303E-003  9.991271371940299E-003  9.992225859734501E-003
  9.993091837257601E-003  1.244573645406558E-003  1.245808317811875E-003
  1.995481657084702E-002  0.600000110466612     
 Design variables:  1.245836464164043E-003  1.243904684544476E-003
  9.990659878618673E-003  9.989057633914037E-003  9.987702403289904E-003
  9.986691322936492E-003  9.985869049229604E-003  9.988718938782988E-003
  9.990252750632303E-003  9.991271371940299E-003  9.992225859734501E-003
  9.993091837257601E-003  1.244573645406558E-003  1.245808317811875E-003
  1.995481657084702E-002  0.600000110466612     
 Constraint value, mean lift and its standard deviation: -1.371398197624885E-005
  0.600013713981976       1.799696915817022E-002
 Calc obj  1.245836464164043E-003  1.243904684544476E-003
  9.990659878618673E-003  9.989057633914037E-003  9.987702403289904E-003
  9.986691322936492E-003  9.985869049229604E-003  9.988718938782988E-003
  9.990252750632303E-003  9.991271371940299E-003  9.992225859734501E-003
  9.993091837257601E-003  1.244573645406558E-003  1.245808317811875E-003
  1.995481657084702E-002  0.600000110466612     
 Design variables:  1.245836464164043E-003  1.243904684544476E-003
  9.990659878618673E-003  9.989057633914037E-003  9.987702403289904E-003
  9.986691322936492E-003  9.985869049229604E-003  9.988718938782988E-003
  9.990252750632303E-003  9.991271371940299E-003  9.992225859734501E-003
  9.993091837257601E-003  1.244573645406558E-003  1.245808317811875E-003
  1.995481657084702E-002  0.600000110466612     
 Mean drag value and variance:  4.096199987992215E-003  2.235440378517569E-008
 Calc con  1.245836977442038E-003  1.243905532406750E-003
  9.990660648147591E-003  9.989058635832469E-003  9.987703614973911E-003
  9.986692668816934E-003  9.985870447892885E-003  9.988721247100230E-003
  9.990253351703036E-003  9.991272022363953E-003  9.992226427704821E-003
  9.993092295263347E-003  1.244574320601631E-003  1.245808840896081E-003
  1.995499283392528E-002  0.600000110466612     
 Design variables:  1.245836977442038E-003  1.243905532406750E-003
  9.990660648147591E-003  9.989058635832469E-003  9.987703614973911E-003
  9.986692668816934E-003  9.985870447892885E-003  9.988721247100230E-003
  9.990253351703036E-003  9.991272022363953E-003  9.992226427704821E-003
  9.993092295263347E-003  1.244574320601631E-003  1.245808840896081E-003
  1.995499283392528E-002  0.600000110466612     
 Constraint value, mean lift and its standard deviation: -2.011697511983268E-005
  0.600020116975120       1.811649013750421E-002
 Calc obj  1.245836977442038E-003  1.243905532406750E-003
  9.990660648147591E-003  9.989058635832469E-003  9.987703614973911E-003
  9.986692668816934E-003  9.985870447892885E-003  9.988721247100230E-003
  9.990253351703036E-003  9.991272022363953E-003  9.992226427704821E-003
  9.993092295263347E-003  1.244574320601631E-003  1.245808840896081E-003
  1.995499283392528E-002  0.600000110466612     
 Design variables:  1.245836977442038E-003  1.243905532406750E-003
  9.990660648147591E-003  9.989058635832469E-003  9.987703614973911E-003
  9.986692668816934E-003  9.985870447892885E-003  9.988721247100230E-003
  9.990253351703036E-003  9.991272022363953E-003  9.992226427704821E-003
  9.993092295263347E-003  1.244574320601631E-003  1.245808840896081E-003
  1.995499283392528E-002  0.600000110466612     
 Mean drag value and variance:  4.096164316424941E-003  2.235193735356894E-008
 Calc con  1.235630476711305E-003  1.226900756904029E-003
  9.975805716259561E-003  9.969720160166035E-003  9.964214271757097E-003
  9.960262449731127E-003  9.957718699136970E-003  9.943338899297013E-003
  9.979308444979088E-003  9.978966255109903E-003  9.981275875672430E-003
  9.984164470576637E-003  1.230746775357886E-003  1.235222738131504E-003
  2.007297265261779E-002  0.600076632818717     
 Design variables:  1.235630476711305E-003  1.226900756904029E-003
  9.975805716259561E-003  9.969720160166035E-003  9.964214271757097E-003
  9.960262449731127E-003  9.957718699136970E-003  9.943338899297013E-003
  9.979308444979088E-003  9.978966255109903E-003  9.981275875672430E-003
  9.984164470576637E-003  1.230746775357886E-003  1.235222738131504E-003
  2.007297265261779E-002  0.600076632818717     
 Constraint value, mean lift and its standard deviation:  3.443408922998437E-006
  0.599996556591077       1.807016559010095E-002
 Calc obj  1.235630476711305E-003  1.226900756904029E-003
  9.975805716259561E-003  9.969720160166035E-003  9.964214271757097E-003
  9.960262449731127E-003  9.957718699136970E-003  9.943338899297013E-003
  9.979308444979088E-003  9.978966255109903E-003  9.981275875672430E-003
  9.984164470576637E-003  1.230746775357886E-003  1.235222738131504E-003
  2.007297265261779E-002  0.600076632818717     
 Design variables:  1.235630476711305E-003  1.226900756904029E-003
  9.975805716259561E-003  9.969720160166035E-003  9.964214271757097E-003
  9.960262449731127E-003  9.957718699136970E-003  9.943338899297013E-003
  9.979308444979088E-003  9.978966255109903E-003  9.981275875672430E-003
  9.984164470576637E-003  1.230746775357886E-003  1.235222738131504E-003
  2.007297265261779E-002  0.600076632818717     
 Mean drag value and variance:  4.094858438019921E-003  2.240367561100540E-008
 Calc con  1.230534762903438E-003  1.218410818474165E-003
  9.968389549453619E-003  9.960065633689921E-003  9.952487391533227E-003
  9.947067102004306E-003  9.943663361595453E-003  9.920681618852368E-003
  9.973844817251918E-003  9.972822921775907E-003  9.975808939271434E-003
  9.979707283217926E-003  1.223842916752475E-003  1.229937367293150E-003
  2.013455066594909E-002  0.600114893994770     
 Design variables:  1.230534762903438E-003  1.218410818474165E-003
  9.968389549453619E-003  9.960065633689921E-003  9.952487391533227E-003
  9.947067102004306E-003  9.943663361595453E-003  9.920681618852368E-003
  9.973844817251918E-003  9.972822921775907E-003  9.975808939271434E-003
  9.979707283217926E-003  1.223842916752475E-003  1.229937367293150E-003
  2.013455066594909E-002  0.600114893994770     
 Constraint value, mean lift and its standard deviation: -2.067547816664295E-005
  0.600020675478167       1.811099113578084E-002
 Calc obj  1.230534762903438E-003  1.218410818474165E-003
  9.968389549453619E-003  9.960065633689921E-003  9.952487391533227E-003
  9.947067102004306E-003  9.943663361595453E-003  9.920681618852368E-003
  9.973844817251918E-003  9.972822921775907E-003  9.975808939271434E-003
  9.979707283217926E-003  1.223842916752475E-003  1.229937367293150E-003
  2.013455066594909E-002  0.600114893994770     
 Design variables:  1.230534762903438E-003  1.218410818474165E-003
  9.968389549453619E-003  9.960065633689921E-003  9.952487391533227E-003
  9.947067102004306E-003  9.943663361595453E-003  9.920681618852368E-003
  9.973844817251918E-003  9.972822921775907E-003  9.975808939271434E-003
  9.979707283217926E-003  1.223842916752475E-003  1.229937367293150E-003
  2.013455066594909E-002  0.600114893994770     
 Mean drag value and variance:  4.094378621223964E-003  2.221538163936691E-008
 Calc con  1.227986905999505E-003  1.214165849259233E-003
  9.964681466050647E-003  9.955238370451864E-003  9.946623951421292E-003
  9.940469428140895E-003  9.936635692824694E-003  9.909352978630043E-003
  9.971113003388331E-003  9.969751255108909E-003  9.973075471070935E-003
  9.977478689538572E-003  1.220390987449769E-003  1.227294681873974E-003
  2.016533967261474E-002  0.600134024582796     
 Design variables:  1.227986905999505E-003  1.214165849259233E-003
  9.964681466050647E-003  9.955238370451864E-003  9.946623951421292E-003
  9.940469428140895E-003  9.936635692824694E-003  9.909352978630043E-003
  9.971113003388331E-003  9.969751255108909E-003  9.973075471070935E-003
  9.977478689538572E-003  1.220390987449769E-003  1.227294681873974E-003
  2.016533967261474E-002  0.600134024582796     
 Constraint value, mean lift and its standard deviation: -2.752499886005122E-005
  0.600027524998860       1.813988311514948E-002
 Calc obj  1.227986905999505E-003  1.214165849259233E-003
  9.964681466050647E-003  9.955238370451864E-003  9.946623951421292E-003
  9.940469428140895E-003  9.936635692824694E-003  9.909352978630043E-003
  9.971113003388331E-003  9.969751255108909E-003  9.973075471070935E-003
  9.977478689538572E-003  1.220390987449769E-003  1.227294681873974E-003
  2.016533967261474E-002  0.600134024582796     
 Design variables:  1.227986905999505E-003  1.214165849259233E-003
  9.964681466050647E-003  9.955238370451864E-003  9.946623951421292E-003
  9.940469428140895E-003  9.936635692824694E-003  9.909352978630043E-003
  9.971113003388331E-003  9.969751255108909E-003  9.973075471070935E-003
  9.977478689538572E-003  1.220390987449769E-003  1.227294681873974E-003
  2.016533967261474E-002  0.600134024582796     
 Mean drag value and variance:  4.094410664755667E-003  2.233472239336140E-008
 Calc con  1.226712977547539E-003  1.212043364651767E-003
  9.962827424349160E-003  9.952824738832834E-003  9.943692231365325E-003
  9.937170591209190E-003  9.933121858439314E-003  9.903688658518883E-003
  9.969747096456540E-003  9.968215421775410E-003  9.971708736970687E-003
  9.976364392698894E-003  1.218665022798416E-003  1.225973339164385E-003
  2.018073417594756E-002  0.600143589876809     
 Design variables:  1.226712977547539E-003  1.212043364651767E-003
  9.962827424349160E-003  9.952824738832834E-003  9.943692231365325E-003
  9.937170591209190E-003  9.933121858439314E-003  9.903688658518883E-003
  9.969747096456540E-003  9.968215421775410E-003  9.971708736970687E-003
  9.976364392698894E-003  1.218665022798416E-003  1.225973339164385E-003
  2.018073417594756E-002  0.600143589876809     
 Constraint value, mean lift and its standard deviation: -3.103033243045950E-005
  0.600031030332430       1.803457938398539E-002
 Calc obj  1.226712977547539E-003  1.212043364651767E-003
  9.962827424349160E-003  9.952824738832834E-003  9.943692231365325E-003
  9.937170591209190E-003  9.933121858439314E-003  9.903688658518883E-003
  9.969747096456540E-003  9.968215421775410E-003  9.971708736970687E-003
  9.976364392698894E-003  1.218665022798416E-003  1.225973339164385E-003
  2.018073417594756E-002  0.600143589876809     
 Design variables:  1.226712977547539E-003  1.212043364651767E-003
  9.962827424349160E-003  9.952824738832834E-003  9.943692231365325E-003
  9.937170591209190E-003  9.933121858439314E-003  9.903688658518883E-003
  9.969747096456540E-003  9.968215421775410E-003  9.971708736970687E-003
  9.976364392698894E-003  1.218665022798416E-003  1.225973339164385E-003
  2.018073417594756E-002  0.600143589876809     
 Mean drag value and variance:  4.094230276804132E-003  2.243160107398299E-008
   14  0.4094253E-02  0.2520816E-03  0.5803388E-05  0.4348417E-04  0.1094654E-06
 Calc con  1.240188320732907E-003  1.235512579600353E-003
  9.977771546516381E-003  9.973997108642928E-003  9.970855801496110E-003
  9.968542847312287E-003  9.966627436633860E-003  9.969321986598985E-003
  9.976678768319676E-003  9.979130505061409E-003  9.981356455290786E-003
  9.983434934957746E-003  1.237005720656274E-003  1.239925356199948E-003
  2.003512018387871E-002  0.600064312922118     
 Design variables:  1.240188320732907E-003  1.235512579600353E-003
  9.977771546516381E-003  9.973997108642928E-003  9.970855801496110E-003
  9.968542847312287E-003  9.966627436633860E-003  9.969321986598985E-003
  9.976678768319676E-003  9.979130505061409E-003  9.981356455290786E-003
  9.983434934957746E-003  1.237005720656274E-003  1.239925356199948E-003
  2.003512018387871E-002  0.600064312922118     
 Constraint value, mean lift and its standard deviation: -1.633206992612823E-005
  0.600016332069926       1.812466205410969E-002
 Calc obj  1.240188320732907E-003  1.235512579600353E-003
  9.977771546516381E-003  9.973997108642928E-003  9.970855801496110E-003
  9.968542847312287E-003  9.966627436633860E-003  9.969321986598985E-003
  9.976678768319676E-003  9.979130505061409E-003  9.981356455290786E-003
  9.983434934957746E-003  1.237005720656274E-003  1.239925356199948E-003
  2.003512018387871E-002  0.600064312922118     
 Design variables:  1.240188320732907E-003  1.235512579600353E-003
  9.977771546516381E-003  9.973997108642928E-003  9.970855801496110E-003
  9.968542847312287E-003  9.966627436633860E-003  9.969321986598985E-003
  9.976678768319676E-003  9.979130505061409E-003  9.981356455290786E-003
  9.983434934957746E-003  1.237005720656274E-003  1.239925356199948E-003
  2.003512018387871E-002  0.600064312922118     
 Mean drag value and variance:  4.095285966764298E-003  2.235629239851232E-008
 Calc con  1.240206258535357E-003  1.235540865540227E-003
  9.977797310498830E-003  9.974027956022032E-003  9.970889726214870E-003
  9.968577335912065E-003  9.966660681489332E-003  9.969394620844445E-003
  9.976704395456452E-003  9.979156587902414E-003  9.981379138726307E-003
  9.983453181654249E-003  1.237028840328535E-003  1.239943689199358E-003
  2.003744612229774E-002  0.600064385110968     
 Design variables:  1.240206258535357E-003  1.235540865540227E-003
  9.977797310498830E-003  9.974027956022032E-003  9.970889726214870E-003
  9.968577335912065E-003  9.966660681489332E-003  9.969394620844445E-003
  9.976704395456452E-003  9.979156587902414E-003  9.981379138726307E-003
  9.983453181654249E-003  1.237028840328535E-003  1.239943689199358E-003
  2.003744612229774E-002  0.600064385110968     
 Constraint value, mean lift and its standard deviation: -4.155494155533290E-005
  0.600041554941555       1.814339370166881E-002
 Calc obj  1.240206258535357E-003  1.235540865540227E-003
  9.977797310498830E-003  9.974027956022032E-003  9.970889726214870E-003
  9.968577335912065E-003  9.966660681489332E-003  9.969394620844445E-003
  9.976704395456452E-003  9.979156587902414E-003  9.981379138726307E-003
  9.983453181654249E-003  1.237028840328535E-003  1.239943689199358E-003
  2.003744612229774E-002  0.600064385110968     
 Design variables:  1.240206258535357E-003  1.235540865540227E-003
  9.977797310498830E-003  9.974027956022032E-003  9.970889726214870E-003
  9.968577335912065E-003  9.966660681489332E-003  9.969394620844445E-003
  9.976704395456452E-003  9.979156587902414E-003  9.981379138726307E-003
  9.983453181654249E-003  1.237028840328535E-003  1.239943689199358E-003
  2.003744612229774E-002  0.600064385110968     
 Mean drag value and variance:  4.095357225531928E-003  2.238455183794128E-008
   15  0.4095380E-02  0.1456140E-03  0.2574167E-05  0.1133841E-02  0.2623717E-06
 Calc con  1.241182408240799E-003  1.237111406939543E-003
  9.979382263226684E-003  9.976066655990910E-003  9.973320829992978E-003
  9.971232730843060E-003  9.969365174430155E-003  9.974450907263219E-003
  9.978157926785858E-003  9.980722673692308E-003  9.982726081708568E-003
  9.984514419812001E-003  1.238310352669658E-003  1.240953863075710E-003
  2.002332487215788E-002  0.600064733755264     
 Design variables:  1.241182408240799E-003  1.237111406939543E-003
  9.979382263226684E-003  9.976066655990910E-003  9.973320829992978E-003
  9.971232730843060E-003  9.969365174430155E-003  9.974450907263219E-003
  9.978157926785858E-003  9.980722673692308E-003  9.982726081708568E-003
  9.984514419812001E-003  1.238310352669658E-003  1.240953863075710E-003
  2.002332487215788E-002  0.600064733755264     
 Constraint value, mean lift and its standard deviation: -2.913042213503747E-005
  0.600029130422135       1.802577024455655E-002
 Calc obj  1.241182408240799E-003  1.237111406939543E-003
  9.979382263226684E-003  9.976066655990910E-003  9.973320829992978E-003
  9.971232730843060E-003  9.969365174430155E-003  9.974450907263219E-003
  9.978157926785858E-003  9.980722673692308E-003  9.982726081708568E-003
  9.984514419812001E-003  1.238310352669658E-003  1.240953863075710E-003
  2.002332487215788E-002  0.600064733755264     
 Design variables:  1.241182408240799E-003  1.237111406939543E-003
  9.979382263226684E-003  9.976066655990910E-003  9.973320829992978E-003
  9.971232730843060E-003  9.969365174430155E-003  9.974450907263219E-003
  9.978157926785858E-003  9.980722673692308E-003  9.982726081708568E-003
  9.984514419812001E-003  1.238310352669658E-003  1.240953863075710E-003
  2.002332487215788E-002  0.600064733755264     
 Mean drag value and variance:  4.095634585251818E-003  2.243317122901668E-008
 Calc con  1.241182484632569E-003  1.237111519051658E-003
  9.979382461821545E-003  9.976066905315268E-003  9.973321121334583E-003
  9.971233041758946E-003  9.969365482534765E-003  9.974451247451022E-003
  9.978158179431040E-003  9.980722852202716E-003  9.982726216153759E-003
  9.984514527692969E-003  1.238310434567011E-003  1.240953929416485E-003
  2.002435527859960E-002  0.600064737166536     
 Design variables:  1.241182484632569E-003  1.237111519051658E-003
  9.979382461821545E-003  9.976066905315268E-003  9.973321121334583E-003
  9.971233041758946E-003  9.969365482534765E-003  9.974451247451022E-003
  9.978158179431040E-003  9.980722852202716E-003  9.982726216153759E-003
  9.984514527692969E-003  1.238310434567011E-003  1.240953929416485E-003
  2.002435527859960E-002  0.600064737166536     
 Constraint value, mean lift and its standard deviation: -4.344793287336390E-005
  0.600043447932873       1.809489910719032E-002
 Calc obj  1.241182484632569E-003  1.237111519051658E-003
  9.979382461821545E-003  9.976066905315268E-003  9.973321121334583E-003
  9.971233041758946E-003  9.969365482534765E-003  9.974451247451022E-003
  9.978158179431040E-003  9.980722852202716E-003  9.982726216153759E-003
  9.984514527692969E-003  1.238310434567011E-003  1.240953929416485E-003
  2.002435527859960E-002  0.600064737166536     
 Design variables:  1.241182484632569E-003  1.237111519051658E-003
  9.979382461821545E-003  9.976066905315268E-003  9.973321121334583E-003
  9.971233041758946E-003  9.969365482534765E-003  9.974451247451022E-003
  9.978158179431040E-003  9.980722852202716E-003  9.982726216153759E-003
  9.984514527692969E-003  1.238310434567011E-003  1.240953929416485E-003
  2.002435527859960E-002  0.600064737166536     
 Mean drag value and variance:  4.095637084970944E-003  2.242610618866434E-008
 Calc con  1.241182441514822E-003  1.237111455772305E-003
  9.979382349728803E-003  9.976066764589316E-003  9.973320956892871E-003
  9.971232866268939E-003  9.969365308631524E-003  9.974451055439088E-003
  9.978158036830720E-003  9.980722751446227E-003  9.982726140268966E-003
  9.984514466801798E-003  1.238310388341753E-003  1.240953891971813E-003
  2.002377368710297E-002  0.600064735241114     
 Design variables:  1.241182441514822E-003  1.237111455772305E-003
  9.979382349728803E-003  9.976066764589316E-003  9.973320956892871E-003
  9.971232866268939E-003  9.969365308631524E-003  9.974451055439088E-003
  9.978158036830720E-003  9.980722751446227E-003  9.982726140268966E-003
  9.984514466801798E-003  1.238310388341753E-003  1.240953891971813E-003
  2.002377368710297E-002  0.600064735241114     
 Constraint value, mean lift and its standard deviation: -3.524871758764370E-005
  0.600035248717588       1.803588247677768E-002
 Calc obj  1.241182441514822E-003  1.237111455772305E-003
  9.979382349728803E-003  9.976066764589316E-003  9.973320956892871E-003
  9.971232866268939E-003  9.969365308631524E-003  9.974451055439088E-003
  9.978158036830720E-003  9.980722751446227E-003  9.982726140268966E-003
  9.984514466801798E-003  1.238310388341753E-003  1.240953891971813E-003
  2.002377368710297E-002  0.600064735241114     
 Design variables:  1.241182441514822E-003  1.237111455772305E-003
  9.979382349728803E-003  9.976066764589316E-003  9.973320956892871E-003
  9.971232866268939E-003  9.969365308631524E-003  9.974451055439088E-003
  9.978158036830720E-003  9.980722751446227E-003  9.982726140268966E-003
  9.984514466801798E-003  1.238310388341753E-003  1.240953891971813E-003
  2.002377368710297E-002  0.600064735241114     
 Mean drag value and variance:  4.095669256125252E-003  2.236701258847293E-008
 Calc con  1.241182466836635E-003  1.237111492934449E-003
  9.979382415557646E-003  9.976066847233619E-003  9.973321053464757E-003
  9.971232969329172E-003  9.969365410759896E-003  9.974451168202173E-003
  9.978158120575786E-003  9.980722810617616E-003  9.982726184833922E-003
  9.984514502561432E-003  1.238310415488517E-003  1.240953913961992E-003
  2.002411523905952E-002  0.600064736371859     
 Design variables:  1.241182466836635E-003  1.237111492934449E-003
  9.979382415557646E-003  9.976066847233619E-003  9.973321053464757E-003
  9.971232969329172E-003  9.969365410759896E-003  9.974451168202173E-003
  9.978158120575786E-003  9.980722810617616E-003  9.982726184833922E-003
  9.984514502561432E-003  1.238310415488517E-003  1.240953913961992E-003
  2.002411523905952E-002  0.600064736371859     
 Constraint value, mean lift and its standard deviation: -4.203165842964207E-005
  0.600042031658430       1.814461565651310E-002
 Calc obj  1.241182466836635E-003  1.237111492934449E-003
  9.979382415557646E-003  9.976066847233619E-003  9.973321053464757E-003
  9.971232969329172E-003  9.969365410759896E-003  9.974451168202173E-003
  9.978158120575786E-003  9.980722810617616E-003  9.982726184833922E-003
  9.984514502561432E-003  1.238310415488517E-003  1.240953913961992E-003
  2.002411523905952E-002  0.600064736371859     
 Design variables:  1.241182466836635E-003  1.237111492934449E-003
  9.979382415557646E-003  9.976066847233619E-003  9.973321053464757E-003
  9.971232969329172E-003  9.969365410759896E-003  9.974451168202173E-003
  9.978158120575786E-003  9.980722810617616E-003  9.982726184833922E-003
  9.984514502561432E-003  1.238310415488517E-003  1.240953913961992E-003
  2.002411523905952E-002  0.600064736371859     
 Mean drag value and variance:  4.095805157598652E-003  2.234872288810145E-008
 Calc con  1.240694333388078E-003  1.236326136239885E-003
  9.978589786862757E-003  9.975047306006471E-003  9.972105278103924E-003
  9.969905033377562E-003  9.968012927959744E-003  9.971922764053832E-003
  9.977431161121155E-003  9.979939630797361E-003  9.982052610217437E-003
  9.983983800733124E-003  1.237669596499096E-003  1.240448776137534E-003
  2.003038549722781E-002  0.600064559433116     
 Design variables:  1.240694333388078E-003  1.236326136239885E-003
  9.978589786862757E-003  9.975047306006471E-003  9.972105278103924E-003
  9.969905033377562E-003  9.968012927959744E-003  9.971922764053832E-003
  9.977431161121155E-003  9.979939630797361E-003  9.982052610217437E-003
  9.983983800733124E-003  1.237669596499096E-003  1.240448776137534E-003
  2.003038549722781E-002  0.600064559433116     
 Constraint value, mean lift and its standard deviation: -3.282950625504988E-005
  0.600032829506255       1.805196531768600E-002
 Calc obj  1.240694333388078E-003  1.236326136239885E-003
  9.978589786862757E-003  9.975047306006471E-003  9.972105278103924E-003
  9.969905033377562E-003  9.968012927959744E-003  9.971922764053832E-003
  9.977431161121155E-003  9.979939630797361E-003  9.982052610217437E-003
  9.983983800733124E-003  1.237669596499096E-003  1.240448776137534E-003
  2.003038549722781E-002  0.600064559433116     
 Design variables:  1.240694333388078E-003  1.236326136239885E-003
  9.978589786862757E-003  9.975047306006471E-003  9.972105278103924E-003
  9.969905033377562E-003  9.968012927959744E-003  9.971922764053832E-003
  9.977431161121155E-003  9.979939630797361E-003  9.982052610217437E-003
  9.983983800733124E-003  1.237669596499096E-003  1.240448776137534E-003
  2.003038549722781E-002  0.600064559433116     
 Mean drag value and variance:  4.095844119504352E-003  2.255640643498535E-008
 Calc con  1.240450295961718E-003  1.235933500890056E-003
  9.978193548680793E-003  9.974537631014252E-003  9.971497502159397E-003
  9.969241184644814E-003  9.967336804724539E-003  9.970658692449138E-003
  9.977067778288804E-003  9.979548109349888E-003  9.981715874471872E-003
  9.983718491193687E-003  1.237349218413816E-003  1.240196232668446E-003
  2.003391580976277E-002  0.600064472272042     
 Design variables:  1.240450295961718E-003  1.235933500890056E-003
  9.978193548680793E-003  9.974537631014252E-003  9.971497502159397E-003
  9.969241184644814E-003  9.967336804724539E-003  9.970658692449138E-003
  9.977067778288804E-003  9.979548109349888E-003  9.981715874471872E-003
  9.983718491193687E-003  1.237349218413816E-003  1.240196232668446E-003
  2.003391580976277E-002  0.600064472272042     
 Constraint value, mean lift and its standard deviation: -3.601272845910053E-005
  0.600036012728459       1.806979612519708E-002
 Calc obj  1.240450295961718E-003  1.235933500890056E-003
  9.978193548680793E-003  9.974537631014252E-003  9.971497502159397E-003
  9.969241184644814E-003  9.967336804724539E-003  9.970658692449138E-003
  9.977067778288804E-003  9.979548109349888E-003  9.981715874471872E-003
  9.983718491193687E-003  1.237349218413816E-003  1.240196232668446E-003
  2.003391580976277E-002  0.600064472272042     
 Design variables:  1.240450295961718E-003  1.235933500890056E-003
  9.978193548680793E-003  9.974537631014252E-003  9.971497502159397E-003
  9.969241184644814E-003  9.967336804724539E-003  9.970658692449138E-003
  9.977067778288804E-003  9.979548109349888E-003  9.981715874471872E-003
  9.983718491193687E-003  1.237349218413816E-003  1.240196232668446E-003
  2.003391580976277E-002  0.600064472272042     
 Mean drag value and variance:  4.095438891549450E-003  2.227685283791387E-008
 Calc con  1.240328277248537E-003  1.235737183215142E-003
  9.977995429589812E-003  9.974282793518141E-003  9.971193614187133E-003
  9.968909260278439E-003  9.966998743106935E-003  9.970026656646791E-003
  9.976886086872628E-003  9.979352348626151E-003  9.981547506599089E-003
  9.983585836423968E-003  1.237189029371175E-003  1.240069960933902E-003
  2.003568096603026E-002  0.600064428691505     
 Design variables:  1.240328277248537E-003  1.235737183215142E-003
  9.977995429589812E-003  9.974282793518141E-003  9.971193614187133E-003
  9.968909260278439E-003  9.966998743106935E-003  9.970026656646791E-003
  9.976886086872628E-003  9.979352348626151E-003  9.981547506599089E-003
  9.983585836423968E-003  1.237189029371175E-003  1.240069960933902E-003
  2.003568096603026E-002  0.600064428691505     
 Constraint value, mean lift and its standard deviation: -3.770683348847115E-005
  0.600037706833488       1.805829507252461E-002
 Calc obj  1.240328277248537E-003  1.235737183215142E-003
  9.977995429589812E-003  9.974282793518141E-003  9.971193614187133E-003
  9.968909260278439E-003  9.966998743106935E-003  9.970026656646791E-003
  9.976886086872628E-003  9.979352348626151E-003  9.981547506599089E-003
  9.983585836423968E-003  1.237189029371175E-003  1.240069960933902E-003
  2.003568096603026E-002  0.600064428691505     
 Design variables:  1.240328277248537E-003  1.235737183215142E-003
  9.977995429589812E-003  9.974282793518141E-003  9.971193614187133E-003
  9.968909260278439E-003  9.966998743106935E-003  9.970026656646791E-003
  9.976886086872628E-003  9.979352348626151E-003  9.981547506599089E-003
  9.983585836423968E-003  1.237189029371175E-003  1.240069960933902E-003
  2.003568096603026E-002  0.600064428691505     
 Mean drag value and variance:  4.095561695543154E-003  2.226505950191210E-008
   16  0.4095584E-02  0.1412125E-04  0.1186646E-05  0.1057595E-02  0.2623717E-06
 
 The solution was found.
 
 The final value of the objective function is   4.095583960602656E-003
 
 The optimal values of X are:
 
 X  (           1 ) =   1.240328277248537E-003
 X  (           2 ) =   1.235737183215142E-003
 X  (           3 ) =   9.977995429589812E-003
 X  (           4 ) =   9.974282793518141E-003
 X  (           5 ) =   9.971193614187133E-003
 X  (           6 ) =   9.968909260278439E-003
 X  (           7 ) =   9.966998743106935E-003
 X  (           8 ) =   9.970026656646791E-003
 X  (           9 ) =   9.976886086872628E-003
 X  (          10 ) =   9.979352348626151E-003
 X  (          11 ) =   9.981547506599089E-003
 X  (          12 ) =   9.983585836423968E-003
 X  (          13 ) =   1.237189029371175E-003
 X  (          14 ) =   1.240069960933902E-003
 X  (          15 ) =    1.14795995902413     
 X  (          16 ) =   0.600064428691505     
 
 The multipliers for the equality constraints are:
 
 LAM(           1 ) =   6.737892024990577E-003
 
 Mean drag and its variance:  4.095561695543154E-003  2.226505950191210E-008
