           1  0.903269016756258        9.47879456743433     
           2  0.804051544851044        6.40145131986505     
           3  0.602052657447560        4.12113742272790     
           4  0.501866158189287        3.56513557398673     
           5  0.399694860583434        3.15314967157611     
           6  0.301158507701292        2.82913034001276     
           7  0.205346444050076        2.52408589169153     
           8  0.202450889381161        3.99170848558904     
           9  0.301538478396521        4.60718195191240     
          10  0.402014946835827        5.07406741458701     
          11  0.504570952907477        5.43740607827660     
          12  0.604736568670243        5.74928512522057     
          13  0.803383624472688        6.96722599663504     
          14  0.901823325566936        9.21695173749707     
          15   9.16701947237543     
          16  0.956274220357595     
