           1  0.903269016756258       3.545146835201136E-002
           2  0.804051544851044       2.372193930104061E-002
           3  0.602052657447560       1.556962822173104E-002
           4  0.501866158189287       1.352060803035541E-002
           5  0.399694860583434       1.182323058395648E-002
           6  0.301158507701292       1.031225846268973E-002
           7  0.205346444050076       8.770885345502593E-003
           8  0.202450889381161       1.719045537158995E-002
           9  0.301538478396521       1.959796686387104E-002
          10  0.402014946835827       2.121298451302325E-002
          11  0.504570952907477       2.212681896994263E-002
          12  0.604736568670243       2.250857484427519E-002
          13  0.803383624472688       2.550117237786301E-002
          14  0.901823325566936       3.439920818061065E-002
          15  3.486329496504603E-002
          16  4.556037192130657E-003
