 Calc con  0.000000000000000E+000  0.000000000000000E+000
  0.000000000000000E+000  0.000000000000000E+000  0.000000000000000E+000
  0.000000000000000E+000  0.000000000000000E+000  0.000000000000000E+000
  0.000000000000000E+000  0.000000000000000E+000  0.000000000000000E+000
  0.000000000000000E+000  0.000000000000000E+000  0.000000000000000E+000
  3.490658503988659E-002  0.650000000000000     
 Design variables:  0.000000000000000E+000  0.000000000000000E+000
  0.000000000000000E+000  0.000000000000000E+000  0.000000000000000E+000
  0.000000000000000E+000  0.000000000000000E+000  0.000000000000000E+000
  0.000000000000000E+000  0.000000000000000E+000  0.000000000000000E+000
  0.000000000000000E+000  0.000000000000000E+000  0.000000000000000E+000
  3.490658503988659E-002  0.650000000000000     
 Constraint value, mean lift and its standard deviation:  0.345656830932646     
  0.324422372238791       1.751980079285930E-002
 Calc obj  0.000000000000000E+000  0.000000000000000E+000
  0.000000000000000E+000  0.000000000000000E+000  0.000000000000000E+000
  0.000000000000000E+000  0.000000000000000E+000  0.000000000000000E+000
  0.000000000000000E+000  0.000000000000000E+000  0.000000000000000E+000
  0.000000000000000E+000  0.000000000000000E+000  0.000000000000000E+000
  3.490658503988659E-002  0.650000000000000     
 Design variables:  0.000000000000000E+000  0.000000000000000E+000
  0.000000000000000E+000  0.000000000000000E+000  0.000000000000000E+000
  0.000000000000000E+000  0.000000000000000E+000  0.000000000000000E+000
  0.000000000000000E+000  0.000000000000000E+000  0.000000000000000E+000
  0.000000000000000E+000  0.000000000000000E+000  0.000000000000000E+000
  3.490658503988659E-002  0.650000000000000     
 Mean drag value and variance:  2.612748253086784E-003  1.147662278206883E-008
 
 iter    objective      ||grad||        inf_pr          inf_du         lg(mu)
    0  0.2612760E-02  0.0000000E+00  0.3556568E+00  0.9957087E+00  0.1000000E+01
 Calc con  9.188811591153888E-004  6.530463553342966E-004
  3.688823427954551E-003  3.277954941571011E-003  2.924733841479310E-003
  2.595363642693038E-003  2.243638838417327E-003  2.892880494052464E-003
  3.149341711295009E-003  3.365426642235598E-003  3.613622879024728E-003
  3.948142244867526E-003  6.720613533544751E-004  9.258478288045346E-004
  5.770444530551400E-002  0.662965625765659     
 Design variables:  9.188811591153888E-004  6.530463553342966E-004
  3.688823427954551E-003  3.277954941571011E-003  2.924733841479310E-003
  2.595363642693038E-003  2.243638838417327E-003  2.892880494052464E-003
  3.149341711295009E-003  3.365426642235598E-003  3.613622879024728E-003
  3.948142244867526E-003  6.720613533544751E-004  9.258478288045346E-004
  5.770444530551400E-002  0.662965625765659     
 Constraint value, mean lift and its standard deviation: -3.745242237051366E-002
  0.727737517864462       2.257127387348719E-002
 Calc obj  9.188811591153888E-004  6.530463553342966E-004
  3.688823427954551E-003  3.277954941571011E-003  2.924733841479310E-003
  2.595363642693038E-003  2.243638838417327E-003  2.892880494052464E-003
  3.149341711295009E-003  3.365426642235598E-003  3.613622879024728E-003
  3.948142244867526E-003  6.720613533544751E-004  9.258478288045346E-004
  5.770444530551400E-002  0.662965625765659     
 Design variables:  9.188811591153888E-004  6.530463553342966E-004
  3.688823427954551E-003  3.277954941571011E-003  2.924733841479310E-003
  2.595363642693038E-003  2.243638838417327E-003  2.892880494052464E-003
  3.149341711295009E-003  3.365426642235598E-003  3.613622879024728E-003
  3.948142244867526E-003  6.720613533544751E-004  9.258478288045346E-004
  5.770444530551400E-002  0.662965625765659     
 Mean drag value and variance:  8.262946905376422E-003  4.648507896700093E-006
    1  0.8267595E-02  0.2418850E-01  0.3263933E-02  0.8833383E+00  0.2569640E-01
 Calc con  7.938639254600986E-004  5.646025241990424E-004
  3.411000052633362E-003  3.046800762034869E-003  2.735621844777682E-003
  2.445297409591691E-003  2.131991561652468E-003  1.680530216581122E-003
  2.544642184934890E-003  3.466295991659021E-003  4.038548712453157E-003
  4.169679191894999E-003  5.813389241503643E-004  7.997662147634877E-004
  5.924759950177288E-002  0.659694107602920     
 Design variables:  7.938639254600986E-004  5.646025241990424E-004
  3.411000052633362E-003  3.046800762034869E-003  2.735621844777682E-003
  2.445297409591691E-003  2.131991561652468E-003  1.680530216581122E-003
  2.544642184934890E-003  3.466295991659021E-003  4.038548712453157E-003
  4.169679191894999E-003  5.813389241503643E-004  7.997662147634877E-004
  5.924759950177288E-002  0.659694107602920     
 Constraint value, mean lift and its standard deviation: -4.077878491952845E-002
  0.732279558456339       2.287519338420258E-002
 Calc obj  7.938639254600986E-004  5.646025241990424E-004
  3.411000052633362E-003  3.046800762034869E-003  2.735621844777682E-003
  2.445297409591691E-003  2.131991561652468E-003  1.680530216581122E-003
  2.544642184934890E-003  3.466295991659021E-003  4.038548712453157E-003
  4.169679191894999E-003  5.813389241503643E-004  7.997662147634877E-004
  5.924759950177288E-002  0.659694107602920     
 Design variables:  7.938639254600986E-004  5.646025241990424E-004
  3.411000052633362E-003  3.046800762034869E-003  2.735621844777682E-003
  2.445297409591691E-003  2.131991561652468E-003  1.680530216581122E-003
  2.544642184934890E-003  3.466295991659021E-003  4.038548712453157E-003
  4.169679191894999E-003  5.813389241503643E-004  7.997662147634877E-004
  5.924759950177288E-002  0.659694107602920     
 Mean drag value and variance:  7.327022179040544E-003  2.782227971641003E-006
    2  0.7329804E-02  0.1324416E-01  0.6653865E-02  0.1530591E+00  0.3685571E-02
 Calc con  6.896344231895895E-004  4.926213835251533E-004
  3.274876425708362E-003  2.990006251065957E-003  2.756891944535322E-003
  2.539277887236277E-003  2.290012554091354E-003 -4.106895682742894E-003
  1.996159505030753E-003  5.455610289506078E-003  6.072691317702300E-003
  5.345237260009439E-003  5.087945156300290E-004  6.948557198812187E-004
  5.926244363104936E-002  0.641001060578281     
 Design variables:  6.896344231895895E-004  4.926213835251533E-004
  3.274876425708362E-003  2.990006251065957E-003  2.756891944535322E-003
  2.539277887236277E-003  2.290012554091354E-003 -4.106895682742894E-003
  1.996159505030753E-003  5.455610289506078E-003  6.072691317702300E-003
  5.345237260009439E-003  5.087945156300290E-004  6.948557198812187E-004
  5.926244363104936E-002  0.641001060578281     
 Constraint value, mean lift and its standard deviation: -1.377082156944187E-002
  0.700418686177328       2.166196615197147E-002
 Calc obj  6.896344231895895E-004  4.926213835251533E-004
  3.274876425708362E-003  2.990006251065957E-003  2.756891944535322E-003
  2.539277887236277E-003  2.290012554091354E-003 -4.106895682742894E-003
  1.996159505030753E-003  5.455610289506078E-003  6.072691317702300E-003
  5.345237260009439E-003  5.087945156300290E-004  6.948557198812187E-004
  5.926244363104936E-002  0.641001060578281     
 Design variables:  6.896344231895895E-004  4.926213835251533E-004
  3.274876425708362E-003  2.990006251065957E-003  2.756891944535322E-003
  2.539277887236277E-003  2.290012554091354E-003 -4.106895682742894E-003
  1.996159505030753E-003  5.455610289506078E-003  6.072691317702300E-003
  5.345237260009439E-003  5.087945156300290E-004  6.948557198812187E-004
  5.926244363104936E-002  0.641001060578281     
 Mean drag value and variance:  5.117125029932502E-003  7.785231491593331E-008
    3  0.5117203E-02  0.1869305E-01  0.1917726E-01  0.3760128E+00  0.5492742E-03
 Calc con  6.377490298336298E-004  4.574424513896313E-004
  3.457759429553032E-003  3.198551311371583E-003  2.997426677884818E-003
  2.812261665797851E-003  2.589273524822529E-003 -4.007636444997415E-003
  2.803325754745944E-003  5.794427826068022E-003  6.323686031458422E-003
  5.708117051148543E-003  4.740645394235106E-004  6.426137090393929E-004
  5.910141691778178E-002  0.640942839962863     
 Design variables:  6.377490298336298E-004  4.574424513896313E-004
  3.457759429553032E-003  3.198551311371583E-003  2.997426677884818E-003
  2.812261665797851E-003  2.589273524822529E-003 -4.007636444997415E-003
  2.803325754745944E-003  5.794427826068022E-003  6.323686031458422E-003
  5.708117051148543E-003  4.740645394235106E-004  6.426137090393929E-004
  5.910141691778178E-002  0.640942839962863     
 Constraint value, mean lift and its standard deviation: -2.273749336718008E-002
  0.711065352637853       2.208196481766815E-002
 Calc obj  6.377490298336298E-004  4.574424513896313E-004
  3.457759429553032E-003  3.198551311371583E-003  2.997426677884818E-003
  2.812261665797851E-003  2.589273524822529E-003 -4.007636444997415E-003
  2.803325754745944E-003  5.794427826068022E-003  6.323686031458422E-003
  5.708117051148543E-003  4.740645394235106E-004  6.426137090393929E-004
  5.910141691778178E-002  0.640942839962863     
 Design variables:  6.377490298336298E-004  4.574424513896313E-004
  3.457759429553032E-003  3.198551311371583E-003  2.997426677884818E-003
  2.812261665797851E-003  2.589273524822529E-003 -4.007636444997415E-003
  2.803325754745944E-003  5.794427826068022E-003  6.323686031458422E-003
  5.708117051148543E-003  4.740645394235106E-004  6.426137090393929E-004
  5.910141691778178E-002  0.640942839962863     
 Mean drag value and variance:  5.171501741439859E-003  6.728987731174094E-008
    4  0.5171569E-02  0.7874399E-02  0.2336190E-02  0.2681390E-01  0.5682019E-04
 Calc con  5.107183996583118E-004  3.606631754893312E-004
  3.478417696230410E-003  3.278911599226153E-003  3.144239533840823E-003
  3.024453833481091E-003  2.857872054950235E-003 -4.121387557955951E-003
  3.218457691590328E-003  5.603679492658389E-003  6.186159223074106E-003
  5.867882897614703E-003  3.748160778118924E-004  5.129942008054161E-004
  5.828164453373612E-002  0.639608057626400     
 Design variables:  5.107183996583118E-004  3.606631754893312E-004
  3.478417696230410E-003  3.278911599226153E-003  3.144239533840823E-003
  3.024453833481091E-003  2.857872054950235E-003 -4.121387557955951E-003
  3.218457691590328E-003  5.603679492658389E-003  6.186159223074106E-003
  5.867882897614703E-003  3.748160778118924E-004  5.129942008054161E-004
  5.828164453373612E-002  0.639608057626400     
 Constraint value, mean lift and its standard deviation: -1.355754618720086E-002
  0.700425886678191       2.171708512274761E-002
 Calc obj  5.107183996583118E-004  3.606631754893312E-004
  3.478417696230410E-003  3.278911599226153E-003  3.144239533840823E-003
  3.024453833481091E-003  2.857872054950235E-003 -4.121387557955951E-003
  3.218457691590328E-003  5.603679492658389E-003  6.186159223074106E-003
  5.867882897614703E-003  3.748160778118924E-004  5.129942008054161E-004
  5.828164453373612E-002  0.639608057626400     
 Design variables:  5.107183996583118E-004  3.606631754893312E-004
  3.478417696230410E-003  3.278911599226153E-003  3.144239533840823E-003
  3.024453833481091E-003  2.857872054950235E-003 -4.121387557955951E-003
  3.218457691590328E-003  5.603679492658389E-003  6.186159223074106E-003
  5.867882897614703E-003  3.748160778118924E-004  5.129942008054161E-004
  5.828164453373612E-002  0.639608057626400     
 Mean drag value and variance:  5.053304666673255E-003  6.587401476374806E-008
    5  0.5053371E-02  0.1138587E-01  0.1302643E-03  0.7219875E-01  0.7984379E-05
 Calc con  3.670013202366760E-004  2.802209872744863E-004
  3.720661402755592E-003  3.538529796158798E-003  3.431716981370301E-003
  3.341319025430312E-003  3.195793755701963E-003 -4.235502994359807E-003
  3.260782680123480E-003  5.106890679854909E-003  6.023187636227775E-003
  6.277437132654420E-003  2.995042848804186E-004  3.595595099224040E-004
  5.681271541994934E-002  0.639660447725746     
 Design variables:  3.670013202366760E-004  2.802209872744863E-004
  3.720661402755592E-003  3.538529796158798E-003  3.431716981370301E-003
  3.341319025430312E-003  3.195793755701963E-003 -4.235502994359807E-003
  3.260782680123480E-003  5.106890679854909E-003  6.023187636227775E-003
  6.277437132654420E-003  2.995042848804186E-004  3.595595099224040E-004
  5.681271541994934E-002  0.639660447725746     
 Constraint value, mean lift and its standard deviation: -7.381052108271641E-004
  0.686013489438902       2.131884605701878E-002
 Calc obj  3.670013202366760E-004  2.802209872744863E-004
  3.720661402755592E-003  3.538529796158798E-003  3.431716981370301E-003
  3.341319025430312E-003  3.195793755701963E-003 -4.235502994359807E-003
  3.260782680123480E-003  5.106890679854909E-003  6.023187636227775E-003
  6.277437132654420E-003  2.995042848804186E-004  3.595595099224040E-004
  5.681271541994934E-002  0.639660447725746     
 Design variables:  3.670013202366760E-004  2.802209872744863E-004
  3.720661402755592E-003  3.538529796158798E-003  3.431716981370301E-003
  3.341319025430312E-003  3.195793755701963E-003 -4.235502994359807E-003
  3.260782680123480E-003  5.106890679854909E-003  6.023187636227775E-003
  6.277437132654420E-003  2.995042848804186E-004  3.595595099224040E-004
  5.681271541994934E-002  0.639660447725746     
 Mean drag value and variance:  4.871951775873896E-003  5.519426398186954E-008
    6  0.4872007E-02  0.1421123E-01  0.6012370E-03  0.6085700E-01  0.5180979E-05
 Calc con -7.972382425859921E-004 -8.806554602901715E-004
  8.858440619747752E-003  8.022832026649322E-003  7.406302575740985E-003
  6.889069698986080E-003  6.315476645426208E-003 -1.547104723457642E-003
  2.644643094214030E-003  3.839483073211812E-003  7.311997284304838E-003
  9.962784271326543E-003 -8.728820857078037E-004 -6.646916310106003E-004
  5.251401022955533E-002  0.634053601508611     
 Design variables: -7.972382425859921E-004 -8.806554602901715E-004
  8.858440619747752E-003  8.022832026649322E-003  7.406302575740985E-003
  6.889069698986080E-003  6.315476645426208E-003 -1.547104723457642E-003
  2.644643094214030E-003  3.839483073211812E-003  7.311997284304838E-003
  9.962784271326543E-003 -8.728820857078037E-004 -6.646916310106003E-004
  5.251401022955533E-002  0.634053601508611     
 Constraint value, mean lift and its standard deviation: -2.037366453862399E-002
  0.703213582740655       2.070997955050774E-002
 Calc obj -7.972382425859921E-004 -8.806554602901715E-004
  8.858440619747752E-003  8.022832026649322E-003  7.406302575740985E-003
  6.889069698986080E-003  6.315476645426208E-003 -1.547104723457642E-003
  2.644643094214030E-003  3.839483073211812E-003  7.311997284304838E-003
  9.962784271326543E-003 -8.728820857078037E-004 -6.646916310106003E-004
  5.251401022955533E-002  0.634053601508611     
 Design variables: -7.972382425859921E-004 -8.806554602901715E-004
  8.858440619747752E-003  8.022832026649322E-003  7.406302575740985E-003
  6.889069698986080E-003  6.315476645426208E-003 -1.547104723457642E-003
  2.644643094214030E-003  3.839483073211812E-003  7.311997284304838E-003
  9.962784271326543E-003 -8.728820857078037E-004 -6.646916310106003E-004
  5.251401022955533E-002  0.634053601508611     
 Mean drag value and variance:  4.773476571587497E-003  4.764605915105359E-008
 Calc con -7.439134072160635E-004 -8.347579841652197E-004
  8.838660996138963E-003  8.006974779979492E-003  7.393472720443055E-003
  6.878603230069376E-003  6.307052319530155E-003 -1.572762599633739E-003
  2.751969513690526E-003  3.930766546209608E-003  7.344615302783611E-003
  9.962784271326543E-003 -8.250382391180137E-004 -6.134287928234248E-004
  5.272071282145249E-002  0.633866931411374     
 Design variables: -7.439134072160635E-004 -8.347579841652197E-004
  8.838660996138963E-003  8.006974779979492E-003  7.393472720443055E-003
  6.878603230069376E-003  6.307052319530155E-003 -1.572762599633739E-003
  2.751969513690526E-003  3.930766546209608E-003  7.344615302783611E-003
  9.962784271326543E-003 -8.250382391180137E-004 -6.134287928234248E-004
  5.272071282145249E-002  0.633866931411374     
 Constraint value, mean lift and its standard deviation: -2.433005888555075E-002
  0.707406507049013       2.076911204086545E-002
 Calc obj -7.439134072160635E-004 -8.347579841652197E-004
  8.838660996138963E-003  8.006974779979492E-003  7.393472720443055E-003
  6.878603230069376E-003  6.307052319530155E-003 -1.572762599633739E-003
  2.751969513690526E-003  3.930766546209608E-003  7.344615302783611E-003
  9.962784271326543E-003 -8.250382391180137E-004 -6.134287928234248E-004
  5.272071282145249E-002  0.633866931411374     
 Design variables: -7.439134072160635E-004 -8.347579841652197E-004
  8.838660996138963E-003  8.006974779979492E-003  7.393472720443055E-003
  6.878603230069376E-003  6.307052319530155E-003 -1.572762599633739E-003
  2.751969513690526E-003  3.930766546209608E-003  7.344615302783611E-003
  9.962784271326543E-003 -8.250382391180137E-004 -6.134287928234248E-004
  5.272071282145249E-002  0.633866931411374     
 Mean drag value and variance:  4.811491918497723E-003  4.980835003681538E-008
 Calc con -7.413703353129062E-004 -8.325691244875575E-004
  8.837717701992702E-003  8.006218544762113E-003  7.392860862116561E-003
  6.878104082104960E-003  6.306650561768670E-003 -1.573986228802866E-003
  2.757087931777407E-003  3.935119873018666E-003  7.346170862510245E-003
  9.962784271326543E-003 -8.227565566494715E-004 -6.109840579721017E-004
  5.273057050877811E-002  0.633858029077665     
 Design variables: -7.413703353129062E-004 -8.325691244875575E-004
  8.837717701992702E-003  8.006218544762113E-003  7.392860862116561E-003
  6.878104082104960E-003  6.306650561768670E-003 -1.573986228802866E-003
  2.757087931777407E-003  3.935119873018666E-003  7.346170862510245E-003
  9.962784271326543E-003 -8.227565566494715E-004 -6.109840579721017E-004
  5.273057050877811E-002  0.633858029077665     
 Constraint value, mean lift and its standard deviation: -2.449302278884612E-002
  0.707595060691361       2.077550947562868E-002
 Calc obj -7.413703353129062E-004 -8.325691244875575E-004
  8.837717701992702E-003  8.006218544762113E-003  7.392860862116561E-003
  6.878104082104960E-003  6.306650561768670E-003 -1.573986228802866E-003
  2.757087931777407E-003  3.935119873018666E-003  7.346170862510245E-003
  9.962784271326543E-003 -8.227565566494715E-004 -6.109840579721017E-004
  5.273057050877811E-002  0.633858029077665     
 Design variables: -7.413703353129062E-004 -8.325691244875575E-004
  8.837717701992702E-003  8.006218544762113E-003  7.392860862116561E-003
  6.878104082104960E-003  6.306650561768670E-003 -1.573986228802866E-003
  2.757087931777407E-003  3.935119873018666E-003  7.346170862510245E-003
  9.962784271326543E-003 -8.227565566494715E-004 -6.109840579721017E-004
  5.273057050877811E-002  0.633858029077665     
 Mean drag value and variance:  4.811770833394244E-003  4.927199766420137E-008
 Calc con -7.410133914792427E-004 -8.322618976396944E-004
  8.837585301871250E-003  8.006112400104027E-003  7.392774982100172E-003
  6.878034022037934E-003  6.306594171323945E-003 -1.574157976556466E-003
  2.757806349440690E-003  3.935730902993274E-003  7.346389199809960E-003
  9.962784271326543E-003 -8.224363012581414E-004 -6.106409166598027E-004
  5.273195412703157E-002  0.633856779552192     
 Design variables: -7.410133914792427E-004 -8.322618976396944E-004
  8.837585301871250E-003  8.006112400104027E-003  7.392774982100172E-003
  6.878034022037934E-003  6.306594171323945E-003 -1.574157976556466E-003
  2.757806349440690E-003  3.935730902993274E-003  7.346389199809960E-003
  9.962784271326543E-003 -8.224363012581414E-004 -6.106409166598027E-004
  5.273195412703157E-002  0.633856779552192     
 Constraint value, mean lift and its standard deviation: -2.443367706297596E-002
  0.707626356061173       2.079816974954931E-002
 Calc obj -7.410133914792427E-004 -8.322618976396944E-004
  8.837585301871250E-003  8.006112400104027E-003  7.392774982100172E-003
  6.878034022037934E-003  6.306594171323945E-003 -1.574157976556466E-003
  2.757806349440690E-003  3.935730902993274E-003  7.346389199809960E-003
  9.962784271326543E-003 -8.224363012581414E-004 -6.106409166598027E-004
  5.273195412703157E-002  0.633856779552192     
 Design variables: -7.410133914792427E-004 -8.322618976396944E-004
  8.837585301871250E-003  8.006112400104027E-003  7.392774982100172E-003
  6.878034022037934E-003  6.306594171323945E-003 -1.574157976556466E-003
  2.757806349440690E-003  3.935730902993274E-003  7.346389199809960E-003
  9.962784271326543E-003 -8.224363012581414E-004 -6.106409166598027E-004
  5.273195412703157E-002  0.633856779552192     
 Mean drag value and variance:  4.814097265782951E-003  5.080533807760526E-008
 Calc con -2.151184611746581E-004 -3.002172365078426E-004
  6.289551011251672E-003  5.780680911404060E-003  5.419009778555643E-003
  5.115194362208196E-003  4.755635200564086E-003 -2.891303858908724E-003
  2.952712887168755E-003  4.473186876533360E-003  6.667592460266307E-003
  8.120110701990483E-003 -2.866889004136926E-004 -1.525660605440982E-004
  5.466336282475233E-002  0.636857024617179     
 Design variables: -2.151184611746581E-004 -3.002172365078426E-004
  6.289551011251672E-003  5.780680911404060E-003  5.419009778555643E-003
  5.115194362208196E-003  4.755635200564086E-003 -2.891303858908724E-003
  2.952712887168755E-003  4.473186876533360E-003  6.667592460266307E-003
  8.120110701990483E-003 -2.866889004136926E-004 -1.525660605440982E-004
  5.466336282475233E-002  0.636857024617179     
 Constraint value, mean lift and its standard deviation: -1.127630087250274E-002
  0.695091817476785       2.095387915107061E-002
 Calc obj -2.151184611746581E-004 -3.002172365078426E-004
  6.289551011251672E-003  5.780680911404060E-003  5.419009778555643E-003
  5.115194362208196E-003  4.755635200564086E-003 -2.891303858908724E-003
  2.952712887168755E-003  4.473186876533360E-003  6.667592460266307E-003
  8.120110701990483E-003 -2.866889004136926E-004 -1.525660605440982E-004
  5.466336282475233E-002  0.636857024617179     
 Design variables: -2.151184611746581E-004 -3.002172365078426E-004
  6.289551011251672E-003  5.780680911404060E-003  5.419009778555643E-003
  5.115194362208196E-003  4.755635200564086E-003 -2.891303858908724E-003
  2.952712887168755E-003  4.473186876533360E-003  6.667592460266307E-003
  8.120110701990483E-003 -2.866889004136926E-004 -1.525660605440982E-004
  5.466336282475233E-002  0.636857024617179     
 Mean drag value and variance:  4.808341363734804E-003  4.956331771006702E-008
    7  0.4808391E-02  0.3108987E-01  0.1782099E-02  0.4610450E-01  0.1420301E-03
 Calc con  1.420337907220711E-004  1.759458690555064E-005
  7.388462584496099E-003  6.888551804109192E-003  6.456979996456919E-003
  6.076227243346380E-003  5.658442059087834E-003 -1.059380590929145E-004
  2.528564488419759E-003  4.770592696560354E-003  7.105231852427351E-003
  7.970358366371206E-003  3.644677916855968E-005  1.607949926403287E-004
  5.062051832273886E-002  0.623970424120087     
 Design variables:  1.420337907220711E-004  1.759458690555064E-005
  7.388462584496099E-003  6.888551804109192E-003  6.456979996456919E-003
  6.076227243346380E-003  5.658442059087834E-003 -1.059380590929145E-004
  2.528564488419759E-003  4.770592696560354E-003  7.105231852427351E-003
  7.970358366371206E-003  3.644677916855968E-005  1.607949926403287E-004
  5.062051832273886E-002  0.623970424120087     
 Constraint value, mean lift and its standard deviation: -3.908514758134932E-003
  0.683010434381764       1.977547990590727E-002
 Calc obj  1.420337907220711E-004  1.759458690555064E-005
  7.388462584496099E-003  6.888551804109192E-003  6.456979996456919E-003
  6.076227243346380E-003  5.658442059087834E-003 -1.059380590929145E-004
  2.528564488419759E-003  4.770592696560354E-003  7.105231852427351E-003
  7.970358366371206E-003  3.644677916855968E-005  1.607949926403287E-004
  5.062051832273886E-002  0.623970424120087     
 Design variables:  1.420337907220711E-004  1.759458690555064E-005
  7.388462584496099E-003  6.888551804109192E-003  6.456979996456919E-003
  6.076227243346380E-003  5.658442059087834E-003 -1.059380590929145E-004
  2.528564488419759E-003  4.770592696560354E-003  7.105231852427351E-003
  7.970358366371206E-003  3.644677916855968E-005  1.607949926403287E-004
  5.062051832273886E-002  0.623970424120087     
 Mean drag value and variance:  4.583904930687175E-003  3.991113632525979E-008
    8  0.4583945E-02  0.1288660E-01  0.4281745E-02  0.1603741E-01  0.6969833E-04
 Calc con  5.478532089086282E-004  3.403670224166044E-004
  8.657885846290368E-003  8.382132487794125E-003  8.116050881515947E-003
  7.868550182879836E-003  7.599687109926473E-003  5.092956786079370E-003
  3.112132048503590E-003  7.779188483897814E-003  8.821593989598853E-003
  8.968133216180844E-003  3.840742610080169E-004  5.508348347816409E-004
  4.173099345335721E-002  0.600239694341201     
 Design variables:  5.478532089086282E-004  3.403670224166044E-004
  8.657885846290368E-003  8.382132487794125E-003  8.116050881515947E-003
  7.868550182879836E-003  7.599687109926473E-003  5.092956786079370E-003
  3.112132048503590E-003  7.779188483897814E-003  8.821593989598853E-003
  8.968133216180844E-003  3.840742610080169E-004  5.508348347816409E-004
  4.173099345335721E-002  0.600239694341201     
 Constraint value, mean lift and its standard deviation:  5.589035708063128E-003
  0.668105894008450       1.842373242912829E-002
 Calc obj  5.478532089086282E-004  3.403670224166044E-004
  8.657885846290368E-003  8.382132487794125E-003  8.116050881515947E-003
  7.868550182879836E-003  7.599687109926473E-003  5.092956786079370E-003
  3.112132048503590E-003  7.779188483897814E-003  8.821593989598853E-003
  8.968133216180844E-003  3.840742610080169E-004  5.508348347816409E-004
  4.173099345335721E-002  0.600239694341201     
 Design variables:  5.478532089086282E-004  3.403670224166044E-004
  8.657885846290368E-003  8.382132487794125E-003  8.116050881515947E-003
  7.868550182879836E-003  7.599687109926473E-003  5.092956786079370E-003
  3.112132048503590E-003  7.779188483897814E-003  8.821593989598853E-003
  8.968133216180844E-003  3.840742610080169E-004  5.508348347816409E-004
  4.173099345335721E-002  0.600239694341201     
 Mean drag value and variance:  4.376045233063133E-003  2.864782418477248E-008
    9  0.4376074E-02  0.2373421E-01  0.7806479E-02  0.1639956E-01  0.1785045E-04
 Calc con  9.780349665466756E-004  8.842044371716634E-004
  9.239720069997933E-003  9.119869521273393E-003  9.018341349398908E-003
  8.934712067563135E-003  8.853075602236905E-003  2.933193392561390E-003
  6.116505118659599E-003  9.782608848033569E-003  9.633221864159523E-003
  9.584261781071199E-003  9.155762254235183E-004  9.648700154313019E-004
  3.621480235107075E-002  0.602965412753323     
 Design variables:  9.780349665466756E-004  8.842044371716634E-004
  9.239720069997933E-003  9.119869521273393E-003  9.018341349398908E-003
  8.934712067563135E-003  8.853075602236905E-003  2.933193392561390E-003
  6.116505118659599E-003  9.782608848033569E-003  9.633221864159523E-003
  9.584261781071199E-003  9.155762254235183E-004  9.648700154313019E-004
  3.621480235107075E-002  0.602965412753323     
 Constraint value, mean lift and its standard deviation:  1.554549262459959E-003
  0.672947904106579       1.862561334225978E-002
 Calc obj  9.780349665466756E-004  8.842044371716634E-004
  9.239720069997933E-003  9.119869521273393E-003  9.018341349398908E-003
  8.934712067563135E-003  8.853075602236905E-003  2.933193392561390E-003
  6.116505118659599E-003  9.782608848033569E-003  9.633221864159523E-003
  9.584261781071199E-003  9.155762254235183E-004  9.648700154313019E-004
  3.621480235107075E-002  0.602965412753323     
 Design variables:  9.780349665466756E-004  8.842044371716634E-004
  9.239720069997933E-003  9.119869521273393E-003  9.018341349398908E-003
  8.934712067563135E-003  8.853075602236905E-003  2.933193392561390E-003
  6.116505118659599E-003  9.782608848033569E-003  9.633221864159523E-003
  9.584261781071199E-003  9.155762254235183E-004  9.648700154313019E-004
  3.621480235107075E-002  0.602965412753323     
 Mean drag value and variance:  4.389874102126465E-003  2.937448738531823E-008
   10  0.4389903E-02  0.5516191E-02  0.3044362E-02  0.1651583E-01  0.1254612E-04
 Calc con  7.155927686295169E-004  5.395494820904963E-004
  8.557919155858854E-003  8.345786432021161E-003  8.157218205462471E-003
  7.986174656482067E-003  7.796773047104679E-003  1.275534481137310E-003
  9.370958153722523E-003  8.310841733847225E-003  8.967114175499283E-003
  9.043643044328753E-003  5.846056030248941E-004  7.056620867661836E-004
  4.014210713355408E-002  0.603440698399737     
 Design variables:  7.155927686295169E-004  5.395494820904963E-004
  8.557919155858854E-003  8.345786432021161E-003  8.157218205462471E-003
  7.986174656482067E-003  7.796773047104679E-003  1.275534481137310E-003
  9.370958153722523E-003  8.310841733847225E-003  8.967114175499283E-003
  9.043643044328753E-003  5.846056030248941E-004  7.056620867661836E-004
  4.014210713355408E-002  0.603440698399737     
 Constraint value, mean lift and its standard deviation: -4.469021874932283E-003
  0.679870498142162       1.885036906680753E-002
 Calc obj  7.155927686295169E-004  5.395494820904963E-004
  8.557919155858854E-003  8.345786432021161E-003  8.157218205462471E-003
  7.986174656482067E-003  7.796773047104679E-003  1.275534481137310E-003
  9.370958153722523E-003  8.310841733847225E-003  8.967114175499283E-003
  9.043643044328753E-003  5.846056030248941E-004  7.056620867661836E-004
  4.014210713355408E-002  0.603440698399737     
 Design variables:  7.155927686295169E-004  5.395494820904963E-004
  8.557919155858854E-003  8.345786432021161E-003  8.157218205462471E-003
  7.986174656482067E-003  7.796773047104679E-003  1.275534481137310E-003
  9.370958153722523E-003  8.310841733847225E-003  8.967114175499283E-003
  9.043643044328753E-003  5.846056030248941E-004  7.056620867661836E-004
  4.014210713355408E-002  0.603440698399737     
 Mean drag value and variance:  4.513198216563897E-003  3.228303678251399E-008
   11  0.4513230E-02  0.3927305E-02  0.1220462E-02  0.1749155E-01  0.2894969E-04
 Calc con  9.641802135431523E-004  8.227088576137345E-004
  9.399885328442104E-003  9.302810630918095E-003  9.224833841355522E-003
  9.168959727597299E-003  9.124673325110102E-003  2.199451886699370E-003
  9.471313100679229E-003  9.556248693557312E-003  9.672182444811352E-003
  9.671482856974821E-003  8.719251003791477E-004  9.611589650116905E-004
  3.481185423245610E-002  0.600889239460640     
 Design variables:  9.641802135431523E-004  8.227088576137345E-004
  9.399885328442104E-003  9.302810630918095E-003  9.224833841355522E-003
  9.168959727597299E-003  9.124673325110102E-003  2.199451886699370E-003
  9.471313100679229E-003  9.556248693557312E-003  9.672182444811352E-003
  9.671482856974821E-003  8.719251003791477E-004  9.611589650116905E-004
  3.481185423245610E-002  0.600889239460640     
 Constraint value, mean lift and its standard deviation:  2.108835254087019E-003
  0.672454575779385       1.864085275836802E-002
 Calc obj  9.641802135431523E-004  8.227088576137345E-004
  9.399885328442104E-003  9.302810630918095E-003  9.224833841355522E-003
  9.168959727597299E-003  9.124673325110102E-003  2.199451886699370E-003
  9.471313100679229E-003  9.556248693557312E-003  9.672182444811352E-003
  9.671482856974821E-003  8.719251003791477E-004  9.611589650116905E-004
  3.481185423245610E-002  0.600889239460640     
 Design variables:  9.641802135431523E-004  8.227088576137345E-004
  9.399885328442104E-003  9.302810630918095E-003  9.224833841355522E-003
  9.168959727597299E-003  9.124673325110102E-003  2.199451886699370E-003
  9.471313100679229E-003  9.556248693557312E-003  9.672182444811352E-003
  9.671482856974821E-003  8.719251003791477E-004  9.611589650116905E-004
  3.481185423245610E-002  0.600889239460640     
 Mean drag value and variance:  4.426343589006455E-003  2.973667994480477E-008
   12  0.4426373E-02  0.5330253E-02  0.2984290E-02  0.1461315E-01  0.5157577E-05
 Calc con  1.227605088972780E-003  1.217839761837211E-003
  9.960061696035059E-003  9.952698133056812E-003  9.945793290457278E-003
  9.939595510007311E-003  9.933053883412268E-003  3.067615015556900E-003
  9.942664030073937E-003  9.963069409655245E-003  9.978961432199732E-003
  9.978595897737939E-003  1.217111380941598E-003  1.223920250636040E-003
  3.135791294219240E-002  0.600010820314652     
 Design variables:  1.227605088972780E-003  1.217839761837211E-003
  9.960061696035059E-003  9.952698133056812E-003  9.945793290457278E-003
  9.939595510007311E-003  9.933053883412268E-003  3.067615015556900E-003
  9.942664030073937E-003  9.963069409655245E-003  9.978961432199732E-003
  9.978595897737939E-003  1.217111380941598E-003  1.223920250636040E-003
  3.135791294219240E-002  0.600010820314652     
 Constraint value, mean lift and its standard deviation:  1.909811942894982E-003
  0.672410518047862       1.858008249768925E-002
 Calc obj  1.227605088972780E-003  1.217839761837211E-003
  9.960061696035059E-003  9.952698133056812E-003  9.945793290457278E-003
  9.939595510007311E-003  9.933053883412268E-003  3.067615015556900E-003
  9.942664030073937E-003  9.963069409655245E-003  9.978961432199732E-003
  9.978595897737939E-003  1.217111380941598E-003  1.223920250636040E-003
  3.135791294219240E-002  0.600010820314652     
 Design variables:  1.227605088972780E-003  1.217839761837211E-003
  9.960061696035059E-003  9.952698133056812E-003  9.945793290457278E-003
  9.939595510007311E-003  9.933053883412268E-003  3.067615015556900E-003
  9.942664030073937E-003  9.963069409655245E-003  9.978961432199732E-003
  9.978595897737939E-003  1.217111380941598E-003  1.223920250636040E-003
  3.135791294219240E-002  0.600010820314652     
 Mean drag value and variance:  4.424606222009022E-003  2.916327589198197E-008
   13  0.4424635E-02  0.3453941E-02  0.1991070E-02  0.1533344E-01  0.7423128E-06
 Calc con  1.249161892149063E-003  1.248817634149786E-003
  9.997363275348675E-003  9.997368168106752E-003  9.997265249679962E-003
  9.996774317826480E-003  9.995595790813638E-003  5.935675621821034E-003
  9.994747730443274E-003  9.997264090915094E-003  9.997571545634123E-003
  9.997666979758540E-003  1.249321199663109E-003  1.249669959443667E-003
  2.994549219491417E-002  0.600015262426009     
 Design variables:  1.249161892149063E-003  1.248817634149786E-003
  9.997363275348675E-003  9.997368168106752E-003  9.997265249679962E-003
  9.996774317826480E-003  9.995595790813638E-003  5.935675621821034E-003
  9.994747730443274E-003  9.997264090915094E-003  9.997571545634123E-003
  9.997666979758540E-003  1.249321199663109E-003  1.249669959443667E-003
  2.994549219491417E-002  0.600015262426009     
 Constraint value, mean lift and its standard deviation:  1.564635355648519E-003
  0.673331278149891       1.872397837638492E-002
 Calc obj  1.249161892149063E-003  1.248817634149786E-003
  9.997363275348675E-003  9.997368168106752E-003  9.997265249679962E-003
  9.996774317826480E-003  9.995595790813638E-003  5.935675621821034E-003
  9.994747730443274E-003  9.997264090915094E-003  9.997571545634123E-003
  9.997666979758540E-003  1.249321199663109E-003  1.249669959443667E-003
  2.994549219491417E-002  0.600015262426009     
 Design variables:  1.249161892149063E-003  1.248817634149786E-003
  9.997363275348675E-003  9.997368168106752E-003  9.997265249679962E-003
  9.996774317826480E-003  9.995595790813638E-003  5.935675621821034E-003
  9.994747730443274E-003  9.997264090915094E-003  9.997571545634123E-003
  9.997666979758540E-003  1.249321199663109E-003  1.249669959443667E-003
  2.994549219491417E-002  0.600015262426009     
 Mean drag value and variance:  4.512630627587414E-003  3.058248403226831E-008
   14  0.4512661E-02  0.2868061E-02  0.1574619E-02  0.1781955E-01  0.1334374E-06
 Calc con  1.244372351608488E-003  1.241828228023555E-003
  9.986632203043118E-003  9.985050766915275E-003  9.983571560678570E-003
  9.981873366212124E-003  9.979372321281856E-003  9.959366656218211E-003
  9.977260322084396E-003  9.988452982502722E-003  9.991041275379045E-003
  9.991201036519789E-003  1.243032065509324E-003  1.244784353775632E-003
  2.808511280683842E-002  0.600036541094453     
 Design variables:  1.244372351608488E-003  1.241828228023555E-003
  9.986632203043118E-003  9.985050766915275E-003  9.983571560678570E-003
  9.981873366212124E-003  9.979372321281856E-003  9.959366656218211E-003
  9.977260322084396E-003  9.988452982502722E-003  9.991041275379045E-003
  9.991201036519789E-003  1.243032065509324E-003  1.244784353775632E-003
  2.808511280683842E-002  0.600036541094453     
 Constraint value, mean lift and its standard deviation:  3.281215452300743E-003
  0.672079404110473       1.884015489069337E-002
 Calc obj  1.244372351608488E-003  1.241828228023555E-003
  9.986632203043118E-003  9.985050766915275E-003  9.983571560678570E-003
  9.981873366212124E-003  9.979372321281856E-003  9.959366656218211E-003
  9.977260322084396E-003  9.988452982502722E-003  9.991041275379045E-003
  9.991201036519789E-003  1.243032065509324E-003  1.244784353775632E-003
  2.808511280683842E-002  0.600036541094453     
 Design variables:  1.244372351608488E-003  1.241828228023555E-003
  9.986632203043118E-003  9.985050766915275E-003  9.983571560678570E-003
  9.981873366212124E-003  9.979372321281856E-003  9.959366656218211E-003
  9.977260322084396E-003  9.988452982502722E-003  9.991041275379045E-003
  9.991201036519789E-003  1.243032065509324E-003  1.244784353775632E-003
  2.808511280683842E-002  0.600036541094453     
 Mean drag value and variance:  4.631953679518515E-003  3.292563677072583E-008
   15  0.4631987E-02  0.2049368E+00  0.3313368E-02  0.4433664E-01  0.1035489E-04
 Calc con  1.087838109904477E-003  1.029982454823777E-003
  9.574427013284089E-003  9.489095987635693E-003  9.405536002263850E-003
  9.333581706927387E-003  9.266434837057490E-003  9.478236670712924E-003
  9.681455687091561E-003  9.725664153203762E-003  9.720002128728141E-003
  9.677845710635458E-003  9.543070414538884E-004  1.029519224611152E-003
  3.134180615181542E-002  0.600120647277164     
 Design variables:  1.087838109904477E-003  1.029982454823777E-003
  9.574427013284089E-003  9.489095987635693E-003  9.405536002263850E-003
  9.333581706927387E-003  9.266434837057490E-003  9.478236670712924E-003
  9.681455687091561E-003  9.725664153203762E-003  9.720002128728141E-003
  9.677845710635458E-003  9.543070414538884E-004  1.029519224611152E-003
  3.134180615181542E-002  0.600120647277164     
 Constraint value, mean lift and its standard deviation: -2.129358942600537E-003
  0.677961354371572       1.895799885724293E-002
 Calc obj  1.087838109904477E-003  1.029982454823777E-003
  9.574427013284089E-003  9.489095987635693E-003  9.405536002263850E-003
  9.333581706927387E-003  9.266434837057490E-003  9.478236670712924E-003
  9.681455687091561E-003  9.725664153203762E-003  9.720002128728141E-003
  9.677845710635458E-003  9.543070414538884E-004  1.029519224611152E-003
  3.134180615181542E-002  0.600120647277164     
 Design variables:  1.087838109904477E-003  1.029982454823777E-003
  9.574427013284089E-003  9.489095987635693E-003  9.405536002263850E-003
  9.333581706927387E-003  9.266434837057490E-003  9.478236670712924E-003
  9.681455687091561E-003  9.725664153203762E-003  9.720002128728141E-003
  9.677845710635458E-003  9.543070414538884E-004  1.029519224611152E-003
  3.134180615181542E-002  0.600120647277164     
 Mean drag value and variance:  4.675233931322518E-003  3.549264623186227E-008
   16  0.4675269E-02  0.3256693E-02  0.1436096E-02  0.1967949E-02  0.4429654E-05
 Calc con  1.151067544967468E-003  1.107497434814718E-003
  9.763984246688692E-003  9.724259084850412E-003  9.687070580159080E-003
  9.652990088763800E-003  9.615443663853996E-003  9.738706771200761E-003
  9.779547786237460E-003  9.800132660776732E-003  9.812812197668245E-003
  9.820240368633914E-003  1.102027570244272E-003  1.138528726789762E-003
  2.984848285558746E-002  0.600648918998506     
 Design variables:  1.151067544967468E-003  1.107497434814718E-003
  9.763984246688692E-003  9.724259084850412E-003  9.687070580159080E-003
  9.652990088763800E-003  9.615443663853996E-003  9.738706771200761E-003
  9.779547786237460E-003  9.800132660776732E-003  9.812812197668245E-003
  9.820240368633914E-003  1.102027570244272E-003  1.138528726789762E-003
  2.984848285558746E-002  0.600648918998506     
 Constraint value, mean lift and its standard deviation:  1.346300472373774E-004
  0.675638875386297       1.894337635838348E-002
 Calc obj  1.151067544967468E-003  1.107497434814718E-003
  9.763984246688692E-003  9.724259084850412E-003  9.687070580159080E-003
  9.652990088763800E-003  9.615443663853996E-003  9.738706771200761E-003
  9.779547786237460E-003  9.800132660776732E-003  9.812812197668245E-003
  9.820240368633914E-003  1.102027570244272E-003  1.138528726789762E-003
  2.984848285558746E-002  0.600648918998506     
 Design variables:  1.151067544967468E-003  1.107497434814718E-003
  9.763984246688692E-003  9.724259084850412E-003  9.687070580159080E-003
  9.652990088763800E-003  9.615443663853996E-003  9.738706771200761E-003
  9.779547786237460E-003  9.800132660776732E-003  9.812812197668245E-003
  9.820240368633914E-003  1.102027570244272E-003  1.138528726789762E-003
  2.984848285558746E-002  0.600648918998506     
 Mean drag value and variance:  4.659101250833253E-003  3.410222774919466E-008
   17  0.4659135E-02  0.1493323E-02  0.6619428E-03  0.8551825E-02  0.4429654E-05
 Calc con  1.231427816118033E-003  1.220260471100280E-003
  9.960097046533434E-003  9.953742273056544E-003  9.949286312040581E-003
  9.947145644182195E-003  9.947556385460556E-003  9.958426252329585E-003
  9.956401786315438E-003  9.960016034581371E-003  9.966458588978199E-003
  9.974673449497375E-003  1.231470423664073E-003  1.235598833383417E-003
  2.850422943742588E-002  0.600511765016974     
 Design variables:  1.231427816118033E-003  1.220260471100280E-003
  9.960097046533434E-003  9.953742273056544E-003  9.949286312040581E-003
  9.947145644182195E-003  9.947556385460556E-003  9.958426252329585E-003
  9.956401786315438E-003  9.960016034581371E-003  9.966458588978199E-003
  9.974673449497375E-003  1.231470423664073E-003  1.235598833383417E-003
  2.850422943742588E-002  0.600511765016974     
 Constraint value, mean lift and its standard deviation:  7.972380801040818E-004
  0.674955828236152       1.893826657906396E-002
 Calc obj  1.231427816118033E-003  1.220260471100280E-003
  9.960097046533434E-003  9.953742273056544E-003  9.949286312040581E-003
  9.947145644182195E-003  9.947556385460556E-003  9.958426252329585E-003
  9.956401786315438E-003  9.960016034581371E-003  9.966458588978199E-003
  9.974673449497375E-003  1.231470423664073E-003  1.235598833383417E-003
  2.850422943742588E-002  0.600511765016974     
 Design variables:  1.231427816118033E-003  1.220260471100280E-003
  9.960097046533434E-003  9.953742273056544E-003  9.949286312040581E-003
  9.947145644182195E-003  9.947556385460556E-003  9.958426252329585E-003
  9.956401786315438E-003  9.960016034581371E-003  9.966458588978199E-003
  9.974673449497375E-003  1.231470423664073E-003  1.235598833383417E-003
  2.850422943742588E-002  0.600511765016974     
 Mean drag value and variance:  4.657298210880029E-003  3.353477084180707E-008
 Calc con  1.231785504965175E-003  1.220752577917869E-003
  9.960922812115048E-003  9.954665197651329E-003  9.950265566456108E-003
  9.948130745281407E-003  9.948489963736106E-003  9.959467886027197E-003
  9.957262372679149E-003  9.960731390758253E-003  9.967126455366541E-003
  9.975318173961457E-003  1.231914636883929E-003  1.235961356859179E-003
  2.859704841048625E-002  0.600508370368147     
 Design variables:  1.231785504965175E-003  1.220752577917869E-003
  9.960922812115048E-003  9.954665197651329E-003  9.950265566456108E-003
  9.948130745281407E-003  9.948489963736106E-003  9.959467886027197E-003
  9.957262372679149E-003  9.960731390758253E-003  9.967126455366541E-003
  9.975318173961457E-003  1.231914636883929E-003  1.235961356859179E-003
  2.859704841048625E-002  0.600508370368147     
 Constraint value, mean lift and its standard deviation: -6.774352455109212E-005
  0.675815832386810       1.893702221556467E-002
 Calc obj  1.231785504965175E-003  1.220752577917869E-003
  9.960922812115048E-003  9.954665197651329E-003  9.950265566456108E-003
  9.948130745281407E-003  9.948489963736106E-003  9.959467886027197E-003
  9.957262372679149E-003  9.960731390758253E-003  9.967126455366541E-003
  9.975318173961457E-003  1.231914636883929E-003  1.235961356859179E-003
  2.859704841048625E-002  0.600508370368147     
 Design variables:  1.231785504965175E-003  1.220752577917869E-003
  9.960922812115048E-003  9.954665197651329E-003  9.950265566456108E-003
  9.948130745281407E-003  9.948489963736106E-003  9.959467886027197E-003
  9.957262372679149E-003  9.960731390758253E-003  9.967126455366541E-003
  9.975318173961457E-003  1.231914636883929E-003  1.235961356859179E-003
  2.859704841048625E-002  0.600508370368147     
 Mean drag value and variance:  4.664972144551939E-003  3.399597821805554E-008
   18  0.4665006E-02  0.1344253E-02  0.2922585E-04  0.3140972E-02  0.2914279E-06
 Calc con  1.224453997520227E-003  1.212713690377211E-003
  9.940061530472239E-003  9.930501507005264E-003  9.922119606533124E-003
  9.915006355961467E-003  9.907851183173125E-003  9.932197038890075E-003
  9.941653702187402E-003  9.947721430603072E-003  9.952213944935848E-003
  9.956194925653193E-003  1.216190434488357E-003  1.223893294255928E-003
  2.879531046027681E-002  0.600001586808750     
 Design variables:  1.224453997520227E-003  1.212713690377211E-003
  9.940061530472239E-003  9.930501507005264E-003  9.922119606533124E-003
  9.915006355961467E-003  9.907851183173125E-003  9.932197038890075E-003
  9.941653702187402E-003  9.947721430603072E-003  9.952213944935848E-003
  9.956194925653193E-003  1.216190434488357E-003  1.223893294255928E-003
  2.879531046027681E-002  0.600001586808750     
 Constraint value, mean lift and its standard deviation: -2.456700308093723E-004
  0.675829539627824       1.889596739925366E-002
 Calc obj  1.224453997520227E-003  1.212713690377211E-003
  9.940061530472239E-003  9.930501507005264E-003  9.922119606533124E-003
  9.915006355961467E-003  9.907851183173125E-003  9.932197038890075E-003
  9.941653702187402E-003  9.947721430603072E-003  9.952213944935848E-003
  9.956194925653193E-003  1.216190434488357E-003  1.223893294255928E-003
  2.879531046027681E-002  0.600001586808750     
 Design variables:  1.224453997520227E-003  1.212713690377211E-003
  9.940061530472239E-003  9.930501507005264E-003  9.922119606533124E-003
  9.915006355961467E-003  9.907851183173125E-003  9.932197038890075E-003
  9.941653702187402E-003  9.947721430603072E-003  9.952213944935848E-003
  9.956194925653193E-003  1.216190434488357E-003  1.223893294255928E-003
  2.879531046027681E-002  0.600001586808750     
 Mean drag value and variance:  4.661869556602049E-003  3.390561513616345E-008
   19  0.4661903E-02  0.5083417E-03  0.1217899E-03  0.7582640E-03  0.1052843E-05
 Calc con  1.248965954769238E-003  1.248298528975696E-003
  9.997881044734274E-003  9.997447815902255E-003  9.997054058078075E-003
  9.996724339325205E-003  9.996399257436764E-003  9.997375643165433E-003
  9.998011255551999E-003  9.998237157989424E-003  9.998383250824857E-003
  9.998480320434697E-003  1.248386117468244E-003  1.248850718364770E-003
  2.836928965577027E-002  0.600003468352582     
 Design variables:  1.248965954769238E-003  1.248298528975696E-003
  9.997881044734274E-003  9.997447815902255E-003  9.997054058078075E-003
  9.996724339325205E-003  9.996399257436764E-003  9.997375643165433E-003
  9.998011255551999E-003  9.998237157989424E-003  9.998383250824857E-003
  9.998480320434697E-003  1.248386117468244E-003  1.248850718364770E-003
  2.836928965577027E-002  0.600003468352582     
 Constraint value, mean lift and its standard deviation:  5.130344464786829E-004
  0.675330048929005       1.896077084387080E-002
 Calc obj  1.248965954769238E-003  1.248298528975696E-003
  9.997881044734274E-003  9.997447815902255E-003  9.997054058078075E-003
  9.996724339325205E-003  9.996399257436764E-003  9.997375643165433E-003
  9.998011255551999E-003  9.998237157989424E-003  9.998383250824857E-003
  9.998480320434697E-003  1.248386117468244E-003  1.248850718364770E-003
  2.836928965577027E-002  0.600003468352582     
 Design variables:  1.248965954769238E-003  1.248298528975696E-003
  9.997881044734274E-003  9.997447815902255E-003  9.997054058078075E-003
  9.996724339325205E-003  9.996399257436764E-003  9.997375643165433E-003
  9.998011255551999E-003  9.998237157989424E-003  9.998383250824857E-003
  9.998480320434697E-003  1.248386117468244E-003  1.248850718364770E-003
  2.836928965577027E-002  0.600003468352582     
 Mean drag value and variance:  4.660205054901241E-003  3.363386712415482E-008
   20  0.4660239E-02  0.4260208E-03  0.5165820E-03  0.1473149E-03  0.2171259E-07
 Calc con  1.250003599434881E-003  1.250000266918566E-003
  9.999994725622548E-003  9.999991593290018E-003  9.999988481257579E-003
  9.999985188622679E-003  9.999980566878543E-003  9.999989227222379E-003
  9.999993140520930E-003  9.999993933228132E-003  9.999995846632909E-003
  9.999997832911601E-003  1.249999428214185E-003  1.250002413857777E-003
  2.841407374053158E-002  0.600000033716855     
 Design variables:  1.250003599434881E-003  1.250000266918566E-003
  9.999994725622548E-003  9.999991593290018E-003  9.999988481257579E-003
  9.999985188622679E-003  9.999980566878543E-003  9.999989227222379E-003
  9.999993140520930E-003  9.999993933228132E-003  9.999995846632909E-003
  9.999997832911601E-003  1.249999428214185E-003  1.250002413857777E-003
  2.841407374053158E-002  0.600000033716855     
 Constraint value, mean lift and its standard deviation: -1.408048486438024E-004
  0.675862531644414       1.893043169894245E-002
 Calc obj  1.250003599434881E-003  1.250000266918566E-003
  9.999994725622548E-003  9.999991593290018E-003  9.999988481257579E-003
  9.999985188622679E-003  9.999980566878543E-003  9.999989227222379E-003
  9.999993140520930E-003  9.999993933228132E-003  9.999995846632909E-003
  9.999997832911601E-003  1.249999428214185E-003  1.250002413857777E-003
  2.841407374053158E-002  0.600000033716855     
 Design variables:  1.250003599434881E-003  1.250000266918566E-003
  9.999994725622548E-003  9.999991593290018E-003  9.999988481257579E-003
  9.999985188622679E-003  9.999980566878543E-003  9.999989227222379E-003
  9.999993140520930E-003  9.999993933228132E-003  9.999995846632909E-003
  9.999997832911601E-003  1.249999428214185E-003  1.250002413857777E-003
  2.841407374053158E-002  0.600000033716855     
 Mean drag value and variance:  4.714820321259269E-003  1.132237688335108E-007
   21  0.4714934E-02  0.4478408E-04  0.1407851E-03  0.2780320E-01  0.2336907E-09
 
 The solution was found.
 
 The final value of the objective function is   4.714933545028103E-003
 
 The optimal values of X are:
 
 X  (           1 ) =   1.250000000000000E-003
 X  (           2 ) =   1.250000000000000E-003
 X  (           3 ) =   9.999994725622548E-003
 X  (           4 ) =   9.999991593290018E-003
 X  (           5 ) =   9.999988481257579E-003
 X  (           6 ) =   9.999985188622679E-003
 X  (           7 ) =   9.999980566878543E-003
 X  (           8 ) =   9.999989227222379E-003
 X  (           9 ) =   9.999993140520930E-003
 X  (          10 ) =   9.999993933228132E-003
 X  (          11 ) =   9.999995846632909E-003
 X  (          12 ) =   9.999997832911601E-003
 X  (          13 ) =   1.249999428214185E-003
 X  (          14 ) =   1.250000000000000E-003
 X  (          15 ) =    1.62800650410596     
 X  (          16 ) =   0.600000033716855     
 
 The multipliers for the equality constraints are:
 
 LAM(           1 ) =   8.541780489767704E-003
 
 Mean drag and its variance:  4.714820321259269E-003  1.132237688335108E-007
