           1  0.903269016756258       2.676477841701178E-002
           2  0.804051544851044       1.866737898583995E-002
           3  0.602052657447560       1.276131149846052E-002
           4  0.501866158189287       1.102880677593013E-002
           5  0.399694860583434       9.470520169010394E-003
           6  0.301158507701292       8.013092577951068E-003
           7  0.205346444050076       6.520552048122307E-003
           8  0.202450889381161       1.255942791638827E-002
           9  0.301538478396521       1.363812178160839E-002
          10  0.402014946835827       1.420923804462652E-002
          11  0.504570952907477       1.470672384186664E-002
          12  0.604736568670243       1.546528850691918E-002
          13  0.803383624472688       2.008740584768776E-002
          14  0.901823325566936       2.777265410906873E-002
          15  2.721290308003649E-002
          16  2.569902284173877E-003
